1,0.0028438961077844314
2,0.00286036951810075
3,0.002855756343439157
4,0.0028468044607582997
5,0.002852881391852856
6,0.002841016354339087
7,0.0028443917174796754
8,0.0028517965501845457
9,0.00285465434030883
10,0.002854134315064426
11,0.0028445286846932134
12,0.002854138778530901
13,0.0028484526422400953
14,0.0028557475966376608
15,0.002866847798854688
16,0.002853038762446657
17,0.002869262176227792
18,0.0028539662013662014
19,0.002853428566350711
20,0.002846631453961838
21,0.0028465975594640855
22,0.00285164506996324
23,0.002849966346381268
24,0.0028538256473926923
25,0.0028442034889930574
26,0.0028462630908876576
27,0.0028470748487723877
28,0.0028533253114891577
29,0.002848779779236277
30,0.0028480622152653547
31,0.0028510783156459364
32,0.0028511540361409976
33,0.002843600741156322
34,0.0028505651974779916
35,0.0028549343309859157
36,0.0028504790654260994
37,0.002849479946032499
38,0.0062217945262312635
39,0.0028493759130126463
40,0.0028395965031009726
41,0.0028869036462999464
42,0.002929541150631444
43,0.0028578290974857687
44,0.0028445715013246985
45,0.002834939586174186
46,0.0028568429079064254
47,0.0028422450622382165
48,0.0028543230447920366
49,0.0028623026723009165
50,0.002859777190645352
51,0.002852673628941608
52,0.0028806680708070805
53,0.002850767504307016
54,0.0028538213101061928
55,0.0028519116304605886
56,0.002849950895019791
57,0.002856277753747704
58,0.002848145703471524
59,0.002846776154349637
60,0.002849960981308411
61,0.0028710688895558223
62,0.0028483480475666348
63,0.0028435492221696437
64,0.0028424692414485736
65,0.002859683720174817
66,0.0028749945320935815
67,0.0028576742679312385
68,0.0028518064122410097
69,0.002866240412961747
70,0.002858487191238617
71,0.002861820124740124
72,0.002854602327103917
73,0.0028632059894599716
74,0.0028488568245208
75,0.002849597544181098
76,0.0028407673147274014
77,0.0028589972638724914
78,0.0028471468703780397
79,0.002863954919935711
80,0.00285245600461211
81,0.0028599004654215644
82,0.0028607557792246583
83,0.002873742207484605
84,0.0028474478732202994
85,0.0055372710535735595
86,0.0028486367203757654
87,0.0028600997889291872
88,0.0028652884879417384
89,0.0028654284269997022
90,0.002870316221033868
91,0.0028428515028215027
92,0.00284893339658444
93,0.0028601351552355095
94,0.0054475124535177276
95,0.00284646683566955
96,0.002851261437537358
97,0.002905144476225626
98,0.002853765114062779
99,0.0028482940056122757
100,0.0028662418552576584
