1,0.003009770815258995
2,0.0030216155297125395
3,0.0030474756292461986
4,0.0030398277112676057
5,0.002989641641617079
6,0.0030174657082753307
7,0.003074880586827123
8,0.0033570253625269195
9,0.003007097520399104
10,0.003006562245289045
11,0.003124709285572337
12,0.0030125213338268865
13,0.003110057583909813
14,0.0030839543083391843
15,0.003043301474041221
16,0.003113769209463164
17,0.003058699993718987
18,0.0030181435406703163
19,0.0030937214229092343
20,0.003297098149785729
21,0.0033425781932238394
22,0.003392505952215101
23,0.0034365564225155424
24,0.0034846324801032476
25,0.0035120387989008603
26,0.0037907494549447103
27,0.003848513713900349
28,0.003903300583407097
29,0.0039730055350939665
30,0.004025909102618843
31,0.004077220813934153
32,0.0042860745445787345
33,0.004379955329243339
34,0.004464705239439184
35,0.004525344370860926
36,0.00454757716252619
37,0.0046441081493498884
38,0.004710052572621985
39,0.00498473692926045
40,0.0050195850926019634
41,0.005204136832278809
42,0.005179708688387636
43,0.005280581447656821
44,0.005324000729812034
45,0.005408419787120809
46,0.005510085856877931
47,0.005558077957638278
48,0.005536869549340934
49,0.005590452571942447
50,0.005688103762176688
51,0.0057396841838458935
52,0.005780423804688941
53,0.005857129571000375
54,0.005957026553573511
55,0.005927788445576306
56,0.0059683364435946466
57,0.006106377407628129
58,0.0060859462797907375
59,0.006172680430528377
60,0.0062452602385685875
61,0.006338228558202693
62,0.006330156246240225
63,0.006386952669362992
64,0.006440077924335378
65,0.0064867211530570375
66,0.006544712737603306
67,0.006611870451206716
68,0.006669743829113924
69,0.006725374249471458
70,0.006773109415029889
71,0.006835035236347938
72,0.006897810242792108
73,0.007030010827330276
74,0.007185215613259666
75,0.007315162883845127
76,0.00754971969523373
77,0.007687483897126971
78,0.007765391013986014
79,0.007885976133960046
80,0.00830775595267439
81,0.008721331962274037
82,0.00964030757357184
83,0.011190118269908386
84,0.01307461562233589
85,0.015073158431952663
86,0.017358808274523643
87,0.01821808512620192
88,0.018710838968395944
89,0.019227671710932672
90,0.01974071911764706
91,0.02028445888746803
92,0.020710333881578946
93,0.021106041304347824
94,0.02145422875816994
95,0.021803965602369975
96,0.022155210883905013
97,0.022502307617449663
98,0.022823876995142264
99,0.02313886166101695
100,0.023377635658640223
