1,0.0030295624140974716
2,0.0030090845872038446
3,0.0030630844309121733
4,0.0030189120170723994
5,0.0030947159016607825
6,0.003015475071280456
7,0.0030636329034779207
8,0.0030031654528860073
9,0.0029393885958395242
10,0.0029892972276593594
11,0.003089538668291744
12,0.003043531932591218
13,0.003381102252672358
14,0.0031323145336787563
15,0.003076582431675278
16,0.003003309893679859
17,0.003011649398210723
18,0.0030485409283903674
19,0.0030161980642144644
20,0.003010308561988672
21,0.003012928941027267
22,0.003085524585266637
23,0.002995725831072983
24,0.00341446231279199
25,0.0030263801943485485
26,0.0030079034440993794
27,0.0029877936608961307
28,0.003023293326706003
29,0.0029907078295215647
30,0.0029918749829075763
31,0.0030546748351209115
32,0.0030582815474438233
33,0.0030930542177285613
34,0.003018257496748622
35,0.0030666159418449627
36,0.0029851699560063546
37,0.0030498445516733033
38,0.0030468081554685536
39,0.0033725966810916447
40,0.0029654512014552843
41,0.003029505274760383
42,0.0030108264211266703
43,0.0029859717212575637
44,0.0030103299231262013
45,0.003043923321123321
46,0.0030343927877216933
47,0.0033904174804270464
48,0.0030579661097160514
49,0.0030785314187068424
50,0.0031037264581734465
51,0.002950401249689904
52,0.0030410830264888215
53,0.0030289271370506792
54,0.003031868212452854
55,0.003034851182454321
56,0.0031297210711318463
57,0.0030761108654381846
58,0.003060565724566797
59,0.0030404699048913043
60,0.0030734413279393824
61,0.0030792441711965423
62,0.0030579949920703157
63,0.0031088508486329415
64,0.0030644491342132776
65,0.003063828306025029
66,0.0030855752408227026
67,0.0030800127722382573
68,0.003049442341463415
69,0.003015163974799542
70,0.003047891688369434
71,0.0030945897040529037
72,0.0030065270040847587
73,0.0030950626279520966
74,0.0033789774270482605
75,0.0033708227993399817
76,0.0030282572457788503
77,0.003014297160550833
78,0.0030601690585787254
79,0.0031534455169628436
80,0.0031276175067358877
81,0.0031071077643061752
82,0.003028468027353249
83,0.003197971453503498
84,0.003232672269885608
85,0.0032588074485905057
86,0.003291988736635539
87,0.003288953966959005
88,0.0033200822288716888
89,0.00332698633810535
90,0.0033237314886500956
91,0.003324155542598436
92,0.003352561586833086
93,0.0033622934987348895
94,0.0033715368272841046
95,0.0033868857662192387
96,0.003391047438051239
97,0.0034034107772238985
98,0.003406951895268848
99,0.003416454511567135
100,0.0034334596332243244
