1,0.00307305886499246
2,0.003091223606685309
3,0.003040180423462986
4,0.0030236895201876074
5,0.0030270637388262727
6,0.003042523517316713
7,0.003111484884708341
8,0.003050071758557066
9,0.003041275109558931
10,0.003078681849589425
11,0.003085036586110923
12,0.0030465878280562233
13,0.002984028131524008
14,0.003045639759351002
15,0.0030069795349273913
16,0.0030127720976756
17,0.0030377614495895504
18,0.003016036933510807
19,0.0030404313302504356
20,0.0030472423841508924
21,0.0033676456181424277
22,0.003050104352142445
23,0.003003087601562008
24,0.0030571787801158884
25,0.003054560873848109
26,0.00307181963086195
27,0.003039515210262346
28,0.0030590139966273195
29,0.003023820345610817
30,0.0030076628833967042
31,0.0030427352072340034
32,0.0030444296492240608
33,0.0029873800397589617
34,0.002993709405783286
35,0.0030178140181965477
36,0.0030172248797772716
37,0.0031068765098184515
38,0.0030020139166073187
39,0.0030124311754684847
40,0.0030239518155802856
41,0.003422864725368668
42,0.0030933613867438867
43,0.0031011834651491774
44,0.0030477008517129597
45,0.0033998455884131037
46,0.0030847629487839403
47,0.0030697505259286587
48,0.003088575566242631
49,0.003049460222194247
50,0.0031586422179423635
51,0.003046966856016694
52,0.003018857467819283
53,0.0030865288598817056
54,0.00307456930661165
55,0.003052690209210359
56,0.0030766941501490443
57,0.0030290832270449667
58,0.003078727871002539
59,0.0031392540251862595
60,0.003219829077990527
61,0.0032764149987591406
62,0.003292544952477936
63,0.003319965167918692
64,0.003332772887768826
65,0.003325255523914088
66,0.0033521432436162866
67,0.003365285105055128
68,0.003385094947676381
69,0.003398637247712829
70,0.0034118431944720785
71,0.0034317051842080925
72,0.003445175014333218
73,0.003467235663236135
74,0.003474694350270328
75,0.003487452019498607
76,0.0034985143129908497
77,0.0034994750180453297
78,0.003506212798752459
79,0.0037068422823444067
80,0.003765393030834795
81,0.0037949757266760426
82,0.003809658670020438
83,0.003828354402389436
84,0.003837389164687253
85,0.003858738292527315
86,0.0038734562935104425
87,0.003902067349814785
88,0.003917359188062035
89,0.003936288827684792
90,0.003961439024589494
91,0.003974368933682396
92,0.003990609255377353
93,0.004010462692843235
94,0.004028649406038609
95,0.004045519608365422
96,0.004069838114925248
97,0.0040883407576774635
98,0.0041483541517933036
99,0.004274371475625823
100,0.004311659546941926
