1,0.003019846386435337
2,0.0029853105136921324
3,0.0030303261027114837
4,0.0030282869885592395
5,0.002984917773596739
6,0.0030570193787173515
7,0.002986774546098378
8,0.003026788334298771
9,0.003075553158785984
10,0.003018650488100555
11,0.0029885445796673303
12,0.002987406328180127
13,0.0030657506183051114
14,0.003081544550099672
15,0.0030321587732175907
16,0.0030093819827693843
17,0.002982408382522777
18,0.003009060999048526
19,0.0030190252350995525
20,0.003001745233644859
21,0.0031034604088515765
22,0.002998015945808882
23,0.003080386695897075
24,0.002981298697721012
25,0.003021028770301624
26,0.0029911382049496804
27,0.0029916507230117175
28,0.0030821939091915836
29,0.003065317230883906
30,0.0030254600088883248
31,0.002975041167992982
32,0.002976505311690773
33,0.003139394102540223
34,0.0030408339455084855
35,0.0030066154215280393
36,0.0029836532623081
37,0.003082187859872332
38,0.0030032679893014476
39,0.003385809086348979
40,0.003031941497698719
41,0.0030090888603792475
42,0.003061762101933428
43,0.0030422653410188704
44,0.0030596019325864806
45,0.003090828151391061
46,0.0030134007660815084
47,0.0030936600303362806
48,0.003062681775746365
49,0.003054431640304997
50,0.0029902064662221664
51,0.0030664812675103856
52,0.002996535439438934
53,0.003008689434071969
54,0.0030206596649962588
55,0.003009098667276609
56,0.003378899333937788
57,0.0030133206686735418
58,0.0030651251461612595
59,0.003019695875757185
60,0.0030028278244369788
61,0.003098295093938791
62,0.002999471485142242
63,0.0029952370206022187
64,0.0029930139471489965
65,0.0030121896381331633
66,0.0030835816056535505
67,0.0030338612520012806
68,0.003035390965755047
69,0.0030509394205619493
70,0.0030318376531901447
71,0.0030115600372568824
72,0.003027486206563707
73,0.0030834278275862067
74,0.0030422581270946126
75,0.003074089309074745
76,0.0030106862935810495
77,0.003046011055005723
78,0.0030333947235376938
79,0.0030442714227591388
80,0.003391983266442609
81,0.003013997295071582
82,0.0029863169726537424
83,0.0030547100884919963
84,0.0030488662505502796
85,0.0030082117984734785
86,0.002992100687372709
87,0.0029848267449299466
88,0.0030413079666986877
89,0.003038031360645731
90,0.0029989909644052327
91,0.003013697398448197
92,0.0030758676651364693
93,0.0030791087257429767
94,0.003048075009589566
95,0.003071583342860772
96,0.0030414568920836683
97,0.0030805466768082145
98,0.002975950823779991
99,0.002994748097582378
100,0.0029804225653503017
