1,0.0029860660504749488
2,0.0029460485918987654
3,0.0029665169152521217
4,0.0030869331832733098
5,0.0030410220974842763
6,0.003050742297364806
7,0.003026011082075106
8,0.002975404055863784
9,0.003011854670371372
10,0.003017333689043698
11,0.002984532763479241
12,0.002950577054005631
13,0.003013317964925327
14,0.0030970109144307107
15,0.0030017877852392748
16,0.003029834892886657
17,0.0030523713444586503
18,0.0029685365682493524
19,0.0030596757165292504
20,0.0030135742017920243
21,0.003142433189515345
22,0.0031693785251798562
23,0.0030196131115136967
24,0.0031135653507661136
25,0.0030516865106520337
26,0.003103218338624417
27,0.003114284512339593
28,0.0030464622038694393
29,0.003094152226928508
30,0.003210793883630105
31,0.0032945372173558774
32,0.0033230366359447002
33,0.0033836751288659796
34,0.0033854947066193357
35,0.003404125994667041
36,0.0034371603590867316
37,0.0034718972934268946
38,0.0034966925118858952
39,0.0035094370523812953
40,0.0037113795569363355
41,0.0037986824976934393
42,0.0038366146288488566
43,0.003872313636480018
44,0.003918942251767796
45,0.00395249733749025
46,0.003986562033980276
47,0.004021239154051083
48,0.004057680887216802
49,0.004103051076484878
50,0.004276352159279657
51,0.004357107098001622
52,0.004415788202752541
53,0.004462072663136555
54,0.0044987718171826336
55,0.004536572247790869
56,0.00454589045767275
57,0.0045798136938837
58,0.004629836840902164
59,0.00470003807630408
60,0.004854486557875136
61,0.004901172955569864
62,0.005006599194610474
63,0.005045289872967479
64,0.0051678208249833
65,0.005175217250291813
66,0.005185121842546063
67,0.005230062588592641
68,0.005252748577476714
69,0.005270876492093182
70,0.005325673652129121
71,0.0054681887252247385
72,0.0055184473569244216
73,0.005486234055919307
74,0.005515103022222222
75,0.005535268697666133
76,0.005578630145213338
77,0.005612938350738206
78,0.005687169055865921
79,0.005671243268009437
80,0.005693834363039912
81,0.005751557921337989
82,0.0058066547017283044
83,0.005841690163012929
84,0.005880439541008276
85,0.00589501887254902
86,0.005920410054913841
87,0.005941176852203648
88,0.006071612778832463
89,0.0060275538209185655
90,0.006131784072966508
91,0.0061207118779160186
92,0.0061597825844891575
93,0.006257487278612435
94,0.006301767818787805
95,0.006277377961377662
96,0.006305528813897765
97,0.006341771522913749
98,0.006368210130916415
99,0.006412679640170767
100,0.0064344457116602
