1,0.0030151314612118095
2,0.0030321812711533455
3,0.003097873179549527
4,0.003072122344384303
5,0.0029818664184055
6,0.003040638331384775
7,0.00298119616284079
8,0.00301200019048234
9,0.00306578608149877
10,0.002942982942708333
11,0.0029987140456070585
12,0.0030741836228131117
13,0.002988548571965426
14,0.0030765386932861266
15,0.003007680951617043
16,0.0030093591588372533
17,0.0030283978101043104
18,0.003090878936170213
19,0.0029696901366561843
20,0.0029836450757331615
21,0.0030112786042651002
22,0.0029916498130663455
23,0.0030589544933443727
24,0.0030333423292517973
25,0.0034039449113145467
26,0.0031051337085838556
27,0.0030235838367108337
28,0.0029962638290911476
29,0.0030170146107244135
30,0.0030994291786724127
31,0.003019530381539464
32,0.0030001447057251655
33,0.003019347294752552
34,0.002994859224556754
35,0.002959866469882561
36,0.002989562019685784
37,0.003118515765474419
38,0.0030809016429669484
39,0.0033607644720056703
40,0.0029705910843993055
41,0.0030028853702051745
42,0.003016444420312999
43,0.0030265561710768447
44,0.0030082019848465223
45,0.0031383328236932865
46,0.003057544121849831
47,0.0030376857468386934
48,0.003017337134353197
49,0.0029889140652076245
50,0.0030966560116112113
51,0.0029920517627904067
52,0.0030387761862415035
53,0.0030344168357061864
54,0.003043862091585736
55,0.0030642427816563113
56,0.003025037233837866
57,0.0030580665802713764
58,0.003027338191162182
59,0.00303749261979601
60,0.003018220041413064
61,0.003023636953534032
62,0.003031043110694427
63,0.0030726795099129747
64,0.002968344654658546
65,0.003352081887163635
66,0.0030316280494048385
67,0.003235479700028637
68,0.0030059242170646927
69,0.0030176232219418456
70,0.0030582468787552965
71,0.0030082999968519806
72,0.0030466753213855995
73,0.0030542662165613226
74,0.0030535106233933163
75,0.0030701570840257204
76,0.0030227347201931018
77,0.003050375381806109
78,0.003043546632223498
79,0.0030598077904040403
80,0.0029714608300907912
81,0.0030242861679018657
82,0.003039332798455501
83,0.00302665484789172
84,0.0030315559771935383
85,0.003023125093967
86,0.003046336726960066
87,0.003044007553070508
88,0.002981650141164917
89,0.003022691169142602
90,0.003071215072928455
91,0.0030695277556705134
92,0.00307409913714509
93,0.0030790828975351798
94,0.0030085290006169026
95,0.002984573075103089
96,0.0030926622303441725
97,0.0029913385418016848
98,0.003026602684752105
99,0.0030332896510959165
100,0.0030234184819413093
