1,0.0031050008269636266
2,0.003069828176970928
3,0.003002240562946458
4,0.0030498126928362058
5,0.0030613818266333275
6,0.003050065021150077
7,0.0030677873830199506
8,0.0031316419112042684
9,0.003038327286356822
10,0.0030453262213853928
11,0.0030402379162837224
12,0.0030592417530305887
13,0.0030480201915733195
14,0.003048551724244484
15,0.0030640674762612238
16,0.0030973481581370865
17,0.003073347170478917
18,0.0030617056389296887
19,0.003080899091942908
20,0.003004890806029252
21,0.003051076562274188
22,0.003074311529891131
23,0.003012047123235648
24,0.0030360844902791624
25,0.003044530103672125
26,0.0030530976369840964
27,0.002942231016234924
28,0.0030722291825942922
29,0.0030126648026742825
30,0.003062174709709397
31,0.0030869087933703084
32,0.0029779465423188938
33,0.0029881605212203686
34,0.0030951352473018146
35,0.0030412613623426728
36,0.0030343999597245777
37,0.0030505744814906845
38,0.0030585767047685316
39,0.003091850548359334
40,0.003047304914052016
41,0.0030250248883711903
42,0.003031284520007515
43,0.0029692238813442636
44,0.003009451950048031
45,0.0030456717583019098
46,0.0030295677084358694
47,0.002991668582302569
48,0.0030849879291226594
49,0.0030160477855187863
50,0.002990923458213256
51,0.0030198126170960186
52,0.002997627626925991
53,0.003063000924500872
54,0.0030294489344003714
55,0.003425699020464642
56,0.003029824761362918
57,0.003061072977356571
58,0.0029937269772923525
59,0.003059055221005677
60,0.0030356863376065596
61,0.0030353364660150287
62,0.0030097187061572757
63,0.003096436876917048
64,0.003020484089223925
65,0.0030152403728664103
66,0.0031159206229148815
67,0.0030140013520678914
68,0.0030395556058555196
69,0.003054108702975856
70,0.0030849915397846727
71,0.003052790922532948
72,0.003081721162032444
73,0.003062995411377546
74,0.0029683974980167205
75,0.0030599105793530455
76,0.0030381975257029606
77,0.0030301237652992185
78,0.0030573516429618502
79,0.0030441092809172015
80,0.0030482929674046744
81,0.0030413816729445383
82,0.003006498987467018
83,0.0031226880913593127
84,0.0033982103704042668
85,0.0030839379627198744
86,0.0030305691051179893
87,0.003041216264503992
88,0.0030292977485510473
89,0.0029778658849280797
90,0.0029631655996090168
91,0.00303857024054072
92,0.0030716582249456273
93,0.003060503072859627
94,0.0030450736350795303
95,0.003060001992809769
96,0.003043468131410256
97,0.0030680667422521408
98,0.0030290456041419337
99,0.003091769576205288
100,0.0030619818242385785
