1,0.0033981389408322027
2,0.003036472222222222
3,0.002953888471973855
4,0.0030216747329740324
5,0.0030260857502068875
6,0.0029955990698680977
7,0.0029948048594345437
8,0.0030232138684731895
9,0.0030057125061850568
10,0.0033645997251570536
11,0.002930023734597729
12,0.003013549261298176
13,0.003006137618516453
14,0.003014755998200861
15,0.0029925075413620617
16,0.003049877330038649
17,0.0030343254302375743
18,0.0030354607886904765
19,0.0030243165780252782
20,0.0030619257227810464
21,0.0031122202984537935
22,0.003145941401668187
23,0.0031793868977982253
24,0.003227731732047872
25,0.003276158390641855
26,0.0034947881603191815
27,0.0035404601530612248
28,0.0035917116608291683
29,0.0036440812504699603
30,0.003673922188990687
31,0.0037079003943767752
32,0.003876076456213444
33,0.0039806762241209334
34,0.004044545362619147
35,0.004090896896148383
36,0.004156756430758761
37,0.004216465917876472
38,0.004236856622794735
39,0.004414102114627389
40,0.004522922168985533
41,0.004823129724619413
42,0.004795742645676691
43,0.004818167698836844
44,0.004868717799684542
45,0.004982750303996811
46,0.0050021074975417894
47,0.0051119259428161505
48,0.005146863507255325
49,0.00517245250129199
50,0.005201038533154029
51,0.0052486078418090875
52,0.00531097968832541
53,0.005377002448412275
54,0.005340444529350469
55,0.005362422645778938
56,0.0054536055877701635
57,0.005525050537162904
58,0.005561779094922737
59,0.005568367545748116
60,0.005623304625430799
61,0.005721766749971601
62,0.0057158213496593625
63,0.005736198947368421
64,0.005759536826513608
65,0.005813617887850468
66,0.005928405867913501
67,0.005986960511764706
68,0.006036098814604078
69,0.006016870603063797
70,0.00613161154680159
71,0.00608480075136612
72,0.006172567140337124
73,0.006252849990178747
74,0.006413482028753994
75,0.006555450182260024
76,0.006820462227577535
77,0.006948400530898281
78,0.0069935171108742
79,0.0070671072193658965
80,0.007432953248935694
81,0.007845051971964839
82,0.007708294299065422
83,0.00985934917341977
84,0.012518683753617197
85,0.014830746157635466
86,0.016975969712351945
87,0.017763571116361492
88,0.01830367466139955
89,0.01875359652862363
90,0.019186584576067343
91,0.019733668350852298
92,0.020015860067943175
93,0.020246739100985223
94,0.020482653289473685
95,0.020861823206349207
96,0.021185953682813535
97,0.021500677932598838
98,0.021778133891076117
99,0.022196848603151863
100,0.022659977482993195
