1,0.0027946014179881934
2,0.002812576405050035
3,0.002809005468242245
4,0.002809167702316355
5,0.0027981840259133886
6,0.00280565739944199
7,0.002802334555850757
8,0.002813839135242086
9,0.0028146140572931893
10,0.0028067735785855764
11,0.002807511681942904
12,0.002811770650485975
13,0.0028188168534407287
14,0.002798990902495647
15,0.0028023027719236626
16,0.002809942792166406
17,0.002825847925323345
18,0.002817071667150741
19,0.0028228861770046272
20,0.0028166086690731254
21,0.0028178350497076025
22,0.0028122928323119764
23,0.0028190851966752514
24,0.0028205182028594867
25,0.0028108742224810714
26,0.0028216871422719024
27,0.002833243038677261
28,0.0028157621268158893
29,0.0028213329375753634
30,0.0028229922021575987
31,0.0027817108954018344
32,0.0028130118589743593
33,0.002815547243151685
34,0.0028334378450448343
35,0.002805224262888735
36,0.002825435456446609
37,0.002810105366612866
38,0.0028077725440733003
39,0.002802914664045333
40,0.002791715907901622
41,0.0027987702177650437
42,0.002796341068933396
43,0.002787275676851251
44,0.0027846167089556543
45,0.002792601748574062
46,0.0027993132690860684
47,0.0027892295395608824
48,0.0027934544928463418
49,0.002790078331830877
50,0.0027905753139534886
51,0.002782303521573604
52,0.0028190714575720664
53,0.0027777764181244617
54,0.002790783639716476
55,0.002829021919279907
56,0.0028042311799547064
57,0.002814994294857011
58,0.0027935547879776325
59,0.0028283535288313654
60,0.002796576030672342
61,0.0028406458921954605
62,0.002788736843324646
63,0.0027771599336399093
64,0.0028264824426812904
65,0.0028191071378566007
66,0.0028032573556689084
67,0.00279727559447488
68,0.0028097263055361713
69,0.002807238465541165
70,0.0027903427684040217
71,0.002771766206597222
72,0.002786025833865074
73,0.0027832776088837614
74,0.002805014531024531
75,0.0028062701965573386
76,0.0028054703650225252
77,0.002822797742352181
78,0.002806323851945514
79,0.002790302721803633
80,0.0028195483835200745
81,0.002813852815013405
82,0.002799145997696516
83,0.0028104971964782203
84,0.0028178526247848532
85,0.002782121584215041
86,0.0027933886546591766
87,0.0027982008753053393
88,0.0027934192149359316
89,0.0028154421758267213
90,0.002822892668246344
91,0.0028396232934713404
92,0.0028170340855037993
93,0.002821004535094383
94,0.002802551640865078
95,0.002814353869340908
96,0.0028043988370064546
97,0.0028135680762271646
98,0.0028062589904995043
99,0.00280795416205188
100,0.0028092034619650883
