1,0.005069269936474325
2,0.006232030838323352
3,0.0062542823379174856
4,0.00634281476359805
5,0.006356129449347912
6,0.006621159179444309
7,0.007332029423821453
8,0.007609439993681884
9,0.007616097793053545
10,0.00764163659712344
11,0.008810917750776536
12,0.008843690616966582
13,0.008902435299097067
14,0.008836859059169422
15,0.009147341735074628
16,0.009912008125643664
17,0.010093957441909147
18,0.0100884545540201
19,0.010098783797945923
20,0.010414698853577846
21,0.011228162913907285
22,0.011372353158887315
23,0.011364092744405183
24,0.011521995920801527
25,0.012675427911857292
26,0.013873165667144909
27,0.015452056971920864
28,0.017598822829640395
29,0.018819439838129497
30,0.01986339815873016
31,0.020066933149847095
32,0.020179963761423402
33,0.020477196879106437
34,0.021427593458274403
35,0.02146249743859649
36,0.021906653002070394
37,0.022498206153279295
38,0.022757165553306345
39,0.02339866631178707
40,0.023779486968503936
41,0.023915341995841992
42,0.02413418202541106
43,0.02470737498045348
44,0.025190283755760365
45,0.025267878140096615
46,0.025777652810768013
47,0.026280005172413794
48,0.026628956684092604
49,0.027254807450473727
50,0.027699543238731222
51,0.028042817052715656
52,0.02844883560869566
53,0.028928053182579565
54,0.02939894904844291
55,0.029833136492471213
56,0.0302444028343667
57,0.030732903909090906
58,0.03115578400178253
59,0.03156120385504201
60,0.032009524651162795
61,0.03245480371024735
62,0.03289102706378987
63,0.0335240701369863
64,0.034327785285714285
65,0.034681013247011956
66,0.03510066617195496
67,0.0353654240704501
68,0.03588657422928709
69,0.03631262519723866
70,0.03674353241308794
71,0.03739124822485207
72,0.034133971739130436
73,0.0343899552457467
74,0.03482884349315069
75,0.03531376958007812
76,0.035711751201923075
77,0.035935165784114056
78,0.03619853234106963
79,0.03670297995991984
80,0.0371382801025641
81,0.03740427978515626
82,0.03792003256929638
83,0.038496746775956284
84,0.03892965266524521
85,0.03921844037199125
86,0.03958071659267481
87,0.04019054512195122
88,0.040514326172707886
89,0.04079423173491379
90,0.041250666225165565
91,0.04162778862637363
92,0.042048256431767336
93,0.04242803131929046
94,0.043065359638554214
95,0.04342278507972664
96,0.04390633762711864
97,0.04426424640410958
98,0.04445580183908047
99,0.04481892715827339
100,0.045357725478468905
