1,0.006801018097643097
2,0.007076409620255751
3,0.0069658326611759915
4,0.006920480790878914
5,0.006922976348517715
6,0.006874845523356402
7,0.006861010021505377
8,0.006863131671449067
9,0.0068622296738664
10,0.006889382044476328
11,0.006863087344220026
12,0.0068609433380884466
13,0.006880160173306325
14,0.006884128605082809
15,0.006860303149550065
16,0.0068800079642563315
17,0.006862526571552723
18,0.006820583240223464
19,0.006819344882394868
20,0.006824799615986347
21,0.006821790352122676
22,0.006815919896512616
23,0.006811758645922136
24,0.006825285630874395
25,0.006813681160346541
26,0.006811661416595624
27,0.006817967121374865
28,0.006819804237649064
29,0.006821965424474731
30,0.006796320660621763
31,0.006770322536406051
32,0.006778171859723698
33,0.006777084815495546
34,0.006776839344725322
35,0.006776071894870709
36,0.008067625526465566
37,0.0068635369058098585
38,0.006780076374558305
39,0.006780552368160612
40,0.006763638510647866
41,0.006700822593732513
42,0.006643721676663413
43,0.0066281752381983534
44,0.006624234201796823
45,0.00660067229281768
46,0.006597075402393727
47,0.00659441028320044
48,0.006602359021627188
49,0.006599484843900427
50,0.006594272313084111
51,0.006594053606264597
52,0.006594225729424717
53,0.006598719810283201
54,0.006606646154900617
55,0.006602974350158164
56,0.006599914994502473
57,0.006618627832783279
58,0.0065944792285478546
59,0.006593458035468793
60,0.006599010182642131
61,0.006599187185653429
62,0.006594898390867831
63,0.00660213861754967
64,0.006593317367119901
65,0.006608617037342119
66,0.006595777152090209
67,0.006588095484468218
68,0.006573813595890411
69,0.0065666653877774735
70,0.006567730959561344
71,0.006567754508702206
72,0.006568596805155629
73,0.0065798777793008925
74,0.006571968450260346
75,0.006605138506768768
76,0.006570215855831164
77,0.007924507728144696
78,0.006573878577291381
79,0.006379233353917936
80,0.006367952478306599
81,0.006325434831905076
82,0.00632477407651715
83,0.006360847734478205
84,0.006323543118661924
85,0.0063318193110236225
86,0.0063239607312252965
87,0.006324646766986464
88,0.006333952269155206
89,0.006324401619913079
90,0.006324585479831268
91,0.00632525238032441
92,0.006331079250131787
93,0.006332033939873417
94,0.006345973550342648
95,0.006325365073190031
96,0.006329450520696017
97,0.006325156655245125
98,0.006356472131912058
99,0.006335123518372184
100,0.006339446739289449
