1,0.0050836712252880405
2,0.00508442298352723
3,0.005298038470150755
4,0.005989231762994815
5,0.006424334489452568
6,0.006437189107382551
7,0.006437904227522445
8,0.006430790758166421
9,0.006323808445130132
10,0.0063056012603932956
11,0.006301870242488139
12,0.006315155968379447
13,0.006372007483223766
14,0.0067032733306188926
15,0.007188687109144169
16,0.007405734167815035
17,0.007483623839368616
18,0.007619492214617453
19,0.007611348554721976
20,0.007610070705853735
21,0.007621961238170346
22,0.007611800362947767
23,0.007613189898910125
24,0.007611145050600885
25,0.007613757045706151
26,0.008805363601462522
27,0.008829955390810912
28,0.008831502246881878
29,0.008827466520226982
30,0.008830051583668985
31,0.008812648902104297
32,0.008851598633732326
33,0.008842698461256642
34,0.008842175956981406
35,0.009310028244617224
36,0.00982558911900679
37,0.009900075670103092
38,0.009989552098842018
39,0.01007404580597188
40,0.01005895121440536
41,0.010080397462780456
42,0.010083811754215303
43,0.010066451442910919
44,0.01006968215333054
45,0.010064939791231731
46,0.010063189308832743
47,0.0101161801369863
48,0.011172034942227961
49,0.011235557382394037
50,0.011288937105649302
51,0.011334169518213866
52,0.011344423717647057
53,0.011368202890716803
54,0.011346362679538499
55,0.011337903158759982
56,0.011343167834394903
57,0.012271501554429269
58,0.012572855405053401
59,0.012684219079865557
60,0.013355232513225332
61,0.013701160040340655
62,0.013878780390467986
63,0.015007596292274276
64,0.01579008006552414
65,0.016372745277589713
66,0.017399778939828078
67,0.017704755649714403
68,0.018705671314003698
69,0.018860438834762277
70,0.019313239963280292
71,0.019815726443569555
72,0.01997235830681095
73,0.02006812413793103
74,0.02014167320648898
75,0.02014054464633355
76,0.020143041261498032
77,0.020158818388171594
78,0.02051209916595381
79,0.021134486752717396
80,0.021378643941520146
81,0.02146180855218855
82,0.021447323981399466
83,0.021479656508264465
84,0.021569835967966574
85,0.021912998342939482
86,0.022205543908450705
87,0.022440120101694914
88,0.022515907428987618
89,0.02254142031358885
90,0.02275833877214498
91,0.023034116017316014
92,0.023240655803571434
93,0.0233583225795053
94,0.023606290156017836
95,0.023792419632564843
96,0.02385123679312813
97,0.02390006651376147
98,0.023985465587944666
99,0.02410626035335689
100,0.024332372271714923
