1,0.005049300527983105
2,0.0050727351856368645
3,0.00517203755231248
4,0.006199241233766233
5,0.006444324092674434
6,0.006443180197953138
7,0.006435811486761711
8,0.00636596530461621
9,0.006334176324438017
10,0.006429164198262244
11,0.0064108318496801705
12,0.006659788343693533
13,0.007079733133749136
14,0.007453912443523458
15,0.007616119302398991
16,0.007647525339993049
17,0.007630154784212123
18,0.007631030353758686
19,0.007647579449974033
20,0.007711925036627054
21,0.0076911500060739026
22,0.00879965263147628
23,0.008814451977165134
24,0.00883678531950055
25,0.008865671170173495
26,0.008864379665864033
27,0.00886512313602732
28,0.008938214365437342
29,0.008869682586500284
30,0.009357502360119443
31,0.009867587086812216
32,0.00999311480315683
33,0.010098162602051496
34,0.010104812963739258
35,0.01009075009426058
36,0.010092521281943864
37,0.010094172941546197
38,0.01011373229405973
39,0.01009432302452316
40,0.010933632972872054
41,0.011170821362157139
42,0.011290427112099226
43,0.011367710306242637
44,0.011379003241395567
45,0.011377785135453476
46,0.011374875999259808
47,0.011365819827992459
48,0.012275195215118617
49,0.012617562705667273
50,0.013077359470989765
51,0.013693479872881355
52,0.013902043035971224
53,0.015126821173708921
54,0.01615756337558372
55,0.01727477809623918
56,0.0176316583515682
57,0.018637947693726942
58,0.018938660338345865
59,0.01949299556451613
60,0.01985898669668441
61,0.020107470243433696
62,0.02017308040881158
63,0.02020246105279032
64,0.02018920275016567
65,0.02030644874108267
66,0.021052149900924702
67,0.021439508368055554
68,0.021451097781569967
69,0.021502478191126283
70,0.021592005799428046
71,0.02188770750791497
72,0.02219798738450604
73,0.022503571242278652
74,0.02258397483894059
75,0.022664530837657525
76,0.02293734136531365
77,0.023154042938931297
78,0.023449170871398455
79,0.023706295811712377
80,0.02390905969581749
81,0.023961240974729243
82,0.02397778052325582
83,0.024186903218210355
84,0.02444023981629393
85,0.02471496232718894
86,0.025026477683615822
87,0.025195898755020086
88,0.02523415349127182
89,0.02524062205088666
90,0.02536604174053183
91,0.025724088493038488
92,0.026012653160453807
93,0.026248106403940888
94,0.026447635282574565
95,0.026609652434158027
96,0.02681908543888433
97,0.027386284805510534
98,0.027573301933924255
99,0.027761063856907898
100,0.02799405566720257
