1,0.005146269626569375
2,0.005223262702555737
3,0.005768785541839539
4,0.006309563479973735
5,0.006314785837163495
6,0.00631716659443131
7,0.006318350492967004
8,0.0063262109932815174
9,0.006340697488226059
10,0.006327140164798944
11,0.006719460738440303
12,0.007530270014001243
13,0.007578934850628932
14,0.0076030526973349145
15,0.007623911559139785
16,0.007622791060701864
17,0.007620703201074928
18,0.007621803938004112
19,0.0076227291966723485
20,0.007619545790473177
21,0.007664795527467186
22,0.008078967636060433
23,0.008868110607734805
24,0.008876906506264236
25,0.00886906993367723
26,0.008870628143988216
27,0.008878143371605439
28,0.008876360940092165
29,0.008850829362601028
30,0.010095280893118593
31,0.010107359761206535
32,0.010103822983448566
33,0.010099667459153753
34,0.010100961175115206
35,0.01010522746124843
36,0.010101137072761588
37,0.010609905366337411
38,0.011269962861811391
39,0.011316807353976072
40,0.01135488312926772
41,0.011403402528952966
42,0.011378163354549739
43,0.01137493381244109
44,0.011374404334511189
45,0.011591324411417872
46,0.012294909649603076
47,0.012530345311289071
48,0.013163596042105262
49,0.01264480477748691
50,0.013170095304844854
51,0.013727580516853934
52,0.014039485289866326
53,0.014733488559730251
54,0.015224420567553992
55,0.016195536170568563
56,0.016668632992720964
57,0.01773808936759732
58,0.01878087837252475
59,0.01948037771007056
60,0.019971056005874333
61,0.02026896764520202
62,0.02062795087719298
63,0.020999773248832558
64,0.021322052447552444
65,0.021447617898699516
66,0.021488031846259435
67,0.021622068307484827
68,0.02204409361702128
69,0.022570373829489867
70,0.022652045944940476
71,0.022674009852398525
72,0.02269484297812279
73,0.022667799213406295
74,0.022715406776034237
75,0.0227176606169297
76,0.022828976056826055
77,0.022948391233283804
78,0.02357558867924528
79,0.023890327453769556
80,0.02396425891583452
81,0.024010228298350825
82,0.024203937661351555
83,0.024442664150197628
84,0.024640277998442362
85,0.024888912319958847
86,0.02524279575432811
87,0.025396014605370224
88,0.02553742045270816
89,0.02565658458646617
90,0.02587015339578454
91,0.026074365572519086
92,0.02636493502613891
93,0.02645690155131265
94,0.026625221599690885
95,0.026748433426517573
96,0.027063342091049384
97,0.027403647598425198
98,0.027635629254457048
99,0.027809154163231656
100,0.02806438658043654
