1,0.005454427271925916
2,0.006092994653729072
3,0.006493095423483121
4,0.006496706064507386
5,0.006604998939976676
6,0.006385193000276844
7,0.006956603029869944
8,0.007567219056959047
9,0.007544488426363924
10,0.007664211452734747
11,0.0076140213777848
12,0.007659756006955422
13,0.007663639767848623
14,0.008837752953586497
15,0.008850940405802423
16,0.008896823312545855
17,0.008847127880339261
18,0.008943322157006602
19,0.010105372890935735
20,0.010087330196365155
21,0.010091791241638797
22,0.010143788937682977
23,0.010082311272461347
24,0.011269200711619225
25,0.011303267470021161
26,0.011368430862081556
27,0.011397968051948051
28,0.011408509322633941
29,0.012321073295019157
30,0.012525597609768771
31,0.012597592296970156
32,0.013576759571411409
33,0.014105958476146364
34,0.015214011090107121
35,0.01643970828804348
36,0.017808401968359085
37,0.01937699466348068
38,0.020042249669530728
39,0.020658195417515277
40,0.02121896602192134
41,0.021452029102067182
42,0.02149579712981083
43,0.022271291564207648
44,0.02272100497925311
45,0.02275876272965879
46,0.022779823323615164
47,0.022780945409604517
48,0.022835918584703362
49,0.02354640518731988
50,0.02396856792382375
51,0.024053283523945677
52,0.024296801763322884
53,0.02455014284082254
54,0.025111840414507768
55,0.025239582158920533
56,0.025575882377358493
57,0.02606296997672614
58,0.02638012057396929
59,0.026557687460567823
60,0.02676871625290923
61,0.027256780606758835
62,0.027630513367917
63,0.027883844232331444
64,0.02815134341269841
65,0.028500478082770273
66,0.028897269642857146
67,0.029377838435081682
68,0.029715089540816322
69,0.02988619736394558
70,0.030249348240985047
71,0.030592078438331848
72,0.030922897096498717
73,0.03123004739534884
74,0.03156224543459175
75,0.03204704734432235
76,0.03237516057062675
77,0.03270193948535936
78,0.03304583912231558
79,0.0333823770038168
80,0.03370863555023924
81,0.03406669462209303
82,0.03446419508886811
83,0.03483966548940464
84,0.03508886514423077
85,0.035473501998097054
86,0.03603338938356165
87,0.0364670867357002
88,0.036828390239043815
89,0.037135953329864725
90,0.037598393248730974
91,0.0381022417204301
92,0.03872949556898288
93,0.03899753410256411
94,0.03939866166166167
95,0.039755695422177
96,0.03994387381465517
97,0.04002460134158927
98,0.040112780401234574
99,0.04044090548712207
100,0.04096525353697749
