1,0.005143551497302654
2,0.0051218400320512825
3,0.005127448819869112
4,0.0051853769181380415
5,0.005125637887700535
6,0.0051284295692603675
7,0.005128043277628032
8,0.0051366439159410944
9,0.005050495977564102
10,0.005052283827877508
11,0.005069366461489899
12,0.005077059063125724
13,0.005042818048086048
14,0.005043832401350497
15,0.005058022509030704
16,0.005043664286467672
17,0.00509611881256656
18,0.00510395671458999
19,0.0051050583235763706
20,0.005107786918238994
21,0.00510680175576109
22,0.00509698786376719
23,0.005096127409061902
24,0.0051060038338658145
25,0.005125715382976457
26,0.005127006737021639
27,0.005122921007330076
28,0.005105534902441625
29,0.00511371961883408
30,0.005113160758480905
31,0.005109641016624041
32,0.005133199686803414
33,0.005137614247484479
34,0.005149401960475074
35,0.005143013138258181
36,0.005142770765934656
37,0.005553226445750935
38,0.006123926806015238
39,0.00702341237837433
40,0.007023770932452277
41,0.007256572571997548
42,0.007270731021224238
43,0.007348453207393902
44,0.007257913080459772
45,0.007240353823260073
46,0.007300024623822247
47,0.007314113750809257
48,0.007261695321862037
49,0.007264139603960397
50,0.00725598488930175
51,0.007265692390139334
52,0.007257687938697318
53,0.007252931911945812
54,0.0072552417326502095
55,0.007275658105853806
56,0.0072590221652639635
57,0.007266107618107246
58,0.007266130730268818
59,0.0072597588009223665
60,0.007329707398983854
61,0.007269857075472509
62,0.007289051009987155
63,0.0072609719269103
64,0.007263114999999999
65,0.0072652812200224145
66,0.007269954328175274
67,0.007266305274911443
68,0.007252538696181347
69,0.007260541195777589
70,0.00724953982816815
71,0.007265111797583081
72,0.007243219135135134
73,0.0072522339217191084
74,0.007239984038581207
75,0.007252801499077491
76,0.00724951223291406
77,0.007252692351772615
78,0.007231828563829787
79,0.007216124398000908
80,0.00724637143259614
81,0.00728597506438174
82,0.007274456641198187
83,0.007228264380865878
84,0.007229561768265011
85,0.007262521588994947
86,0.0072558550425367374
87,0.0072848863534971855
88,0.0072910727631435536
89,0.007252879546149145
90,0.0072711889934843925
91,0.007262698804786685
92,0.007277426952080661
93,0.007265617379965353
94,0.007261677457399069
95,0.00725977880941464
96,0.007245633774426834
97,0.007280356008361291
98,0.007271464607378475
99,0.007284271352709295
100,0.007264487587529548
