1,0.005768155914443192
2,0.006389400844086069
3,0.006319278130803927
4,0.006602430049362402
5,0.007331013203186387
6,0.007592950564174893
7,0.007917464705721368
8,0.007888454931418544
9,0.008038800292104825
10,0.008914730355097367
11,0.008930980748663104
12,0.010028422412647967
13,0.010625846711660857
14,0.010151768649623074
15,0.010148002672558923
16,0.010146670968421053
17,0.011323386922355148
18,0.01141442930775019
19,0.011409366859914812
20,0.011812087859608744
21,0.012609588273700704
22,0.013462914242256638
23,0.014149677607361964
24,0.015947585500490098
25,0.017806197320117473
26,0.01976117414495114
27,0.020531061434370772
28,0.021335683529028048
29,0.0214999017526455
30,0.022423875925925926
31,0.022683110635359115
32,0.022678488119834715
33,0.022764057088520057
34,0.023384733498233216
35,0.02402148095768374
36,0.024198001546003014
37,0.02468928322147651
38,0.02526518443291327
39,0.02561098895800933
40,0.026255200989282766
41,0.026637040457719155
42,0.027005587631366203
43,0.027674675307629206
44,0.02798457333610649
45,0.028438376744186047
46,0.029025303601496723
47,0.029637015391304346
48,0.029927520133667503
49,0.030435158211521922
50,0.03089917861344538
51,0.03139857917376491
52,0.03202521500956024
53,0.03247500505925251
54,0.03313457837967401
55,0.03351681395793499
56,0.03394882689202826
57,0.03452186163141994
58,0.03499185056237219
59,0.03557564002876318
60,0.03622012016932271
61,0.036766555871212116
62,0.03726036731150793
63,0.03796774353448276
64,0.03880401580063626
65,0.039003083140147526
66,0.039787439549839224
67,0.04016912277173913
68,0.040152572521097045
69,0.0406238072147651
70,0.04123184604700855
71,0.0414009189370485
72,0.042323517711771175
73,0.043276167369020506
74,0.04344545841645885
75,0.04383260673758865
76,0.04453932311688312
77,0.0452733274361949
78,0.045154454176610986
79,0.045914157160048125
80,0.04632163148148148
81,0.046823063765432084
82,0.047209502736318416
83,0.04774065097919217
84,0.048200412580645155
85,0.048923185962732915
86,0.04943156081441923
87,0.04962368682065218
88,0.05018094260237781
89,0.05076127477592829
90,0.051265674763832654
91,0.05155247096354168
92,0.051840731754161325
93,0.05229115041608877
94,0.05275581388499298
95,0.05400508125836681
96,0.05472581703146374
97,0.0550072182320442
98,0.05546641222067039
99,0.05597617583697234
100,0.05632822966226138
