1,0.005107847224589814
2,0.005142229677453923
3,0.005150773368016081
4,0.00516639365062312
5,0.005195987895794941
6,0.005356125150457317
7,0.005733597371063647
8,0.0061081031160405575
9,0.0064487924021539265
10,0.006460392398762276
11,0.006457221258251381
12,0.006463254628010225
13,0.0064756406772800874
14,0.0064622768583355765
15,0.006457669557220707
16,0.006457148485460421
17,0.006342352502360717
18,0.00632571196282626
19,0.006331329250131786
20,0.0063359565105540906
21,0.006330337214521452
22,0.006330975993399339
23,0.006340578512069648
24,0.006370851398091703
25,0.006588088979906292
26,0.007349108968919481
27,0.007498429632802937
28,0.00756427778110096
29,0.007577512202380951
30,0.007593918267850941
31,0.007599851997413346
32,0.007605571576158299
33,0.007584606582059559
34,0.0076214420544476105
35,0.007628698739854619
36,0.007624841767940743
37,0.007635223771527887
38,0.007638888765022136
39,0.007640683054194977
40,0.007655582730701114
41,0.007631671172113992
42,0.0076733123508722426
43,0.007613388697439141
44,0.007613774782677415
45,0.007618312486161631
46,0.007630771182713791
47,0.007632546365795725
48,0.007753143951318266
49,0.007719205012356546
50,0.007940260753992194
51,0.008875589581420965
52,0.008853344007970396
53,0.008874550442151807
54,0.008869350479262673
55,0.008845376106113459
56,0.00887540582889664
57,0.008852865830005703
58,0.008850565806866165
59,0.008874730786267994
60,0.008847064654538772
61,0.008847453479618067
62,0.008853022750642675
63,0.008871307723502303
64,0.008847424338721528
65,0.008853122694709772
66,0.008877465084776997
67,0.008851720382282668
68,0.010080460668058457
69,0.010104810320803117
70,0.010104104642632571
71,0.010104583808425905
72,0.010144812584104287
73,0.01014106572631579
74,0.01014377214390911
75,0.010141637873684212
76,0.01014227637281717
77,0.010150869739874878
78,0.010102071483965625
79,0.010107204275833158
80,0.010112011351706038
81,0.01014417469486532
82,0.01010402283679028
83,0.010103453416474534
84,0.010104378433633885
85,0.01103401874289611
86,0.0112266750406693
87,0.01127328168652184
88,0.011302697927885741
89,0.011315422551546394
90,0.011334105671676845
91,0.011344735830197553
92,0.011382013716821484
93,0.01137502213983051
94,0.011380677791287114
95,0.01138133952201554
96,0.0113862097606216
97,0.0113809064413576
98,0.011379934839924668
99,0.011416098669385946
100,0.01137686306550424
