1,0.0017170477741685433
2,0.0017267143124684863
3,0.0017094686524647012
4,0.0017881900050127108
5,0.0017165915357239753
6,0.0017028645761261098
7,0.0016976610744512983
8,0.001710703468674003
9,0.0017047418593806667
10,0.00171513724181588
11,0.0017627044429469523
12,0.0016910131767878408
13,0.0017003017084185488
14,0.0016998142158258023
15,0.0017321150001782975
16,0.001709398259985629
17,0.0016982827467267349
18,0.0016781476199510194
19,0.0017319971050899139
20,0.0017146468206653042
21,0.001795726270895567
22,0.0017035337263638338
23,0.0016963366345671938
24,0.0017158161059223093
25,0.0017038595783032441
26,0.001718802234033764
27,0.0017033902937210739
28,0.0016990564414018933
29,0.0017053832510616675
30,0.0017034921297830808
31,0.0016874078605076286
32,0.0016919251769570399
33,0.0016890970445450416
34,0.0017098719565936153
35,0.0016850756290989449
36,0.00167093357445307
37,0.0017285248548290478
38,0.0017548886691227655
39,0.0017077596983062807
40,0.0016905853583485723
41,0.0016979949447822743
42,0.0016970275477683704
43,0.0016993438870800386
44,0.0017053124456002545
45,0.0019069948016920215
46,0.0019300439553142459
47,0.001909791502186503
48,0.0019673965126919715
49,0.001957084524381456
50,0.0019454812660550456
51,0.001946676534093189
52,0.0019517747797223896
53,0.0019646635256878498
54,0.0019968001241700874
55,0.0019980948760368253
56,0.0019819278518548814
57,0.001991568742562475
58,0.001994858181931568
59,0.0020283480236745165
60,0.0020343440952065015
61,0.0020214545363996792
62,0.0020236653993743483
63,0.002039502937095282
64,0.0020412261434883234
65,0.00205249011929107
66,0.0020502938579087344
67,0.0020536848557997714
68,0.0020550701357370097
69,0.0020598683083921433
70,0.002078927617767537
71,0.002070086109332992
72,0.0020684996603870303
73,0.0020704843669803246
74,0.0020839809760699888
75,0.002096544379421222
76,0.0020832205293184066
77,0.0020842172303394925
78,0.0021201680952239337
79,0.0021161652514907958
80,0.002097962560239656
81,0.0021018881426159227
82,0.0021240564047878135
83,0.002126804069894113
84,0.0021137884022302566
85,0.0021265717350337455
86,0.002131377482058733
87,0.0021507809014109426
88,0.0021516053939420856
89,0.002290451687443712
90,0.0023137264166746435
91,0.002321530329443404
92,0.0023513387271758613
93,0.002382401151134296
94,0.0023621500705836534
95,0.002367574240277122
96,0.0023770792565947245
97,0.002388832040846529
98,0.0024019789416203333
99,0.002409108212789306
100,0.002462052325873143
101,0.00244984055956317
102,0.002447288883304855
103,0.0024342058356840615
104,0.0024505402562679714
105,0.0024683517147192713
106,0.0024544873949367088
107,0.0024602064273747267
108,0.002466428579782365
109,0.0024753485764776287
110,0.002479820714993395
111,0.002484420419389528
112,0.002492068310267672
113,0.002501295128141122
114,0.0025084892192843438
115,0.002508037549027789
116,0.002524805506428688
117,0.0025323949970743127
118,0.002513881582691664
119,0.002523509480803159
120,0.002531592816857277
121,0.002532937258899169
122,0.002543879079938874
123,0.0025505807329981476
124,0.0025515214263049347
125,0.0025660545940625673
126,0.002581469073699883
127,0.0025797288862799512
128,0.0025848613721402612
129,0.0025931755529966256
130,0.002614617002626923
131,0.002626800973921442
132,0.002610850537807894
133,0.0027032282253552646
134,0.002745085076905678
135,0.0027566016415994134
136,0.002774502675276753
137,0.0027754970886776785
138,0.0027882899675023207
139,0.0027943492220813644
140,0.002805599410671776
141,0.002822479881189278
142,0.0028347784283784577
143,0.002840535702110151
144,0.0028588988777318368
145,0.0028691485053464884
146,0.002864744020935596
147,0.0028761874318720382
148,0.0029080809965404577
149,0.002893091616939365
150,0.0028996292682926827
151,0.002901181072083373
152,0.002902945689322263
153,0.0029060837602706622
154,0.0029269184505951807
155,0.002917493026303019
156,0.002924980439014893
157,0.0029304868400507464
158,0.0029350736905769926
159,0.002941548419260701
160,0.0029468215229570085
161,0.0029544004761323404
162,0.0029579600233100235
163,0.0029619140449782463
164,0.002970877165426938
165,0.002977959579309921
166,0.0029895696341538654
167,0.0029906371939562135
168,0.0030124443420888095
169,0.002996794850488076
170,0.00300093570324097
171,0.0029980177756477647
172,0.0030019576382873405
173,0.0030077722222102204
174,0.0030101864346135554
175,0.0030097759301748726
176,0.003018379077706058
177,0.0030172477854775535
178,0.003020170318624987
179,0.0030380725894481506
180,0.0030448781256322073
181,0.003051465160821428
182,0.00306035276021247
183,0.0030829033307785652
184,0.0031046393695826975
185,0.0031041393618387266
186,0.0031118670588235297
187,0.00312200130033557
188,0.0031370882015593787
189,0.003133735241537935
190,0.003138478190655378
191,0.0031436445206106064
192,0.0031725295809324253
193,0.0031620315632208003
194,0.003158754395085067
195,0.0031620354538768646
196,0.0031646278695423463
197,0.0031696603252289227
198,0.003175260742537707
199,0.0031766719136128415
200,0.003179431388712746
201,0.0032020498461538464
202,0.003188520222929936
203,0.003195390287234042
204,0.0031997143615617994
205,0.0032494979050649696
206,0.0032235884295872936
207,0.0032397011881781265
208,0.0032251138640608324
209,0.0032305280924392193
210,0.003229377036962769
211,0.0032329978125418737
212,0.003239648866988469
213,0.0032446440975249847
214,0.003253127371993012
215,0.0032867040297102908
216,0.0032625713404771527
217,0.0032776461245791247
218,0.0032732015202702703
219,0.0032829454181302347
220,0.0032830995190731233
221,0.0032874006565269723
222,0.003291168207712533
223,0.0033114290108564536
224,0.0032977796225172823
225,0.0033017743155579994
226,0.003305764664466446
227,0.003329318797624047
228,0.0033156504140901054
229,0.0033393516580081787
230,0.0033268995302105477
231,0.003331732031357448
232,0.0033401146031746035
233,0.003347666949093928
234,0.003355927156849124
235,0.00336100129328327
236,0.00337768636110531
237,0.003372787206629989
238,0.0033821925466489622
239,0.003387799091925118
240,0.0033930054408039573
241,0.003401059723510019
242,0.0034062864156300934
243,0.0034137658698614576
244,0.0034273631653776154
245,0.003422868021865392
246,0.0034271027974020047
247,0.0034323391436085066
248,0.0034422594103531022
249,0.003448461884024753
250,0.003446895931926384
251,0.0034530147452319962
252,0.003460158216683331
253,0.0034650167883472915
254,0.003470004543496985
255,0.003472871167516335
256,0.0034802824239584832
257,0.0034857736384620924
258,0.0034922541049360414
259,0.003496624475094121
260,0.00350390702224799
261,0.0035079568672951415
262,0.0035154274575286766
263,0.0035232940716778136
264,0.0035271315189689067
265,0.003534677570502077
266,0.0035381771838996646
267,0.0035457193295447818
268,0.0035594697307828552
269,0.003551617995269071
270,0.0035547288707386353
271,0.003558877705345502
272,0.0035628305516014233
273,0.0035678553200332503
274,0.0035742234926864074
275,0.0035778165495892367
276,0.003585652404534607
277,0.0035884687619502863
278,0.0035978503992042995
279,0.003601618091030591
280,0.0036111280709600485
281,0.0036169496935037748
282,0.0036259108964741184
283,0.003630866240985577
284,0.0036444845331333104
285,0.0036513710329736664
286,0.003654168519637462
287,0.0036627152513586956
288,0.00366802693994857
289,0.0036813010794044887
290,0.0036851872950030627
291,0.0036917481115156647
292,0.0036983741078901312
293,0.003702449789364623
294,0.003714012305209163
295,0.003716151870139489
296,0.003726381496348203
297,0.0037258388434882614
298,0.0037352785366189284
299,0.003733267401998463
300,0.0037452416901424604
