1,0.0016954904822734753
2,0.0017313509975461436
3,0.0017100099124951287
4,0.0016980576327873423
5,0.001690533264514292
6,0.0017137909605126553
7,0.0017085166460919863
8,0.0016999470136549032
9,0.001734695313666252
10,0.001687483809306088
11,0.0018764543170338038
12,0.0016938837190469335
13,0.0017217031598773284
14,0.0017071057885044445
15,0.0017224482916240159
16,0.0016965316011535994
17,0.0017013723424987599
18,0.0016928298446413836
19,0.0016977761973282172
20,0.0017407000179031793
21,0.0017153169643495036
22,0.0017237166063829785
23,0.0018831101188614189
24,0.0019437419324763944
25,0.0019726285456367725
26,0.001948066176944131
27,0.0019900221913980234
28,0.001981341705087927
29,0.001994412729669606
30,0.002009496336829933
31,0.0020191546601979657
32,0.0020398127367843733
33,0.0020487861209663796
34,0.002058109680435153
35,0.0020598023624223867
36,0.002068734833546735
37,0.002074641940241088
38,0.0020746941371776197
39,0.002103321763872187
40,0.002121853608626129
41,0.002101030465398449
42,0.002138482041916689
43,0.0021178773704918032
44,0.0021359501566429865
45,0.002262636347691876
46,0.0023200332182916304
47,0.0023555947630546333
48,0.0023659971721150057
49,0.0023796885858940295
50,0.0024101321537157955
51,0.0024172467400550416
52,0.002427994481857473
53,0.0024435891305446098
54,0.00245716990919237
55,0.002470033460598656
56,0.0024822250619937177
57,0.0024945970602869225
58,0.0025055834861620542
59,0.0025540377359278433
60,0.0025554264298215607
61,0.0025294270040210976
62,0.0025424901688940334
63,0.0025510872959264544
64,0.002570436929557688
65,0.002583690495668912
66,0.002595985412086439
67,0.0026089954252230944
68,0.002733932662268088
69,0.002761260100128606
70,0.00278043117657941
71,0.0028016474715843193
72,0.002831884055418575
73,0.002851462075983717
74,0.002860137899368098
75,0.002876931647789538
76,0.002894526514494847
77,0.0028991194032009257
78,0.002906429657739534
79,0.002923171450106983
80,0.002932346541606996
81,0.002943882837772103
82,0.0029549349099786395
83,0.002968328200638899
84,0.0029824926565675224
85,0.0029893740822999567
86,0.0030001389651335315
87,0.0029982998175295357
88,0.0030074154456919545
89,0.0030097571526054587
90,0.0030172084631621267
91,0.003039819275523626
92,0.0030508806423229207
93,0.0030818049333928227
94,0.0031039270351823317
95,0.0031203232167021067
96,0.003135503291847959
97,0.003144805843884064
98,0.003153966222455404
99,0.0031612809481310375
100,0.003169684072474455
101,0.0031808913293881434
102,0.003181819725548373
103,0.0031988112342917294
104,0.003204371973553719
105,0.0032165174583139566
106,0.003229601477766633
107,0.0032405568534886837
108,0.0032428607686632235
109,0.003256333836076587
110,0.0032683248787062002
111,0.0032911399575642603
112,0.0032876127987013005
113,0.003295626288942519
114,0.0033010909615384613
115,0.0033081701474471825
116,0.003316409626643102
117,0.0033265520643302932
118,0.003341851080651844
119,0.0033552280928551568
120,0.0033724041631857425
121,0.003379834524058942
122,0.0033937875603442247
123,0.003404901915520629
124,0.003417009787306642
125,0.003426921842225262
126,0.0034378461494515536
127,0.0034488314859437747
128,0.0034592015797731968
129,0.0034731908458282505
130,0.0034778866939831786
131,0.0034890791612530673
132,0.003514136722427403
133,0.0035151270945259177
134,0.003526614668024144
135,0.0035363276979728736
136,0.0035459284331089864
137,0.0035536707973500533
138,0.0035616254864736592
139,0.0035708228461081406
140,0.0035947015617548883
141,0.0035921091670655806
142,0.003605954437583693
143,0.003621387363459525
144,0.003634533917843196
145,0.003645936622212176
146,0.0036571960425949702
147,0.003669023946432625
148,0.003680765493993625
149,0.003693504978488015
150,0.0037043496796846124
151,0.0037187293644906035
152,0.0037236101150723644
153,0.0037308871529786562
154,0.003754068549013516
155,0.003784358623924941
156,0.0038078483354271357
157,0.0038235260695187174
158,0.003836853251565094
159,0.00385546894182612
160,0.003875686632998383
161,0.003894138841546748
162,0.00390468459862848
163,0.003918647540055026
164,0.003931743729198798
165,0.003943987222267437
166,0.003956229369971113
167,0.003970208828971716
168,0.003982716071902361
169,0.0040156838564466835
170,0.004016322452790321
171,0.004021443273133958
172,0.004031151611429521
173,0.004035161106955871
174,0.0040468964160547405
175,0.0040476976542282335
176,0.004061124251823287
177,0.004075404380144465
178,0.0040965413109371055
179,0.004108018048007653
180,0.00413047310241008
181,0.004146165570119428
182,0.004172050462407947
183,0.004188986129282149
184,0.004190563171973422
185,0.004199051273637855
186,0.004205377440713174
187,0.004222905579157274
188,0.0042438990924880595
189,0.004246219235785081
190,0.004270161351487704
191,0.004260593887724976
192,0.004270784788357537
193,0.0042954194183063505
194,0.004313925243887494
195,0.004305964708398688
196,0.00433114176436946
197,0.004347978837456772
198,0.004356684619492656
199,0.004372413497233624
200,0.004388902750447227
201,0.004401706643356642
202,0.004391743601104009
203,0.004421466756441985
204,0.004411712387059166
205,0.004428941027887283
206,0.004433845977768027
207,0.004429468029903254
208,0.004448205867647059
209,0.004450721048363315
210,0.004480140857116721
211,0.0044908528803748625
212,0.004510964760368663
213,0.004525960522429389
214,0.004509532999701226
215,0.004524099745585154
216,0.004526871796793046
217,0.004529559120252214
218,0.0045461037911839934
219,0.004578673965125095
220,0.004715491569177975
221,0.0048071204317349054
222,0.005036984063179008
223,0.005231213578721118
224,0.005328132829385438
225,0.005378101594043021
226,0.005426738422632282
227,0.005489929590577678
228,0.005760171804773052
229,0.005805591739837846
230,0.005906410355203281
231,0.006007169063462723
232,0.006080068250195378
233,0.006131683148893361
234,0.006174040434202289
235,0.006454266439082592
236,0.006672484595855635
237,0.0070548960226447955
238,0.007523562922218779
239,0.007926310589550517
240,0.008356951657866011
241,0.008549146710178163
242,0.008741731204538842
243,0.00914146131348186
244,0.009536986728880157
245,0.00986194231159862
246,0.010073494032793692
247,0.010322299037800686
248,0.010740059392999558
249,0.010950884375712238
250,0.011215440861829944
251,0.01135899965973535
252,0.01147082561872438
253,0.011571392664599237
254,0.011657369899747841
255,0.01172854572257129
256,0.011805530710672878
257,0.011882713818048061
258,0.011971314553429027
259,0.012081624283835583
260,0.012276431515895376
261,0.012318523547323016
262,0.012420702089046524
263,0.012541453322989395
264,0.012626333407079646
265,0.0127076436104477
266,0.012804840081880615
267,0.01292363948849473
268,0.013039669841609588
269,0.013135924296115353
270,0.013223825513259197
271,0.01331816754580541
272,0.013439883740191807
273,0.013548544926597583
274,0.01365623212172443
275,0.013748427576443942
276,0.013834459666381523
277,0.013924070054472477
278,0.013985995302593658
279,0.014041308416725184
280,0.014118834128822986
281,0.01420358971269694
282,0.014281182001902044
283,0.014340312778505896
284,0.01440071953539823
285,0.014469622572362279
286,0.014553893871252202
287,0.014620286234817809
288,0.014687100779404817
289,0.014741780765410002
290,0.014782922313009206
291,0.014895224633821572
292,0.014990796390611157
293,0.015071026603690687
294,0.01516105908632004
295,0.015236516083206496
296,0.015282331278748852
297,0.015343057220352174
298,0.015425895243398028
299,0.015475505939629987
300,0.015527720870351201
