1,0.0017817403088391903
2,0.0017279837567793833
3,0.0017040060632308362
4,0.0017163668481375359
5,0.0016995418305837567
6,0.0017149606152482271
7,0.0017055102904490374
8,0.001716743185990679
9,0.0017029285613482544
10,0.0016879825957138075
11,0.0017185454204444444
12,0.0017046819655809984
13,0.0017372773654054823
14,0.001706823041321099
15,0.0017069219498089799
16,0.0017343239942123093
17,0.001706187397884615
18,0.001737795461561442
19,0.0017078410577952192
20,0.0017211525956621408
21,0.0017461433435388514
22,0.001697044235319044
23,0.0016987928552640464
24,0.001726272121418582
25,0.0017157789818874434
26,0.0016914311359838463
27,0.0017130066317565193
28,0.0016935944226625689
29,0.0017148644708894643
30,0.0016899857828942717
31,0.001682080306927902
32,0.0017155114107315957
33,0.001678580506080115
34,0.0016923540598214601
35,0.001750825546594982
36,0.0017021380788587897
37,0.0017058728708453377
38,0.001705514118122977
39,0.0016846336060404332
40,0.0016940897190675435
41,0.001675172570648177
42,0.0016907258736152174
43,0.0017470639930175973
44,0.0016743476320805434
45,0.0016889944051358163
46,0.0016768154367221059
47,0.0017146147531813735
48,0.0016831394283766314
49,0.001680312013729977
50,0.001685325039334289
51,0.0016920168731191828
52,0.0017031074598478444
53,0.0016963374060610297
54,0.0017337386608855141
55,0.0016905151441877126
56,0.0017322809565235996
57,0.0017227515289490467
58,0.0017089510633825024
59,0.001757025885182696
60,0.0017078695433628318
61,0.0017102836160397443
62,0.0017638964096031006
63,0.0016975862889981696
64,0.0017295206040173687
65,0.0016981489260643316
66,0.0017482775681570335
67,0.0017299795619384404
68,0.0017071227342630455
69,0.0016960658397346367
70,0.0016972026319198384
71,0.0016922387311835503
72,0.0016913111012180353
73,0.0016919332118596091
74,0.0017005519968815333
75,0.001698993603519657
76,0.0016782564414823085
77,0.001772043254072025
78,0.0017313893146336911
79,0.001758954154435455
80,0.0017607767966602954
81,0.0017183070794423256
82,0.0017399830708800111
83,0.00174408099316288
84,0.001698908176414053
85,0.0017082676745007954
86,0.0017594649317615142
87,0.0017214315974690743
88,0.0017133862733994705
89,0.0017165776766198716
90,0.0017158851613834933
91,0.0017858100543021974
92,0.0017154290984762982
93,0.0017388507317499127
94,0.0017211819931638055
95,0.0017074681566316087
96,0.001721423946366904
97,0.0017151940641139804
98,0.0017433721207889684
99,0.001750224178033388
100,0.001746737408182521
101,0.0017233132352417258
102,0.0017367021986475365
103,0.0017608444412780967
104,0.0017097871753362272
105,0.0017191781949651849
106,0.0017024368376550166
107,0.001694770221586848
108,0.0017335626683178678
109,0.0016971146563693159
110,0.0016844488566182608
111,0.001723971326278195
112,0.001674608837300039
113,0.0016814420542919132
114,0.0017119042274597832
115,0.0016848781771033419
116,0.0016946576129054569
117,0.0016877487506176325
118,0.0016974711874898787
119,0.0017067605288274596
120,0.001753760903187515
121,0.0017305396768305776
122,0.001715727796695222
123,0.001728273976545075
124,0.0017579520960408115
125,0.0017051548415141875
126,0.0017092745065373162
127,0.0017058071541697535
128,0.00170880746452257
129,0.0017029328825306554
130,0.001706364619010308
131,0.0017094394840705444
132,0.0016678064230689156
133,0.0017576223599140804
134,0.0017014302451102638
135,0.0017259453453399049
136,0.0016957382003577818
137,0.0017090079382560029
138,0.001707823035935564
139,0.001788136382165605
140,0.0017532287004631102
141,0.001717364984288538
142,0.001697721248473529
143,0.0017168190304593562
144,0.001734868103264727
145,0.0017142646609008378
146,0.001707466658400935
147,0.001709769763205829
148,0.0016924903824274231
149,0.0016739807445146633
150,0.0016828582320008556
151,0.001728421450156428
152,0.0017191365510632979
153,0.001691113097272662
154,0.0016925606012404045
155,0.0017226676711095104
156,0.0016966659953687462
157,0.0016821420902755667
158,0.0017227153070497358
159,0.0017713310454496997
160,0.0017056871568861688
161,0.0017358838148553667
162,0.001776936861845847
163,0.0017251392087487935
164,0.0017429274017739464
165,0.001719818512697789
166,0.0017069838856008791
167,0.0017255969050821067
168,0.0017202470998753782
169,0.0017096930555555556
170,0.001789544991861096
171,0.0017143712002702029
172,0.0016990284990645631
173,0.0016954839658219274
174,0.001718581014680019
175,0.0017065995680744241
176,0.0017287888691449285
177,0.0017125086504579646
178,0.0017047606287167113
179,0.0017025275124871585
180,0.0017038666248545664
181,0.0017226747973693563
182,0.0017143286601456666
183,0.001713189003265654
184,0.0017199607246858994
185,0.0018022681614747983
186,0.0017125616294024536
187,0.0017373778133709776
188,0.0017102914789334852
189,0.0017213311931940543
190,0.0017216279592491004
191,0.0017423300885985346
192,0.001710239668070889
193,0.0017153407229470998
194,0.0017109608570205215
195,0.0017197428900496976
196,0.0017092869735762933
197,0.0017034283124355131
198,0.001718477704678363
199,0.001703169972012612
200,0.0016986915742849913
201,0.0016936109612440337
202,0.0017056125711674985
203,0.001724981571200031
204,0.0017083721306092668
205,0.0017058226990071723
206,0.0017485700870019142
207,0.0017053955678278106
208,0.001698118392939262
209,0.0017000547469146843
210,0.0017209161686885777
211,0.001701003667253521
212,0.001704825634683931
213,0.0017285134611269358
214,0.0017015392679194249
215,0.001716769865707604
216,0.0017120870537286105
217,0.001717334608943524
218,0.0017068821785522195
219,0.0017125077799131608
220,0.00171207250744448
221,0.0017083135998133324
222,0.0017200620177399578
223,0.0017132309893530477
224,0.0017025670058257141
225,0.0017684808389225445
226,0.001700230290445179
227,0.001741044471938507
228,0.0016959717645156655
229,0.0017008588907539018
230,0.0017173183203921707
231,0.0016905187971133575
232,0.0016813477480158731
233,0.0016767387640449437
234,0.0017015406016515926
235,0.0017012549978919261
236,0.0017086038341089871
237,0.0017127097362664954
238,0.0016783900861317433
239,0.0016748609584091808
240,0.0017882225376440097
241,0.0016929119858230322
242,0.0016985348146933421
243,0.0016865449002388668
244,0.001684561850592442
245,0.0017127960097296495
246,0.0017099975305184497
247,0.0017113039683107406
248,0.0017191994807175543
249,0.0017312955578329856
250,0.0017152986995742625
251,0.0017024307423518508
252,0.0017110668845300501
253,0.0017091638410336725
254,0.0017197457517917486
255,0.0017380828421891298
256,0.0016972048179032142
257,0.0016906008410686624
258,0.0017047223247887526
259,0.0017499863763701987
260,0.0017123447410423895
261,0.0017585044518592537
262,0.0017103185942742912
263,0.0016850571510676094
264,0.0016871603247931753
265,0.0016783272286960253
266,0.0016781954341876092
267,0.001698175266759453
268,0.0017497208959663265
269,0.001707994072586378
270,0.0017237808651063924
271,0.0017634959029900813
272,0.001724494981174966
273,0.0017184624341374244
274,0.0017073614183891659
275,0.0017151093473057718
276,0.0017138322011183511
277,0.0017107240176852314
278,0.0017215986371290023
279,0.0017262252970895895
280,0.0017115521874549744
281,0.0017528601212227688
282,0.0017144859112773916
283,0.0017102310033012774
284,0.0017127658648962412
285,0.0017157035611385042
286,0.0017041488895568836
287,0.0017050695121078798
288,0.0017139673925563317
289,0.0017589064869096603
290,0.001685279516979025
291,0.0017016735764747441
292,0.0016977255701254275
293,0.0016967137410670923
294,0.0017078948168983798
295,0.001685231344448386
296,0.0017027687765002481
297,0.0017270360653398958
298,0.0017203969361519783
299,0.001734648255079616
300,0.0017305586306146311
