1,0.0017036897949688685
2,0.001761103569830532
3,0.0017194872467031202
4,0.0017380304548032036
5,0.0017044526675637343
6,0.0017236485523889858
7,0.0017280353998138736
8,0.0017089985606182985
9,0.0017127475170434163
10,0.00170393456450547
11,0.0017312104034123768
12,0.0017064392201015085
13,0.001742111624259938
14,0.0017127346924177395
15,0.001728476993810154
16,0.0016842020852461332
17,0.0016751702997967477
18,0.0016733508332439297
19,0.0017347473993027992
20,0.00169126541840856
21,0.0016883245413885876
22,0.001713331116444866
23,0.0016898596381186507
24,0.001676316676500191
25,0.0016870116271597885
26,0.0016666307831861434
27,0.0016830342511174252
28,0.0017120334018098603
29,0.001719071448165301
30,0.0017119512015924718
31,0.0017439349634074978
32,0.0017245813853340732
33,0.00170560927672956
34,0.0017303601226337742
35,0.0016945329087994301
36,0.0017104629234077052
37,0.0016967954092589332
38,0.0017539148608791443
39,0.0017090011402012407
40,0.0017949703952991449
41,0.0017194020773121385
42,0.0017037040810522577
43,0.0017102811462618814
44,0.0017084557403261912
45,0.0017442648402886947
46,0.0017939771919578064
47,0.0017063129273691977
48,0.0017154420042542408
49,0.0016956484355112433
50,0.0017009718123425245
51,0.0017041210245886886
52,0.0017103482326644287
53,0.001693666317012152
54,0.0017012037014988094
55,0.0016965827740651215
56,0.0017247875892406428
57,0.0017212440935748718
58,0.001703262460119903
59,0.0017327929494291544
60,0.0017154384419233973
61,0.0017161962945036033
62,0.0016968058763137746
63,0.0017549554190255624
64,0.0017205483163902264
65,0.0017150798751922184
66,0.0017106002188300598
67,0.0016894435818682486
68,0.0017079565908190437
69,0.0017064309738148826
70,0.0017298165572082788
71,0.001694772124982427
72,0.0017147196054633051
73,0.0017019162841278822
74,0.0017077357792752927
75,0.0017016349805131345
76,0.0017048087207755178
77,0.0017095336266008993
78,0.0017227075808229895
79,0.0017056182997169777
80,0.0017066326031065881
81,0.0017165943370812833
82,0.0017085816488022444
83,0.0017116360203220716
84,0.0017047536934160848
85,0.0017137074039497312
86,0.0017373296769970985
87,0.0017031991535692648
88,0.001716824869296155
89,0.001694202562443154
90,0.001692636086739425
91,0.0017057508350211419
92,0.0017064942435503466
93,0.0017120750056473764
94,0.0017051411238189955
95,0.001704889369078192
96,0.0017229944454386027
97,0.0017109874481387763
98,0.00171531102842835
99,0.0017047744518622627
100,0.0017096499946407519
101,0.0017395811460554369
102,0.001706792003598645
103,0.00170543038626154
104,0.00180943624521188
105,0.0018381391657164578
106,0.0018765474220367874
107,0.0019508020292983307
108,0.0018691539912162422
109,0.0018887672806779923
110,0.0018963317108585858
111,0.0018894179031185196
112,0.0019206086498882748
113,0.0019399810267753978
114,0.0019315392868538609
115,0.001952760631459716
116,0.0019803876446617768
117,0.0019284979153392802
118,0.0019499635009834224
119,0.0019459285731501567
120,0.0019569959123413145
121,0.0019532841715619214
122,0.0019558539581400972
123,0.0019524444735147322
124,0.0019811732462339964
125,0.001963802944511948
126,0.001984794276558634
127,0.001975586189622872
128,0.001983741628379752
129,0.001977191266706169
130,0.001987371738348909
131,0.001982191644204852
132,0.0019813012177414034
133,0.0020131367850828503
134,0.0019931089928057555
135,0.001997936459834479
136,0.0020013495627784197
137,0.0019956252057443833
138,0.0019986946699357172
139,0.002003024959679087
140,0.0020075518026565465
141,0.0020283901289332943
142,0.00201657227873284
143,0.0020685950122360944
144,0.002021672461711048
145,0.0020298569220795508
146,0.0020245579069378883
147,0.0020315645587373355
148,0.00204354514740467
149,0.0020365538017223274
150,0.002038486803482064
151,0.0020511543392962616
152,0.0020434072326495295
153,0.0020864034562991796
154,0.002087645084126205
155,0.002090188959493348
156,0.0021030856005758076
157,0.0020740239744295326
158,0.002057773367719477
159,0.002053007847543138
160,0.0020838666610032705
161,0.002061763850791898
162,0.0020591998340955967
163,0.002062241475634866
164,0.002065412531361447
165,0.002065687322107782
166,0.002064169542876636
167,0.0020703165196112217
168,0.002072539528542831
169,0.00207911817171674
170,0.0020682541862451945
171,0.0020709627455166523
172,0.002073313643165591
173,0.0020737530537616013
174,0.002082493640144045
175,0.0020739978393781514
176,0.0020760828484510906
177,0.0020777376762253965
178,0.00207742888298556
179,0.0020852760507090676
180,0.0021990804622661793
181,0.0020849207189570606
182,0.0021028714574503615
183,0.002085109987523662
184,0.0020952685366379307
185,0.002096110671245303
186,0.0020964697954506143
187,0.002095764034898285
188,0.0021145320214474884
189,0.0021004067956542443
190,0.002105565506013111
191,0.002102256537010537
192,0.0021052478151333503
193,0.002105872202926236
194,0.0021140487602945663
195,0.002111816006794721
196,0.002111993449372604
197,0.0021155396908495434
198,0.0021491858412477126
199,0.0021168934391812095
200,0.0021334345736978367
201,0.002119413195993527
202,0.002127854201625302
203,0.0021404494902012706
204,0.002160386034505582
205,0.0021396413918847237
206,0.002141064496347133
207,0.00214534407073355
208,0.0022285623967564553
209,0.0022918716897796353
210,0.0022936172997385313
211,0.002314620126327878
212,0.002312185486420463
213,0.002320326081846095
214,0.0023205924985601842
215,0.002325721889722142
216,0.0023314270254657494
217,0.002351585656489448
218,0.002356762866246351
219,0.002380998857509022
220,0.00238537566855435
221,0.002363324834853728
222,0.00236248377858097
223,0.002365436969362842
224,0.0023668881109294004
225,0.002400914177984839
226,0.002375810394633764
227,0.0023777421588426525
228,0.002384611745313192
229,0.002394471352955726
230,0.002394206868281567
231,0.0024019915643790687
232,0.002413273170060539
233,0.002420995786404864
234,0.0024155088825501673
235,0.0024167360554274834
236,0.002432937771766356
237,0.0024170474381448462
238,0.0024161869192602615
239,0.002422162658037327
240,0.002427792465167748
241,0.0024457494693158953
242,0.002444282031328699
243,0.0024342000176242507
244,0.0024490993577149763
245,0.00243578948642922
246,0.002441610958731121
247,0.002446566818434765
248,0.0024503415581784106
249,0.0024757981984492978
250,0.002456484533157708
251,0.002453959175659928
252,0.0024589859770639873
253,0.0024627672880581093
254,0.00246483517371949
255,0.002489791816052149
256,0.0024702206637877474
257,0.0024737692372893785
258,0.0024818731678015317
259,0.002475739067139558
260,0.002484545854001323
261,0.0024858577902745612
262,0.002483591824010089
263,0.0024909946805866273
264,0.0025238748341625205
265,0.002493695434566263
266,0.0025258701347865885
267,0.0025024446238348865
268,0.0025053783874999995
269,0.002506866687520854
270,0.0025074375990656542
271,0.002508014330997665
272,0.002508911633539335
273,0.0025104764197427763
274,0.0025125441009358285
275,0.0025142447881048593
276,0.0025148237997658076
277,0.0025149377940560905
278,0.0025151432341851696
279,0.002522035907957615
280,0.0025226080119317698
281,0.0025257182118690927
282,0.0025274377607425944
283,0.002528354438703616
284,0.0025294631021496937
285,0.0025335978745757233
286,0.0025448671721934103
287,0.002546138631162244
288,0.0025431063813854443
289,0.0025484590440982306
290,0.0025515086716062455
291,0.002548228357105124
292,0.0025527094770549943
293,0.0025615495827131618
294,0.0025616043145589803
295,0.0025865325981696287
296,0.0025709422955974837
297,0.00257048394016821
298,0.0025843781656017042
299,0.0025775324102235743
300,0.0025990965680252123
