1,0.003501375282343011
2,0.0035131880102936023
3,0.003561694064044861
4,0.0035641238216607566
5,0.003564404254376246
6,0.0035668389563286453
7,0.0035659939512845194
8,0.00356424769817186
9,0.003563327094744633
10,0.003563772085367659
11,0.0035632491862701583
12,0.00356544866765359
13,0.0035634348144314657
14,0.0035642595651852395
15,0.0035628353548434843
16,0.0035630202426753478
17,0.003563974868625564
18,0.0035668572577655863
19,0.0035687233912914244
20,0.0035698008587360594
21,0.0035729103482920292
22,0.003575817717885633
23,0.003597744064251027
24,0.003615409116414783
25,0.0037128069401446842
26,0.003714596001965364
27,0.003716302605903421
28,0.0037209555514342236
29,0.00372476861359127
30,0.003728897795665635
31,0.003738956635130088
32,0.0037442002927984045
33,0.0037452083578052545
34,0.003753147277304415
35,0.003749429817688131
36,0.003760732735863792
37,0.0037636609258824443
38,0.0037654217916535926
39,0.0037771023129572817
40,0.0038525623269689735
41,0.003888672729029765
42,0.00389172381977917
43,0.003948972608270125
44,0.0039556983152484295
45,0.0039610607476635515
46,0.0039673656306603
47,0.003969323882566386
48,0.003974011864125933
49,0.003999569952563249
50,0.004036445275294512
51,0.004103981137479542
52,0.004140128091671926
53,0.004140797115384616
54,0.004147599044673539
55,0.004153708899475284
56,0.004157023054595716
57,0.004161426635708345
58,0.004171700439503619
59,0.004180714032202216
60,0.004187790266678249
61,0.004188707593722755
62,0.00419096271784594
63,0.004242759772487702
64,0.004320043655074303
65,0.004346213506119509
66,0.0043528585545297175
67,0.004359023758660509
68,0.00435853184313159
69,0.004370719798170466
70,0.004377044588492352
71,0.004389725074667391
72,0.004399061346883463
73,0.004407587682348651
74,0.004405854244853342
75,0.004404516844116844
76,0.0044324655
77,0.004521162194756555
78,0.004538170185632357
79,0.004534357355982983
80,0.004552450809624697
81,0.0045749565190932595
82,0.004618025756422455
83,0.004619913032446563
84,0.004622060248193497
85,0.004610491269089023
86,0.005627675770398912
87,0.004524719376693766
88,0.0045127111085278525
89,0.004492316083039198
90,0.004482300003494409
91,0.004479925275590552
92,0.00446724946788821
93,0.004468897306386116
94,0.004536443946256039
95,0.004525527485399729
96,0.00453430677122606
97,0.0045418423256465305
98,0.004537672637379227
99,0.004538573750188793
100,0.004510019432551773
