1,0.00923632958473524
2,0.010569133820613577
3,0.010871363760645453
4,0.012850933041865395
5,0.013116362857538975
6,0.014913429588072548
7,0.015354010989740378
8,0.016687106157550743
9,0.018966310165155115
10,0.020311567985125088
11,0.023636414341672483
12,0.025284760193392423
13,0.02656055883602379
14,0.02793160400340715
15,0.02868184146230699
16,0.031621538765088206
17,0.035321127033730165
18,0.03840201510309278
19,0.04150594424342105
20,0.04302197150055991
21,0.04488549024970273
22,0.04847019090330788
23,0.05059226456743003
24,0.052412159194630874
25,0.054265415321477425
26,0.05616927406069365
27,0.05731655478260869
28,0.058470656780924
29,0.06043101405082213
30,0.06112167469696969
31,0.062066860692307706
32,0.0642706533227848
33,0.06569890795819937
34,0.06792210584745761
35,0.0698942375
36,0.0711870012605042
37,0.0727680939367311
38,0.07385386470054446
39,0.07514182531305903
40,0.07636175879120878
41,0.0770728408918406
42,0.07891916379962194
43,0.08066702028037384
44,0.08213739129158514
45,0.08411389515151516
46,0.08545258053892216
47,0.08667085709939149
48,0.08845498234042552
49,0.08937481244588744
50,0.09035501045081966
51,0.09232166929637527
52,0.09347733698030633
53,0.09482554722838138
54,0.09566562312925168
55,0.09668546908665106
56,0.0985832954965358
57,0.10054868552941175
58,0.10220440215827338
59,0.10353500280373831
60,0.10482518795180723
61,0.10597419856801908
62,0.10703866746987953
63,0.10828118341645884
64,0.11009668058375632
65,0.11116669516971281
66,0.11232584805194806
67,0.11396282051948052
68,0.11500493690476193
69,0.1164989692819149
70,0.11748898873626373
71,0.11892937975543479
72,0.12056869806629836
73,0.12184422895480226
74,0.12340457855153204
75,0.12479644615384615
76,0.12553480494186045
77,0.12726660200573064
78,0.12837682595307914
79,0.12978890042613636
80,0.13126179369501464
81,0.132531103372434
82,0.1335489104790419
83,0.13507005123839014
84,0.136438696
85,0.13791542484276728
86,0.13909930943396226
87,0.14050553690851733
88,0.14203976733333334
89,0.1432709064144737
90,0.14484176970198676
91,0.14614796582491582
92,0.14719673622950824
93,0.14838713779264215
94,0.14957604347826087
95,0.15090812772108841
96,0.15224145171232875
97,0.1536533125
98,0.15495615337837837
99,0.15665994427083332
100,0.15764795512367488
