1,0.006493976396645146
2,0.007767526755157524
3,0.008835586723729739
4,0.010294050360704434
5,0.011925335234816816
6,0.013175395029875067
7,0.014460523055141578
8,0.015871286396337475
9,0.017431221183981428
10,0.018929009016393446
11,0.02000637113720643
12,0.021337589481165604
13,0.022682888319823142
14,0.02397695583969466
15,0.025305079137529128
16,0.02667506226415095
17,0.028021991920473773
18,0.029431315923009623
19,0.03070537117962466
20,0.031957099492619934
21,0.03333098536231885
22,0.03470412308070866
23,0.03610191884920634
24,0.03795893675703859
25,0.040005529351351356
26,0.04240439225195094
27,0.04385179472157773
28,0.04532118127208481
29,0.04686730992691839
30,0.04821064962453067
31,0.04957042050128534
32,0.05094847813315927
33,0.05226112951807229
34,0.05347264175749319
35,0.05504150332871012
36,0.05673547916073969
37,0.057782482608695646
38,0.059101095340236685
39,0.06045029878971255
40,0.06186449634146342
41,0.0633626363422292
42,0.06460090265273313
43,0.06607860056089744
44,0.06745714917763158
45,0.06884243381112984
46,0.07000385659246577
47,0.07149128179442509
48,0.07288963327495622
49,0.07427112203703705
50,0.07558031996370237
51,0.07690137601476014
52,0.07826263818011257
53,0.07962450075614366
54,0.08104122896825397
55,0.08234740205479452
56,0.08371325815109343
57,0.08511795691382766
58,0.08647801424180328
59,0.08786853041666667
60,0.08928676861924686
61,0.09064881747881355
62,0.09193913254310344
63,0.09331843649237472
64,0.09469817494432071
65,0.09610357756696428
66,0.09740656465909091
67,0.09879396306818182
68,0.10022954383720928
69,0.10159451152941176
70,0.10289309278959811
71,0.10429780350241545
72,0.10571837182926828
73,0.10703793194103194
74,0.10840623890274313
75,0.10974566654135338
76,0.11118226002570694
77,0.11252425556994818
78,0.11385413910761154
79,0.11523246415343918
80,0.1166181111111111
81,0.11792664381720432
82,0.11926064809264303
83,0.12069723109589042
84,0.12207274402777779
85,0.12343324061624648
86,0.12477052951977402
87,0.12622719857549858
88,0.12759544956647395
89,0.12889912857142855
90,0.13038771803519061
91,0.13166677233727814
92,0.13302260658682638
93,0.1344136966666667
94,0.1358422619631902
95,0.13715527646153847
96,0.13858654174603172
97,0.139876366875
98,0.14122209301587305
99,0.1426355098387097
100,0.14400262516129028
