1,0.007083076100924797
2,0.008718932858879733
3,0.010808808317673432
4,0.012841228658375232
5,0.014758234194965194
6,0.016896766310461192
7,0.018759903019744485
8,0.020770286504723345
9,0.02281784261321455
10,0.024894713143086816
11,0.02648324171405362
12,0.028326035486577184
13,0.03023122825311943
14,0.03217519164305949
15,0.03398764298928919
16,0.03576046321897073
17,0.03755498228180862
18,0.03986977772435897
19,0.043401882200460824
20,0.04700690412561576
21,0.049110121713917515
22,0.05116060583989501
23,0.053515610558583095
24,0.05584301246478874
25,0.05750386869501468
26,0.05931816957163959
27,0.061386954977029104
28,0.06372869131782946
29,0.0659173451754386
30,0.06770583412828945
31,0.0696031590677966
32,0.07141310391986064
33,0.07366559685251799
34,0.07613227277777779
35,0.07779859333333333
36,0.079654786302682
37,0.08164193507751938
38,0.0837157498003992
39,0.0861340556795132
40,0.08794588983572894
41,0.08974851460554371
42,0.09172478516129032
43,0.0937414231359649
44,0.09611611160714287
45,0.09810798070776255
46,0.09984891689814814
47,0.10186429274004684
48,0.10389460506024097
49,0.10615473120393121
50,0.10813672044887782
51,0.10989625635910226
52,0.11191909170984457
53,0.11418438835978834
54,0.1163282698138298
55,0.11845477486486485
56,0.12021435041666667
57,0.12218177065527068
58,0.12430463149717513
59,0.12642427002840909
60,0.1285520702346041
61,0.13031768165680474
62,0.13200388196969698
63,0.134083793030303
64,0.1363264696923077
65,0.13847845965732086
66,0.14033085849056604
67,0.142136853525641
68,0.14418520384615388
69,0.14631950279605263
70,0.14877609983443713
71,0.15059620336700336
72,0.1523697911564626
73,0.15435581816608998
74,0.15659052805755394
75,0.15867743851590102
76,0.160621440569395
77,0.1624032379496403
78,0.1642859079710145
79,0.16655770354477611
80,0.1687505009328358
81,0.1708535352830189
82,0.1725980305343512
83,0.1742954848249027
84,0.17635635894941634
85,0.17861289781746031
86,0.1806688740079365
87,0.18250321065573769
88,0.18434340971659918
89,0.18629151209016395
90,0.1884918979338843
91,0.19075961213389125
92,0.19235908072033903
93,0.1941670775641025
94,0.1962113835470085
95,0.19826805327510916
96,0.20034906381578946
97,0.20279848075221238
98,0.20466475791855201
99,0.20658798206278026
100,0.20870626045454543
