1,0.005200473654299807
2,0.005316640971841788
3,0.005432182650426583
4,0.005446041321476812
5,0.005458525933656775
6,0.005613231015887741
7,0.005635157303436226
8,0.005630685353652861
9,0.005626185946952071
10,0.005678936209326911
11,0.005658843675403698
12,0.0056776636208920195
13,0.005683793605130015
14,0.005770960884086576
15,0.005762573866334283
16,0.0057405814020519775
17,0.006147459832742018
18,0.006242181392649904
19,0.006267811080206986
20,0.0062653945629687095
21,0.006268518157146549
22,0.0062870572325727445
23,0.00630947216377094
24,0.0063028724333403325
25,0.0063266609690883
26,0.0063706036808202976
27,0.006538165211818672
28,0.006492495574450992
29,0.006401968925171866
30,0.00644931282068324
31,0.006698132396020451
32,0.0066460554461016275
33,0.0072337510810603824
34,0.007280639983468591
35,0.0073932028195025845
36,0.007388112512303151
37,0.007386798098280844
38,0.007565790090441291
39,0.007576166885029002
40,0.0075828220312499995
41,0.007577923809277333
42,0.007595437420906101
43,0.007809636006623353
44,0.007733910807146275
45,0.00761825659898477
46,0.007613089201067335
47,0.00786297511748501
48,0.007774321543150464
49,0.008042783573797676
50,0.008149277475189157
51,0.008131902474002013
52,0.008128444884267024
53,0.008146128788642473
54,0.008169270603042407
55,0.008156755416526704
56,0.008173580289757412
57,0.008151445848032565
58,0.008161446994278256
59,0.008157468233695652
60,0.008304951061280383
61,0.008340775929200094
62,0.008470286107230178
63,0.008351473970506399
64,0.008647564002854085
65,0.009304542011891062
66,0.009206688216862895
67,0.00926618150663785
68,0.009250843865598029
69,0.009274570437845759
70,0.009359645103341703
71,0.009377004285161538
72,0.009366166396135266
73,0.00939556981388135
74,0.009411328703164435
75,0.009418611577311576
76,0.009612031458333333
77,0.009622591354779738
78,0.009597516564417178
79,0.009469379580573952
80,0.009476009897716301
81,0.010265022598391875
82,0.010335020360110804
83,0.010187277508511722
84,0.010175180308362362
85,0.010196305655570653
86,0.010223030444866119
87,0.010246076727964489
88,0.01024492979712595
89,0.010268145348590805
90,0.010275724331777682
91,0.010298844148258284
92,0.010294500403482692
93,0.010471441828583764
94,0.010474473828040613
95,0.010349102533609099
96,0.01034929646673561
97,0.011439892067421027
98,0.011560619451610592
99,0.01148781685619208
100,0.01147439408364376
