1,0.00780164209934094
2,0.008097503508185767
3,0.008666273208221626
4,0.00950913672809253
5,0.010272591783697747
6,0.010308247214543906
7,0.010953682148499212
8,0.011649562830052808
9,0.012181859434673365
10,0.012719794059795436
11,0.013083013905841323
12,0.01391308690917516
13,0.015054190880200737
14,0.015805340189374018
15,0.01648902500850051
16,0.016808266129594497
17,0.017705144339622638
18,0.018694394551681197
19,0.018990972454142944
20,0.019551919089810715
21,0.01999098339513803
22,0.020509714786649768
23,0.021102395192982452
24,0.021503703784162578
25,0.02202937296028881
26,0.02268572683658171
27,0.0232478241025641
28,0.02389517837735849
29,0.02425758763693271
30,0.02491910859437751
31,0.02583779242798354
32,0.026506636310025273
33,0.027198935067114093
34,0.027612815433137095
35,0.028413522416737832
36,0.028944545143104943
37,0.02947637680555556
38,0.029971571570397114
39,0.03037030210951526
40,0.030985898201107014
41,0.03209896021455224
42,0.033471563461538456
43,0.0343005668292683
44,0.03546693255928853
45,0.03686848191919192
46,0.03775194153061224
47,0.03853646447507953
48,0.039043440746582544
49,0.03960519064906491
50,0.04042368587912089
51,0.0412786350877193
52,0.041966966197975256
53,0.04242768377926421
54,0.04293883419572554
55,0.043487957638888894
56,0.044411750826446286
57,0.044931270203836936
58,0.045484318462469725
59,0.04602915102040816
60,0.04667271354799514
61,0.04730732035670357
62,0.04793545394088669
63,0.048567868954659955
64,0.04911939042416452
65,0.049781376998597464
66,0.050468010677083334
67,0.05109313745098039
68,0.05174876108144192
69,0.052288100199203186
70,0.05294625260347129
71,0.05356383402489627
72,0.054243249999999986
73,0.05483963476775955
74,0.05540818087016574
75,0.05611639901547117
76,0.05675473328530259
77,0.05735971358381504
78,0.057870786403508775
79,0.0584633370614035
80,0.05907241042584434
81,0.05975675268256334
82,0.06046170217065868
83,0.06107466747720363
84,0.06169865379844962
85,0.06228934692429022
86,0.06289948469860897
87,0.06355269006359299
88,0.0641683275236593
89,0.06477098341307816
90,0.06542547597719868
91,0.06608428893376413
92,0.06670226104746316
93,0.06730740583333333
94,0.06792881031353135
95,0.06855497516666666
96,0.06911542483108107
97,0.06975237136824324
98,0.07038155711864406
99,0.07098800379965459
100,0.07161216597582037
