1,0.00010312806956952002
2,0.00010360894257521618
3,9.579179871333724e-05
4,0.00010763748818932404
5,0.00010437800061313007
6,0.0001038923185738906
7,0.00010106141545646472
8,0.00010858357464931603
9,9.866280930997166e-05
10,0.00010930174956829533
11,0.00010818876994885266
12,9.887936729918658e-05
13,0.03494770887809188
14,9.626560016423808e-05
15,0.0016844207127600936
16,0.006741295137347393
17,0.00010371934476196172
18,0.00010538424653310753
19,0.004559187451227188
20,0.00010154586393974871
21,0.00010300744522297723
22,0.004083264529202997
23,0.0021891407360406087
24,0.005577343320698368
25,0.003049434271156402
26,0.03076755923694779
27,0.0022660185306522065
28,0.0016609265896846371
29,0.00010354884674536847
30,0.005033878974810401
31,0.002086646810796871
32,0.007336763396722166
33,0.0016711648816848913
34,0.0016557801528031108
35,0.004259911475177306
36,0.018790968606060603
37,0.002214839410904438
38,0.009065701343599034
39,0.08432579407894736
40,0.004791751843431847
41,0.0016791099398289554
42,0.0836590231568998
43,0.000106328398567008
44,0.00532767926842217
45,0.007511911284151289
46,0.05694932425068121
47,0.003852877457128232
48,0.024482226655518396
49,0.0034269906803926285
50,0.03807201228771229
51,0.009827146311879009
52,0.0016809433258276746
53,0.0022850249981433346
54,0.015029433639883833
55,0.002122995235579499
56,0.00010077632078519764
57,0.001657813137126512
58,0.0038493212074699424
59,0.015428600854492188
60,0.0027124438315141337
61,0.0017212163522532958
62,0.0037057273644078223
63,0.0016720849922320044
64,0.00355186630678466
65,0.0016697870930876852
66,0.06631839106606606
67,0.0031767273148452387
68,0.04255954200841219
69,0.008212672175308224
70,0.0035660868789280206
71,0.0016729988542029995
72,0.003547667832291544
73,0.006171446726192382
74,0.027754971628592483
75,0.003585544855918076
76,0.0031941164968574266
77,0.0016703336214913037
78,0.0020759085562641784
79,0.0037758312133072407
80,0.003670724945079918
81,0.012975841814254858
82,0.0333880435443038
83,0.006345140859374999
84,0.006910507891309049
85,0.02855399426166794
86,0.0016792171785714283
87,0.003717448022738507
88,0.02165006016383495
89,0.00010708978872793761
90,0.0018158809957302235
91,0.023679842052117265
92,0.0017016956442925213
93,0.041914320102564094
94,0.0031938611527740903
95,0.04608806480414746
96,0.001669862851349946
97,0.08472884179687501
98,0.004487578428890543
99,0.003104187106547209
100,0.005085374629654904
