1,0.00010012286497645795
2,0.00010648533884945153
3,9.656119958328897e-05
4,0.00010171308079589097
5,0.00010129589819442361
6,9.694254944984545e-05
7,0.0018405892991860914
8,0.00010326009673900754
9,0.0016577024542298244
10,0.0016754954140995326
11,0.00010878872717929782
12,0.0017522679989676535
13,0.00010328347189114562
14,0.00010407821184605754
15,9.785159213848932e-05
16,9.613050330956143e-05
17,9.988455196430963e-05
18,0.0001033841426962745
19,0.0001052631808220856
20,0.00010320705256109808
21,9.616454762676491e-05
22,0.0017028248990242796
23,0.0016739923542238167
24,9.78656966007103e-05
25,0.0017533178887397156
26,0.00010182947138117533
27,0.0001119858721143826
28,0.00010446498370840581
29,0.00010114179154639176
30,0.0017243238830907258
31,9.97214921203088e-05
32,0.00010123743602379677
33,9.77138227496725e-05
34,0.00010432903782188202
35,0.00010252670717169859
36,9.962253505322124e-05
37,0.0017347276410715979
38,9.710383462107923e-05
39,0.0017450949974769485
40,0.00010140893351052514
41,9.989468016140492e-05
42,0.0001011305606943899
43,0.00010424976945507962
44,0.00010084124343534583
45,9.865670985575022e-05
46,0.00010177247006435463
47,9.881445796098546e-05
48,9.673273971116304e-05
49,9.754859398541746e-05
50,0.00010350902970491778
51,9.94816268750865e-05
52,0.00010566472882315785
53,0.0001005730015841038
54,0.00010371024230868403
55,9.960937803470476e-05
56,0.0001028111813464292
57,0.00010386334473484275
58,0.0017433036425776858
59,9.878991669832751e-05
60,0.00010419742283910468
61,0.0017421166010077873
62,0.00010404143167385053
63,9.591156180824027e-05
64,9.909489849588805e-05
65,0.00010316748171391276
66,0.00010407746736552332
67,0.0017062405784715037
68,0.00010003995301722634
69,0.00010533853705596403
70,0.0017816751267420992
71,9.577993203456111e-05
72,9.793917648290033e-05
73,0.00010835198535658394
74,0.00010340391205400026
75,0.0017709661075745885
76,0.00011128749141153068
77,9.71286067601834e-05
78,0.00010023600526247415
79,0.00175052661332672
80,0.00010057326926728978
81,0.0017448001799868472
82,0.00010573966887737647
83,0.00010179596930910599
84,0.00010172107919381382
85,0.00010248644211409395
86,0.0017245118358256441
87,0.00010566534616912501
88,9.760564650533502e-05
89,0.0017333509983712767
90,0.00010316148212874403
91,0.00010554737857214546
92,9.953704291737996e-05
93,0.0017197265791047522
94,0.0017149013868613136
95,0.0001007711717030364
96,9.64550748227417e-05
97,0.0017109790573548035
98,0.001666173962853671
99,0.00010287053885097485
100,9.839954409144248e-05
