1,9.959709035459527e-05
2,0.00010286828921842402
3,0.0001010551341663129
4,0.00010266297882850794
5,9.855858308741279e-05
6,0.00010454888290017878
7,0.0017594091808232977
8,0.00010198805317633213
9,0.00010634960904456979
10,0.0001044355710813898
11,9.907520122220057e-05
12,0.0017441446253921382
13,0.00010422601338948279
14,9.788281943525311e-05
15,9.651512909222242e-05
16,0.00010258634531666308
17,0.0018541515988168018
18,9.710793716692892e-05
19,0.00010273474039137108
20,0.0018352848157029303
21,0.00010161584297645568
22,0.00010185245713495866
23,0.0026312339616270455
24,0.001709071185286104
25,0.00010122388903247859
26,0.00010331578791688234
27,0.00010350180988832716
28,0.0018916418937111126
29,9.923121941497118e-05
30,0.00010246552062090616
31,0.002411622005959551
32,0.003964774043791848
33,9.794321414664082e-05
34,0.004048833305184765
35,0.0021672687045515755
36,0.001757629468094609
37,9.817896433596214e-05
38,0.001796139958529756
39,0.00010104706585785103
40,0.0017032952999611129
41,0.0017051985858585856
42,0.00010794141956700286
43,0.0017191012510770812
44,0.002616195889779994
45,0.0026874198077782743
46,0.0021512585670405986
47,0.001745529245985423
48,0.0017205337623903585
49,0.0016989715708992427
50,0.0017030623014894892
51,0.0016979188316077845
52,0.00010465414545164269
53,0.0043295007332558345
54,0.0017100614515095415
55,0.0017248123840592486
56,0.0017022272392572568
57,0.003574567975038771
58,0.0034754155433138908
59,0.00010202663749882246
60,0.0017717508736903803
61,0.0017127240530369642
62,0.001737087012733657
63,0.0020793913264430916
64,0.02231374205900816
65,0.001703612400212879
66,0.0017195604922694153
67,0.0016974725255246743
68,0.002144329135588705
69,0.005569619760238613
70,0.0017116843592384742
71,0.002200324357808593
72,0.003544503098076242
73,0.005155028165224731
74,0.0017333508564437198
75,0.002234277845715336
76,0.005322007685154796
77,0.0021634121052395484
78,0.005104467962846348
79,0.002103665939185875
80,0.0021750831528604946
81,0.0017002113319030704
82,0.0017290911507751798
83,0.006639497752886201
84,0.0021924037889438125
85,0.0016989866322067136
86,0.01923140215085445
87,0.0017152380477874207
88,0.0019137827505538046
89,0.0026952371804040767
90,0.0021369958373818575
91,0.0017137823437726827
92,0.004053744893171345
93,0.0016991010747912602
94,0.0032009499204824067
95,0.0016986537006621156
96,0.0017073754232475597
97,0.0035339199577117345
98,0.0033344811141022986
99,0.0022124372549467623
100,0.0017002474838732668
