1,9.633679794991626e-05
2,9.922714737120212e-05
3,0.00010001666673227597
4,0.00010843736447981407
5,0.00010695115775067838
6,9.771652849428635e-05
7,9.980828095900428e-05
8,0.0001014208874559431
9,0.00010601441829517219
10,9.928456114416163e-05
11,0.00010363182669286352
12,0.00010611599226218584
13,0.00010272873196584552
14,9.886177295792727e-05
15,0.0017941324450313257
16,0.00170079234106997
17,0.00167733890648671
18,0.00010423526447383761
19,0.00010032844783018004
20,0.0017612229331117574
21,0.001665958351564399
22,0.00010345854051930177
23,0.0016611622937751282
24,0.0016598326773609984
25,0.003245420004318255
26,0.00010676278520533006
27,0.001788895298936613
28,0.0016665184528759527
29,0.00010451832395503599
30,0.0017295995805795628
31,0.00010145588911665649
32,9.521873558263893e-05
33,0.00011009743295928709
34,0.00010105125613890626
35,0.0018713843072187036
36,0.00010190782365793218
37,9.557260129299363e-05
38,0.00010414282252434255
39,9.678945452269881e-05
40,9.858627326009395e-05
41,0.00010426168863589899
42,9.96302711534232e-05
43,0.001763970591065292
44,0.0001065349065733641
45,0.00010027816852713693
46,0.0027407323424449505
47,9.79567428942345e-05
48,0.00010074829255752877
49,0.00010135905919634022
50,9.943835045812056e-05
51,0.00010054083550325019
52,0.002958708998901616
53,0.001674784824203065
54,0.00011001968732076366
55,0.002824380824428615
56,0.00010541119063423524
57,0.00010534656144190979
58,0.00010384541364623889
59,0.00010046506290013669
60,9.817382826569969e-05
61,0.0017466391652997996
62,0.00167467956731604
63,0.00011139329083632559
64,0.00166842509448873
65,9.891038350023703e-05
66,9.516644801278417e-05
67,0.00010289753324965987
68,0.00010416895762257268
69,0.00010412995046209609
70,0.0034210397469296616
71,0.00010395087593076834
72,0.00010235669076261474
73,0.00010280092521463335
74,9.937082634351715e-05
75,0.0017497304199262658
76,0.0016730204587982536
77,0.0016643270526243282
78,9.959137971357203e-05
79,0.0016757989663962348
80,0.0021347124579646024
81,0.002131300918082678
82,0.0016686496772290284
83,0.0016789532371716607
84,0.0016590573426091748
85,0.00010391890280877856
86,0.0016643936962208302
87,0.0001011659188827035
88,0.0016621484107537275
89,0.0016766954260953298
90,0.00010059919225122178
91,9.948764931450711e-05
92,9.885890918995711e-05
93,0.00010656504462049306
94,0.0017333245943578872
95,0.0001003664866310155
96,0.0016634922834700163
97,0.0016854082007134036
98,0.00010699237397312251
99,0.00010209139133268167
100,9.62481431350143e-05
