1,0.00010553264645672721
2,9.717642162026036e-05
3,9.738259871534343e-05
4,0.00010408789844301651
5,0.00010301278599530586
6,9.759828753628059e-05
7,0.0017556404388499106
8,9.798795224703075e-05
9,9.761002257862599e-05
10,9.847843568601884e-05
11,9.667338890046535e-05
12,0.0018091206259995432
13,9.878981126235102e-05
14,0.0016694828327668723
15,0.0016581611527636824
16,0.00010045708222497277
17,0.0001005867013104571
18,0.00010737542883468431
19,0.00010245079353778868
20,0.00011058758969842838
21,0.00010757337683304184
22,9.647405306713765e-05
23,0.0017302204043695784
24,0.001682989789542349
25,0.0021854765322288612
26,0.001687552466683076
27,0.0016647249050162434
28,0.00010358540545950941
29,0.00010822758639806129
30,0.0017283308306350065
31,0.0016762956583555848
32,9.593706156549668e-05
33,9.737558019767263e-05
34,0.0018407167567380818
35,0.001666768706337077
36,0.0026075815963985337
37,0.0016917958751810156
38,0.0016786066082277386
39,0.00010074514041144007
40,0.00167580652101953
41,0.001673768463432244
42,0.0016596955095530361
43,0.003590367364358346
44,0.003923307058823529
45,0.0030267218967353843
46,0.0016777044603141504
47,0.002140860458268763
48,0.0016632224825274568
49,0.00010202465727827462
50,0.0016755798295061556
51,0.0031372565417531117
52,0.001658626613292843
53,0.0016816840639522787
54,0.001680800954224865
55,0.001665285484871459
56,0.0026715496456413894
57,0.001670211776545782
58,0.0022133139061075663
59,0.002638747983658408
60,0.0016854556614073397
61,0.0016546992686332694
62,0.001805836312586761
63,0.00010396594541687631
64,0.0018307214315428245
65,0.0016665861805315845
66,0.001692681862286935
67,0.0016749496645796064
68,0.0016632964002608007
69,0.0016734267906085537
70,0.0016607355943468831
71,0.00166734046457728
72,0.0020755243557363016
73,0.00010044382543134938
74,0.0016851959071142804
75,0.0030979406069958845
76,0.0016580777181913775
77,0.0016764014354232084
78,0.0016641590165091015
79,0.0016968852654237407
80,0.0016615450107444894
81,0.0016704795641972329
82,0.0016564378532950715
83,0.0016660702516198226
84,0.0016679156222650096
85,0.0001006589097987784
86,0.0016757184948000276
87,0.0016611177396108577
88,0.0016736366228527711
89,0.0017225790620052656
90,0.001673280733263656
91,0.0016691803149332593
92,0.0016694765888366951
93,0.0034421793639475176
94,0.0016637214692522709
95,0.0016650538160537433
96,0.0025393309816985747
97,0.0031784813603834288
98,0.0016664887104015965
99,0.0016809733827033147
100,0.0016740869692482524
