1,9.88428669257295e-05
2,9.985947838738637e-05
3,0.00010048534790575025
4,0.00010168985169192828
5,0.0017184433957824678
6,0.0016642685760850917
7,0.00010030303536814285
8,9.758654276285782e-05
9,0.0018626563511142484
10,0.00010649942127575332
11,0.00010646791942795431
12,0.0017001930027702547
13,0.00010233800453651458
14,9.565100633549373e-05
15,9.896331169162922e-05
16,0.0017867630720978507
17,0.00010453887196386999
18,0.00010900738093795376
19,0.00010839463647294587
20,9.975875147765064e-05
21,0.00010352081538175614
22,9.696702825547387e-05
23,0.0001007176832660327
24,9.7880217971033e-05
25,9.723288224556376e-05
26,0.0001001826871562558
27,9.736762510171481e-05
28,0.00010336539141839735
29,0.0017406162692704152
30,0.00010119803237221716
31,0.00010038484284206015
32,0.00010048299229220253
33,0.00010101846390323763
34,0.00010203644678398622
35,0.0017182880675988802
36,0.00010242353897669658
37,9.763815548151674e-05
38,0.00010064469802621863
39,0.0018048699070263709
40,9.77624926280156e-05
41,0.00010263229296229113
42,0.00010450741341617268
43,9.734121173739106e-05
44,0.00010297414710938516
45,0.0017971644486183653
46,9.532416895118458e-05
47,0.001815455422816904
48,0.00011005947004061099
49,0.00010093085173892673
50,0.00010537880208959467
51,9.762985924283964e-05
52,9.641014028899534e-05
53,9.910623284238635e-05
54,0.001801481330261769
55,0.00010729726827359072
56,0.0016529652778791302
57,0.00010292017882170345
58,0.00010546321811180866
59,0.00011020221922906395
60,0.0017285906147423522
61,0.00010647101586325146
62,9.835972806878404e-05
63,0.00010150720828553104
64,0.00010380417284052208
65,9.881618220445905e-05
66,0.00010306420832595274
67,0.0001004087925203483
68,0.0017835261449034973
69,9.497155077277013e-05
70,0.00010738533515196993
71,9.809428294514328e-05
72,0.0017886287294723768
73,0.00010094074146426621
74,0.00010732968793829654
75,0.0017804195111355008
76,0.00010452430024863598
77,0.00010403778319224415
78,9.906109033002954e-05
79,0.0017574082066312508
80,0.00010281985118888002
81,0.0016606290901917734
82,9.97985483721348e-05
83,9.856808952629379e-05
84,0.00010281836908150087
85,0.00010184279470298776
86,0.00010680122603504769
87,9.913876267521866e-05
88,0.0016973962234303286
89,0.00010412308561549666
90,0.0017684461126239463
91,0.00010310774565717342
92,0.00010067722200706381
93,0.00010473891689222539
94,0.00010527457927894882
95,0.00010414583290009155
96,9.637230035285368e-05
97,9.876283617863015e-05
98,0.00010278315760206797
99,0.00010498005135848004
100,9.578999592578821e-05
