1,0.00010357796712039711
2,0.00011066099122832399
3,0.00010550361850501832
4,0.0001025238283585072
5,0.0001014554914789381
6,9.98334094724338e-05
7,0.00011207956093676059
8,0.00010573669234533145
9,0.00010034346063092994
10,0.00010256877853861961
11,9.878834068186426e-05
12,9.940107473367488e-05
13,0.001897007940135426
14,0.0021089763002944068
15,0.00010971462979087788
16,0.0016902937910119535
17,9.905838670952681e-05
18,0.0001089040381379697
19,0.0018339681828170285
20,9.731976272728573e-05
21,0.006237269339895772
22,9.951010880394429e-05
23,9.823433180468949e-05
24,0.002893763170343273
25,0.00010329199671531901
26,0.00010128927960739529
27,0.0022519631132075467
28,9.971420568236559e-05
29,9.593589869275993e-05
30,9.658533166470073e-05
31,0.010424881911731076
32,9.943268682533408e-05
33,9.616990919638884e-05
34,0.00010464741043820125
35,0.00010249486612015435
36,0.0018341859410360263
37,0.0030369332355024694
38,0.00010493892165185689
39,0.0001006686551823178
40,9.83411929931342e-05
41,9.684933179281011e-05
42,9.557457248344356e-05
43,0.00010160662799856786
44,0.00011045370374385268
45,0.004709635982313193
46,9.688407291026083e-05
47,0.003713771540760037
48,0.003165814801597695
49,0.0021465157861998486
50,9.928417556761647e-05
51,0.00010339881099020675
52,0.00010738992641582835
53,0.00010715614312988417
54,0.0017476399917665355
55,0.00010944856938325639
56,9.690445152437581e-05
57,0.00010431613682011052
58,0.004331594800221943
59,0.00010367741966749157
60,0.0029298776002738627
61,0.003193584508990319
62,0.00010882689881281059
63,0.0017447345404595406
64,0.0017460566877397358
65,0.00010097643172172754
66,9.84101697287974e-05
67,0.0017695077689906986
68,0.03317094352580927
69,0.00010086498022867804
70,0.00010489306553949094
71,0.003063507064954893
72,0.0035791959810524757
73,0.00010545888437491181
74,0.0001023853843335939
75,9.963107716989386e-05
76,0.0038985957027027037
77,9.882386102797446e-05
78,0.00010451344590009806
79,9.750450887540466e-05
80,9.91097759513552e-05
81,0.01187265270030426
82,0.020374629511918273
83,9.564456598030995e-05
84,0.0017025882259462583
85,0.0022038573549944106
86,0.00010009251888420224
87,0.0017113153625716423
88,0.031408930167597764
89,0.05819794808707123
90,0.00010482283845520843
91,9.652051198406352e-05
92,0.00239119005423942
93,0.00211777704184137
94,0.0322430613580247
95,0.0037279596372057117
96,0.003000289462272333
97,0.029578257319907042
98,0.0001057620946150847
99,0.003234930990465973
100,0.02102129945783133
