1,0.0016585361135911
2,0.00010188304666489345
3,0.00010069072788033633
4,0.0017344530357619426
5,0.00010234492878809623
6,0.00010011050303856403
7,0.0001003457251720355
8,0.0017854364537949975
9,0.0016777688477436206
10,0.0016693647669819437
11,0.00010057659492135546
12,0.0016594845680737937
13,0.001674377681555879
14,0.0016677288980212039
15,0.00010513628476222356
16,0.0016695969247542569
17,0.0016603363535035375
18,0.0016756947511905585
19,0.00010739533854004388
20,0.00010643572758126258
21,0.0017527875435270116
22,0.00010453387079629837
23,0.0018102992264650902
24,9.856216088564169e-05
25,0.0016605954950478083
26,0.00010083901163309385
27,0.0016577008696101393
28,0.0016920147679251212
29,0.00010635804573761274
30,0.0016715916270656295
31,0.0016790729270659555
32,0.00010293867815774724
33,0.0016678386017138728
34,0.00010425815345206752
35,9.657413064687642e-05
36,0.0018345515378702557
37,0.00010721229867202413
38,9.848633167936832e-05
39,9.609014419922721e-05
40,0.0018065531438769909
41,0.0016793306740289409
42,0.0016961912484742808
43,0.00010025883179462427
44,0.00010119709664383634
45,0.0017797325415350815
46,0.0016636760159362547
47,0.0016663140482549386
48,0.0016569816198518006
49,0.00010368660570644383
50,0.001791207310471244
51,0.0016587433522142123
52,0.00010496467771438195
53,0.0016582997275997942
54,0.0016559660389882619
55,0.001668568100038434
56,0.0001006777015200846
57,0.0017892021066843924
58,0.0016629122998694428
59,0.0016562067752761852
60,0.0016635519851252326
61,0.0016744498346042693
62,0.0016777710415653022
63,0.001676330231949773
64,0.0016537712923875433
65,0.00010233635119490702
66,0.0017358114340651966
67,0.0001017864304562066
68,0.00010190428188511809
69,0.001724576681308006
70,9.868824406505477e-05
71,0.001664566467191601
72,0.00010168397729673423
73,0.00010142210783469513
74,0.001769673547824028
75,0.0016732821238417922
76,0.00010343766044054144
77,0.0016541874999999998
78,0.00010320125299357351
79,9.731382028084587e-05
80,0.0017229830671625901
81,0.00011733748660272305
82,0.0017132083995145533
83,9.935404665164251e-05
84,0.0017494517523739624
85,0.0016865291327396836
86,0.00010260671198721624
87,0.0016635603985478335
88,0.00010258234471980636
89,0.001694498501520597
90,0.0016762762748191078
91,0.0016857033257119103
92,9.779451155207526e-05
93,0.0016621961750762247
94,0.0016689857885223676
95,0.0016625647704754027
96,9.914898169410922e-05
97,0.0017515327827330887
98,0.001653021928012179
99,0.0016594976640979774
100,0.00010232693192053984
