1,0.00010664375391362238
2,9.700648045661381e-05
3,0.00010167054161144064
4,0.00010277456229328874
5,0.0017801547432908156
6,0.001677430466067899
7,0.0016650057020254037
8,9.870657445455786e-05
9,0.00010284821598074445
10,9.896851218364465e-05
11,0.001722246824682918
12,9.964481591005101e-05
13,9.549963115489488e-05
14,9.94102886046067e-05
15,0.0001054536585098812
16,0.00010912214673741493
17,0.0017851318138801258
18,0.00010436369331369398
19,0.0017948864705469355
20,0.0016799436284983711
21,0.0016915752138710672
22,0.0016993892672641012
23,0.001672464114698942
24,0.0021459922245979776
25,0.001673948725313008
26,0.0016605536410698877
27,0.0016788306187110475
28,0.0016599293560293062
29,0.00010171767140206147
30,0.0016659384950120394
31,0.0016673298911536326
32,0.00010563947375350257
33,0.0017143882020321524
34,0.001676498775566523
35,0.0016672496617509626
36,0.002481010625256463
37,0.0016693497019112746
38,0.0016680272647427853
39,0.0017210907556631507
40,0.0016610415218508996
41,0.0016790514844460345
42,0.0016738914437293443
43,0.001681756100896783
44,0.001709848842576404
45,0.001674186603119584
46,0.001682095650142136
47,0.001747552031560211
48,0.001665406552539373
49,0.0016834980340027844
50,0.0016851076698036725
51,0.0016716722577633308
52,0.0016654862993477518
53,0.001712964676414888
54,0.0016924618690109517
55,0.0016634045311341734
56,0.001690331305872042
57,0.001694549417989418
58,0.0016610601903347265
59,0.0016510058918013737
60,0.0016574782577903683
61,0.0016713099840526052
62,0.00166778737569257
63,0.001690099268924024
64,0.0016856287229971825
65,0.0016730534998112465
66,0.0017073817382778304
67,0.0016659596683930619
68,0.0016802584740146494
69,0.0016809180393242869
70,0.0016632266758525665
71,0.0016582735079956803
72,0.0017576541124876054
73,0.0016888815979363475
74,0.0016779084038568257
75,0.002552895699236239
76,0.0016657345969969546
77,0.001680720146526461
78,0.0016694139446975973
79,0.0016664169893514035
80,0.0016687049735011293
81,0.0016768079268929504
82,0.00211215452399754
83,0.0016691248737788962
84,0.0016785016197565922
85,0.001667624230047467
86,0.0016803800572947223
87,0.0016626928600554092
88,0.001678334140305946
89,0.0016883247044669944
90,0.0016625594703702914
91,0.0016777907722765344
92,0.0016585189609236238
93,0.002191857894856004
94,0.0021460303983461522
95,0.0016570685502079233
96,0.0016766469883676782
97,0.0021092645580062523
98,0.0016687792433953057
99,0.0016599570820406756
100,0.0027489905271547307
