1,9.66468643857899e-05
2,0.001838359466351806
3,0.00010343198824543022
4,0.00010634150157119318
5,0.00010105213639996005
6,0.00010079081911810336
7,9.536971977823865e-05
8,0.00011235922976847002
9,9.900382889255194e-05
10,0.0001048348810577593
11,0.0001050020846405682
12,9.677085126580643e-05
13,0.00010326217390430985
14,9.989426253481634e-05
15,0.00010459030632387619
16,0.0029807988750100087
17,0.00010296234288677688
18,0.001667825809793494
19,0.00010132499916707619
20,0.0017361417785156435
21,0.0016690644564026317
22,0.0016782147135963074
23,0.00010779154149535269
24,0.0016774550140434827
25,0.0017009953380029263
26,0.00011078567499193701
27,0.00010013285279152958
28,0.0017854307925151349
29,0.00010054174502646658
30,0.00010151919359232188
31,0.0023664684276967743
32,0.0016738463304347825
33,0.002152251947356681
34,0.0016698835181914516
35,0.0016696317755235826
36,0.00010352050213509789
37,0.000104376404061133
38,0.0018081014311658716
39,0.00010107761407389495
40,0.001684772029996512
41,0.0016836349588698761
42,0.0021969463452884224
43,0.0016703311519326444
44,0.002043139935064935
45,0.00010067705285737447
46,0.0017018439056722251
47,0.00167088713400706
48,9.699255747149477e-05
49,0.0018084057570567275
50,0.00010135236957393939
51,0.0016717519473134638
52,0.0016690806492877886
53,0.00010353622673723033
54,0.00010277953453844508
55,0.00010557311351395976
56,0.0018775743082826857
57,0.0016824774077512181
58,0.0016622761334727303
59,9.628684745865759e-05
60,0.0016647801230543784
61,0.00010308840434817913
62,0.00010494920409897942
63,0.0018797492279959546
64,0.00010188307215199647
65,0.00010178245279165157
66,0.00010287441609624999
67,0.0018808547220169254
68,0.00010782251849486106
69,0.0016729159758893833
70,9.800053130134938e-05
71,0.00010135379236870474
72,0.0017058674068767907
73,0.003676819798165137
74,0.00010233310169480846
75,0.0017227828477492917
76,0.000101922114738177
77,0.002183002357723577
78,0.0016751143703393969
79,0.0016722427066228791
80,0.002621299860230083
81,0.0016669552422157354
82,9.990138539774187e-05
83,0.0001100498252969529
84,0.00010110787515552649
85,0.00010060655600334352
86,0.001797720924302076
87,0.00010540477385630527
88,0.00010919433612425237
89,0.001869950379936002
90,9.690346170086308e-05
91,0.0016702554525188287
92,0.0016884353596010675
93,0.0027186824814231032
94,0.0016735589893524176
95,0.0016896708017372119
96,0.0016649992288006637
97,0.00010913722743304513
98,0.0017519879015047883
99,0.001666343308749697
100,0.0016748225649184031
