1,0.00010124319721446615
2,0.00010652118116058971
3,9.891466550704358e-05
4,0.0001073979217673456
5,0.00010294648186842813
6,0.00010400917950027375
7,9.752245053334203e-05
8,0.00010004223835147873
9,0.00010052906955428693
10,9.708448960192382e-05
11,9.927697244805133e-05
12,9.949017562517906e-05
13,9.880547565292815e-05
14,0.00010082920330268466
15,9.886249712533291e-05
16,9.868562364169825e-05
17,0.0001041492421757458
18,9.89015805226802e-05
19,0.0017527731369426755
20,0.00010194756397186475
21,9.949155944341838e-05
22,9.626908235099062e-05
23,9.546409585373739e-05
24,9.787684627978157e-05
25,0.0001013175670875178
26,0.00010167783444175112
27,0.0017450300551197795
28,0.0016773944281827883
29,0.00010410089861627094
30,0.00010351386255480542
31,0.0018669324452575075
32,9.822171103790295e-05
33,0.00010223711866888492
34,0.00010683268160297934
35,9.808800161537157e-05
36,0.0017685260117194655
37,0.00010014672000634453
38,0.001703919743125022
39,0.00010322271533466941
40,0.00010132983575700227
41,0.00010769262749111928
42,0.00010426645914523212
43,0.00010244469854055767
44,0.00010709999879592597
45,0.0017796293665065966
46,0.00010766445444323173
47,0.00010097214976044326
48,0.00010906103655729867
49,0.0019163913534786217
50,0.0001028535453160539
51,0.00010127469341065437
52,0.0001033314968995773
53,0.0017688330957927917
54,0.00010578610816565943
55,0.00010112144660643967
56,9.999379584661436e-05
57,9.574161928242854e-05
58,0.0017985783089822975
59,0.00010368545355775568
60,9.941453963928548e-05
61,0.00011093221217158275
62,0.00010174561903640332
63,0.00010062740256311602
64,0.0001017728945452243
65,9.858794020023488e-05
66,0.0017681123918463866
67,0.00010027651803046495
68,0.0001016096136011489
69,0.0017266470019122197
70,9.9915701320218e-05
71,0.0001040201569123609
72,0.00010478670814037637
73,0.00010201539287049368
74,0.0001002017156478374
75,0.00010393747030853627
76,9.964767520820615e-05
77,9.841904697131884e-05
78,0.00010144736357735153
79,0.00010664050340170142
80,0.00010354366552749564
81,0.00011007877815001988
82,0.001766879469087566
83,0.0016822838879870128
84,0.00010957512954174123
85,0.00010317756236701585
86,0.00010159953164423727
87,0.0017316109445917405
88,0.001674958436000244
89,0.00010056061741992684
90,0.0017594000119197629
91,0.00010691243535421674
92,0.0001019471659301347
93,0.0001073008997160438
94,0.0017640153222822173
95,0.00010364573203748258
96,0.00010461966659113716
97,0.00010361674020742651
98,0.00010720526138747083
99,9.610977279078928e-05
100,0.00010317994019335627
