1,0.00010026731563618764
2,9.975942994608101e-05
3,9.746022236284198e-05
4,0.00010663466698367524
5,0.0017352949296784023
6,0.0016626660546448086
7,0.0016564506203135651
8,0.00010168277198451049
9,0.00010273628014033125
10,0.00010299357651428058
11,0.0018037571571315706
12,0.00010847883365709395
13,0.00011428651408113807
14,0.0018261359779364334
15,0.00010034512320133545
16,9.778732882260743e-05
17,0.0017589255013573868
18,0.0016960185798484421
19,9.847678210954625e-05
20,0.0016842083872522025
21,0.0016923906914709348
22,0.0001030155229123828
23,0.00010297308805463371
24,9.766158179953713e-05
25,0.0017519472391513543
26,0.0016642889395667045
27,0.00010268683679262076
28,0.0026310120991412107
29,0.0016741245718437535
30,0.0016661839176802702
31,0.0016770051079515519
32,0.00010073948854753522
33,0.0016637241381107946
34,0.00010451383829364414
35,0.0018042597520252959
36,0.0016591120876104737
37,0.00010462510576780201
38,0.0001048048180102335
39,9.983683444363224e-05
40,0.0018133473622210933
41,0.0025998511458614182
42,0.0017233771337557566
43,0.0016733584728522832
44,0.001710443266947801
45,0.00010234719699072323
46,0.0018044026555141715
47,0.0016639239503694944
48,0.0016717653608211184
49,0.0016893495351925632
50,0.0016680342782426775
51,0.00010934471118087938
52,0.0016640025623724003
53,0.0034383268493443564
54,0.003021484709786488
55,0.0016698887348981703
56,0.001681786549555185
57,0.0036861419857633776
58,0.0016940833436479286
59,0.00010546809670342873
60,0.001750977714921636
61,0.00010186541775295887
62,0.0027952451427606015
63,0.0016710954992015551
64,0.001675372169394464
65,0.0031897759110378916
66,0.0016687985638654669
67,0.00010016634735585743
68,0.0017496210768801193
69,0.0016777463640908837
70,0.0026469538468317615
71,0.0017071452623677688
72,0.0016737685783778278
73,0.001677985295768718
74,0.0016723011306835807
75,0.001716496714879686
76,0.0016743265784561567
77,0.001689375596574958
78,0.0016806029824208842
79,0.002068178268853019
80,0.0016671764496280334
81,0.00166347780119473
82,0.0016833432678821877
83,0.004791120581188097
84,0.006244184931154292
85,0.0017040217824363787
86,0.004928936136930142
87,0.0016676631190133341
88,0.003675652768271816
89,0.0038290636548999613
90,0.0025996938268276907
91,0.0016674327581565904
92,0.0016939761714695307
93,0.002086903199504218
94,0.0016815316118524747
95,0.0016873510914332782
96,0.003176492319059504
97,0.0016688609444137168
98,0.0016682124890446978
99,0.0031415429611401616
100,0.0016684183096523108
