1,0.0001010912511033353
2,0.00010904933870401043
3,9.787338392090218e-05
4,9.763715611296888e-05
5,0.00178112051987347
6,0.00010699342059451471
7,0.00010609505355601361
8,0.00011141725449924483
9,9.898524995811213e-05
10,0.0001048689121082823
11,0.00010628815081028328
12,0.00010250416680518932
13,0.00010328429756158203
14,0.0017727032302448952
15,0.0016629494066882416
16,9.59241450046508e-05
17,0.0016752292465895713
18,0.0016730264179831583
19,0.0001058276076225662
20,0.00010324549029135326
21,0.001747648067666071
22,0.00010123357382782525
23,0.00010128548435872102
24,0.00010494377765882731
25,0.00010452636425727955
26,0.0019061787590215955
27,0.00010560776058332295
28,0.00010344688358959747
29,0.0017440441508737954
30,0.0016811261343829566
31,0.001665238624849993
32,0.0022986138866307
33,0.00010363835707408489
34,9.877117126194619e-05
35,0.0017681538056420587
36,0.0016716350424377348
37,0.00010813204500600617
38,0.002073264760096652
39,0.00166178552955665
40,0.00010139045626058995
41,0.0016685501742463849
42,0.0031134033047182596
43,0.0016909479104945803
44,0.00010064947063295553
45,0.0016778471348810528
46,0.0016701920082894319
47,0.001665011763793638
48,0.0016749113204514662
49,0.002139449251351112
50,0.0016727084610615504
51,0.0021148567645642756
52,0.001677912871898008
53,0.0016683273116202043
54,0.002737311756086564
55,9.896018460318634e-05
56,0.0017274224261661607
57,0.0016673567758851149
58,0.0016765941182551169
59,0.002150440617206982
60,0.0016675013545908164
61,0.0016816578643697021
62,0.0022223544203595473
63,0.0022126388039446303
64,0.00010261921469915395
65,0.0016750438310568435
66,0.0016715296175535436
67,0.0016769985229534072
68,0.0016788018382224703
69,0.003684153534672875
70,0.0016575082832148715
71,0.001690789098765432
72,0.0016885474452047657
73,0.002183802966101695
74,0.0021003445995889432
75,0.0036615663032886726
76,0.0026843877251649722
77,0.001673086155834177
78,0.0016774415082454592
79,0.002782581843975697
80,0.001660250243534335
81,0.002207847059492922
82,0.0016872888426136563
83,0.002194928863759971
84,0.0017070350302280846
85,0.003488861124694377
86,0.0016944567171248656
87,0.0017067551081542372
88,0.0016846476563840368
89,0.0031571545674333504
90,0.002743613591433278
91,0.0033698065706923596
92,0.002950698632889063
93,0.0016910032431868742
94,0.0016682345012734908
95,0.0016732550962803906
96,0.00167042942858139
97,0.002079871972845664
98,0.0016634491647762421
99,0.001670071197011814
100,0.0017125818169028946
