1,0.00010601995886107256
2,0.00010039585942113142
3,0.001771607629538964
4,0.0016641404694462676
5,0.0016624940359223634
6,0.001655709623064719
7,9.7709581724259e-05
8,0.00010493842678773337
9,0.001783019677222677
10,0.0001076232861019323
11,0.00010579963242992778
12,0.00010264451466798664
13,9.997334827412177e-05
14,0.00010623986097173475
15,0.0017819573878923769
16,0.00010071152499689682
17,0.001674747151844043
18,0.00010438375791010872
19,0.0016721154197738757
20,0.0001016731460972527
21,0.00010257536237462019
22,0.00010125878119043333
23,0.00010562882832130723
24,0.00010258158571229106
25,0.0017857643043850556
26,0.00010258649100481837
27,0.0017200213252473884
28,0.001676551489460065
29,0.00010770959030540037
30,0.0016536736562832708
31,0.0016597529852098892
32,0.0016687657559579887
33,0.00010192559711596713
34,0.00010220229369863943
35,0.0017678904731208273
36,0.0016783330531490647
37,9.713069504758848e-05
38,0.00167330182023897
39,0.0016669299948186527
40,9.847795481379322e-05
41,0.002055142586759988
42,0.0016743529069369312
43,0.0001028715963353226
44,0.0017879574059156845
45,0.00010530175490191774
46,0.0017398240535469742
47,0.0001002677426603395
48,0.0018512244708840844
49,9.595627921453882e-05
50,0.00010249379134634464
51,0.0017274237818547835
52,0.00010165270621266931
53,0.0017428822842221004
54,0.0016702429354234583
55,0.0016627181215603476
56,0.00010473282081602767
57,0.00010572567320903718
58,9.883412327317895e-05
59,0.00010789553041613173
60,0.00010696676779998657
61,0.0018040184120682674
62,9.617125383453963e-05
63,0.0017932060242591555
64,0.0016554429547100825
65,0.0016896616683406643
66,0.001693452938958769
67,9.945375505639287e-05
68,0.0016634059913154357
69,0.00010465034676136415
70,0.00010584297938934655
71,0.001830954702421087
72,0.001668220852477185
73,0.0001074632266683829
74,0.0016787160972404729
75,0.0016567629817548178
76,0.00010340349851359383
77,9.54606481546587e-05
78,0.0018435131701879815
79,0.001684103095172223
80,0.0001039794577957007
81,0.00010332372643576446
82,0.00010514192695939413
83,0.0017641449350067231
84,9.594005804057966e-05
85,0.0017467415789204663
86,0.00010736871658677453
87,0.00011130275862298545
88,0.0017839391177204564
89,9.556937231038729e-05
90,0.00010255319459943398
91,0.00010453801724588195
92,0.0017975736867548347
93,9.802992039268239e-05
94,9.772921989541538e-05
95,0.00010044395195737255
96,9.844097144231492e-05
97,0.0017542955497022443
98,0.001668995254828154
99,0.0016694414277857977
100,9.951173009286122e-05
