1,0.00010475747292995044
2,0.00010619892193538687
3,0.0018168826073070709
4,0.00010263821846956423
5,9.539425991367044e-05
6,9.855473960179127e-05
7,9.840238312116416e-05
8,0.00010439970577791848
9,0.0018223508955286093
10,0.00010642499886580757
11,9.927982403745087e-05
12,0.00010365780508937852
13,0.00010313746869796508
14,0.0017699441289613478
15,0.000102401434616185
16,0.0018192465075357648
17,0.0001095775719873483
18,0.0016716217280056081
19,0.0036453803220134586
20,0.0016722615144038643
21,0.0016601381048744228
22,0.0040511710979278075
23,0.0016729165453896913
24,0.0016621956881593559
25,0.0016739507677102819
26,0.001703926066150598
27,9.951319461179594e-05
28,0.00010297858124787197
29,0.0017719740966886206
30,0.00011108077863405028
31,0.004944159764909424
32,0.001673177765139765
33,0.0016750318622558104
34,0.00259917495137238
35,0.0016885305881118144
36,0.002116425232296212
37,9.830233633100613e-05
38,0.0016755186811964271
39,0.00317456142472235
40,0.0032387694567209226
41,0.00010087899619365191
42,9.903179795488155e-05
43,0.00010553368959540199
44,0.00010090173245356959
45,0.0017283209620033754
46,0.0016699292718598741
47,0.0019208576546833698
48,9.929901381388451e-05
49,0.00010020160770342404
50,0.0017415828653740623
51,0.0021400600398318206
52,0.001675232558017615
53,0.0016821819074284091
54,0.0016824533063707699
55,0.0017526418200202226
56,9.976077311738651e-05
57,0.01227382166569655
58,0.0016808821422346174
59,0.0016674714948381698
60,0.0016724313834055743
61,0.00010338086326459937
62,9.857063268237105e-05
63,0.0017302108561220286
64,0.0021077575148965998
65,0.0016640916117456267
66,0.00011032025827894309
67,0.00010176226328023517
68,0.0017125998283045649
69,0.002108073654182709
70,9.819556443981847e-05
71,0.0017221996731681603
72,0.0016717434909451203
73,9.837430136958631e-05
74,0.0018129674875124184
75,0.0033098108329899746
76,0.0001082865130907435
77,0.00010100895632138221
78,0.0017428756932208107
79,0.0016611035021671938
80,0.0016661963944381189
81,0.0016814665458266841
82,9.955909332889023e-05
83,0.0017534684172517548
84,0.0021361314934490085
85,0.002424691937840016
86,0.0016698394861971795
87,9.9180428624402e-05
88,0.0022975181841399565
89,0.016315973186975825
90,0.001668490852447525
91,0.00010756037018294969
92,0.0017801458641127919
93,0.0016942013100818582
94,0.0001019390826003284
95,9.963153095120155e-05
96,0.0017883706919540232
97,0.00221825294117647
98,9.845163586510502e-05
99,0.00010365535340428667
100,0.0017634081240869247
