1,0.00010307820035920021
2,0.00010096958399348119
3,0.00010730759892364476
4,9.869559459004669e-05
5,9.783432342330277e-05
6,0.00010002085980057385
7,0.00010376306270393333
8,0.00010321476020801234
9,0.0017816470241643358
10,9.841428760364208e-05
11,0.00010331211514496171
12,9.852424574509892e-05
13,0.001833658558548714
14,0.0035888153797609323
15,9.660003125630167e-05
16,0.012931145479509928
17,0.003571213733650416
18,0.00010385710161662816
19,0.00010105704345210947
20,0.02235744519354839
21,0.00010107641642692779
22,0.00011060373840677336
23,9.802142342714143e-05
24,0.004999901486270329
25,0.003887685824969891
26,0.011625275599735245
27,0.0024626992469495073
28,0.00010009930824167123
29,0.0034033595318668924
30,0.0026957223057296575
31,0.003875670677925404
32,0.003346739719626169
33,0.00010339491348897564
34,0.00010016241847433268
35,0.00010484688134215845
36,0.002806985608297373
37,0.00010469091239905614
38,0.003032292369049115
39,9.710531052923668e-05
40,0.00010653621129932572
41,0.02328471090909091
42,0.002177736428893905
43,0.002083957724241773
44,0.002125822302441586
45,0.001671934485897832
46,0.00011013517493061183
47,0.020763544683393073
48,0.00010296612021766318
49,0.0027226151001410437
50,0.0021076436044828147
51,0.001704426573948922
52,0.0016722407321447409
53,0.005416880947591908
54,0.0021686667213925872
55,0.003131273986486487
56,0.07727569731369151
57,0.0016949474988575243
58,0.0016752086368711186
59,0.0016871427022693206
60,0.0001019110512840558
61,0.03986858076162216
62,0.023678538779661015
63,0.034360788379073755
64,0.0026903469695617245
65,0.022063020228536134
66,0.004301507179578088
67,0.003196258326205671
68,0.025530244999999997
69,0.004463209923558665
70,0.007830030965511664
71,0.0032947546246511945
72,0.038900367870905596
73,0.0021278407030872596
74,0.03364309298986486
75,0.0036084435102254064
76,0.0016579309724070663
77,0.022065949256916947
78,9.970674421315087e-05
79,0.003593094202629428
80,0.0016679793420507866
81,0.0016689327172752194
82,0.04973984826968973
83,0.00166695514293722
84,0.0038298717524197644
85,0.03717159651928505
86,0.0022404620748922906
87,0.029491027044753086
88,0.018201092822531798
89,0.0313619586802828
90,0.00268389412475291
91,0.002181129297245964
92,0.0038586227040614133
93,0.045056733167770424
94,0.012091472717093805
95,0.04170273955532575
96,0.001674392716426193
97,0.022720562225806453
98,0.0021475303607920515
99,0.003995030188068888
100,0.07862442434944239
