1,0.0016688716656859013
2,0.0001013381950731592
3,9.62508922547195e-05
4,0.0001014092675111381
5,0.00010382221862170887
6,9.976458144079596e-05
7,0.0017994038712044768
8,0.0016870914246776387
9,0.00010155593052221196
10,0.00010026599298610541
11,0.00010583403586824345
12,0.00010698826726884769
13,9.883055455335749e-05
14,0.00010948836166694453
15,9.466771825632613e-05
16,0.0017582795395916992
17,0.0021217832992525736
18,0.00011168590691086296
19,0.00010118135385753594
20,0.00010867446880756239
21,0.001740939220545168
22,0.00011144545187249591
23,9.582447713686746e-05
24,0.0036411942988204466
25,0.001674119513373598
26,0.0016739590893333797
27,0.0027127802545801956
28,9.806150229341599e-05
29,9.516386427512099e-05
30,0.00010225970280563559
31,0.004043274732882686
32,0.00010256375579270974
33,0.0016641171510325093
34,9.957431730416015e-05
35,0.0016587117024935514
36,0.0020474698611345605
37,0.00010289392191464972
38,0.00166036789794233
39,0.0021495012734465283
40,0.00010644453312505438
41,0.0027287235144456377
42,0.003954326033710823
43,0.0017123511767793476
44,0.0016818111958280266
45,0.001664969626914927
46,0.0016848958773311824
47,0.001669951736284958
48,0.0016569798712358632
49,0.0016761331751796932
50,0.0016716612421082005
51,0.001661263959452017
52,0.01791060403943383
53,0.0022021893865672324
54,0.02137988320388349
55,0.0034962430022410186
56,0.002111515602811951
57,0.0016737468949017693
58,0.001676623669564752
59,0.0027264296402796573
60,0.0016938235999723454
61,0.0016805753554502369
62,0.0016658476988036595
63,0.0021976253996366943
64,0.0016585236355497399
65,0.001681450384029185
66,0.0016494041589143046
67,0.0016702340894725752
68,0.002053772816871556
69,0.002248762208607292
70,0.0016767349520367609
71,0.00402079580052737
72,0.0016714866737960533
73,0.0016797033049225953
74,0.0026366912217071175
75,0.001666163595981685
76,0.0022634318307027993
77,0.002550704988595083
78,0.0017283833542420873
79,0.0016741695922694567
80,0.0016652626410875273
81,0.0033886344295528783
82,0.0050595466179540706
83,0.0022062195705633224
84,0.0021459346386614457
85,0.006358357534067086
86,0.0026907705842997326
87,0.0016670714603601738
88,0.0016813163461408087
89,0.0021668681417719242
90,0.0016762114891243727
91,0.0016721564218760768
92,0.004037057396276819
93,0.002609716725371193
94,0.001657053749784594
95,0.0016872158408408411
96,0.001678155931460241
97,0.001665556604718643
98,0.0026844943469351385
99,0.0036167918156654448
100,0.0016702302282574236
