1,9.860688944073895e-05
2,0.00010406519491869067
3,0.00010311225030438159
4,9.589238492090969e-05
5,0.00010265185341060965
6,0.00010397560750695486
7,9.788627809153967e-05
8,0.0017604478361841814
9,0.00010344300907049608
10,0.00010691712632063503
11,0.0018394535484334631
12,0.00010395330449599863
13,0.00010012777469089569
14,9.886493423175255e-05
15,0.002327251670609424
16,0.00010209018148626859
17,0.00010102408589743046
18,0.0018563136893938867
19,0.001681548134289575
20,0.00010195028345516933
21,0.0049823226165883385
22,0.004007525536231885
23,0.0021647570081948855
24,0.0016896086532587119
25,0.0037591096452414224
26,0.0016583580223109766
27,0.0020565632110635776
28,0.0022006161068945144
29,0.002509635973624906
30,0.002128730525944851
31,0.0016865025380446113
32,0.0016686733898305084
33,0.002590118430803931
34,0.001679306546988632
35,0.0016691395629767534
36,0.004452517322183422
37,0.001669870724118943
38,0.00216816442948487
39,0.0027978139608703183
40,0.00010053614918712145
41,0.033262034417628546
42,0.006201424760260836
43,0.0017322796080377078
44,0.001669389722183491
45,0.001704473373825835
46,0.0001020758975111727
47,0.0021428087584747795
48,0.0038495903159779963
49,0.0016740615923146408
50,0.0028306801654446323
51,0.001684429902811524
52,0.002262684465545714
53,0.002710759731739427
54,0.0016713375255301222
55,0.0027456120663178246
56,0.00454409112880562
57,0.0016836974148944982
58,0.004384877295436567
59,0.006400749765907639
60,0.007912876125979115
61,0.0016876229294692736
62,0.00258088648409894
63,0.0017187432549830104
64,0.0017117511114193567
65,0.0022095331683168315
66,0.00010318254144350932
67,0.0033607164707106438
68,0.0045708826045985675
69,0.001687755363642083
70,0.0016747041969483005
71,0.0032447651185461366
72,0.0020118413523057747
73,0.004329800908439989
74,0.01719619994728519
75,0.022474841894353368
76,0.0016873402979574645
77,0.0017035770517540062
78,0.001719370349639024
79,0.013234240680513801
80,0.0016754990387143085
81,0.002125544411676806
82,0.0021069422428212996
83,0.0016848160014983314
84,0.002160586256380407
85,0.0021615377338644708
86,0.0016602514351219853
87,0.008949459870140364
88,0.0016678158398760693
89,0.0016830750133980607
90,0.002641024637641674
91,0.0016714791030902519
92,0.0016991074926304835
93,0.012763377442717936
94,0.003774882070687369
95,0.0016549421234525448
96,0.003362446241671294
97,0.0034800735300467797
98,0.0016527316839021029
99,0.0043389508300467755
100,0.0021439235828568898
