1,0.00010063606370102631
2,0.0001109076379882447
3,0.00010256996071721505
4,0.00010249988147249021
5,0.00010365992025694007
6,0.00010537479210780641
7,0.0001045754974316631
8,0.000106222700759999
9,0.00010143894136232471
10,9.752383609367488e-05
11,0.00010566292087775161
12,0.00010002140535788037
13,0.00010048126697576112
14,0.00010487607210398219
15,9.855020601407853e-05
16,0.00010410344159982684
17,0.00010521252141812963
18,0.0017752832968136584
19,0.00011040640231139344
20,9.947259380834172e-05
21,9.698626689200207e-05
22,0.0001020916690332218
23,0.00010041307367175018
24,0.00010578605054955675
25,0.0001054431632885647
26,9.873147781485149e-05
27,0.00010415135285530745
28,0.00010132461933460851
29,9.649342737322913e-05
30,9.53833177870397e-05
31,0.00010463414138876004
32,9.641990523417367e-05
33,0.0018400896605060453
34,0.00010296252075065495
35,0.00010289796961853001
36,0.00010155765936835666
37,0.00010324614709310409
38,9.717649474075615e-05
39,0.00010215786833615251
40,9.586967744234589e-05
41,0.0017741366194304398
42,0.00010173565245750212
43,0.00010332247145900995
44,0.00010915429427004475
45,0.00010601968476578364
46,0.00010655996957175138
47,0.00010122072638164755
48,0.0017792171585604792
49,0.00010417736389311603
50,9.870111252089373e-05
51,0.00010022538049966561
52,0.00010374182530168455
53,9.52129615963214e-05
54,9.894373818113128e-05
55,0.00010054139055618434
56,0.001781425577051631
57,0.00010758184232855815
58,0.00010165148397172593
59,0.0017773299697707997
60,0.00010083767607728493
61,0.00010280004059925347
62,0.00010475853955193163
63,0.00010136444365889668
64,0.00010300329049991265
65,0.00010037366301027316
66,0.00010352668363802184
67,0.0001020925178086734
68,0.00010306208294186001
69,0.00010018627892123536
70,0.00010568634628152246
71,9.766611734662781e-05
72,0.0017531205168148077
73,9.686206531053249e-05
74,9.87906193588355e-05
75,9.937066073679387e-05
76,0.001796257504225889
77,0.0025129188655244024
78,9.857601772404012e-05
79,0.0016813368413898105
80,0.00010590864593945254
81,0.00010455032001847467
82,0.00010060389960602048
83,0.00010421140886515538
84,0.00010334749997322279
85,0.00010065344765270471
86,0.0018116349572804946
87,0.0001044439429656101
88,0.00010690139092673894
89,0.00010228587030494993
90,9.888028490273715e-05
91,0.0017481139551192143
92,0.00010086514341112571
93,0.00010813410464647716
94,9.770662434731261e-05
95,0.0017724994455015424
96,9.617244721205077e-05
97,0.00010037397646927022
98,9.919659215771002e-05
99,0.0018962796231060982
100,9.814126806463065e-05
