1,0.00010118186987856892
2,0.00010823439513620469
3,9.96946903721659e-05
4,0.00010344649711201877
5,0.00010783621282862146
6,0.0022950411627036134
7,9.990722116649219e-05
8,9.942022091313814e-05
9,0.0040676314990483586
10,0.00010382182028099251
11,0.00010163637598549915
12,0.00010178693331096737
13,0.0017180345278088838
14,0.0016676777821816302
15,0.0016763811659812695
16,0.00010126294942809569
17,0.0001045893964629121
18,0.00010215506011370476
19,0.00010330925335290143
20,0.00627384960998606
21,0.04010216702786378
22,0.00010022629029077189
23,0.03371345468046805
24,9.921700936126386e-05
25,0.02604968801418439
26,0.0027574916557199154
27,0.00010253620724193854
28,0.002921064504560347
29,0.00010136209316130419
30,0.08853693596837946
31,0.021361717778422273
32,9.870886198453581e-05
33,0.0033969936039290965
34,9.797461010070887e-05
35,0.0017362614646996837
36,9.584375521693484e-05
37,0.0001002400552618583
38,0.0001007458006971283
39,0.020032882902644232
40,0.0021748848889691285
41,0.029545354734411083
42,0.00010248189730185723
43,0.005764146143684656
44,0.010091648772112383
45,0.0020321858095085294
46,0.0037688121412975673
47,9.803284022805751e-05
48,0.003957589608850258
49,0.002163680196421364
50,0.002241171220258074
51,0.023827794392523367
52,0.003107449721131998
53,0.002126117915995038
54,0.0016643103149333793
55,0.002116301894099423
56,0.0016835572432413722
57,0.0016842412298631558
58,0.0876845746492986
59,0.0016838166191549412
60,0.0025499962839266085
61,0.0016801716486290236
62,0.0030623718494841444
63,0.0001072691322884536
64,0.013754739599886493
65,0.004548190331617202
66,0.001678061179810506
67,0.0021008387165217393
68,0.0036610933207586183
69,0.020162126777389277
70,0.0016695265730278842
71,0.005373475611781642
72,9.979291303894534e-05
73,0.0018188088539144536
74,0.023751629979946523
75,9.900766566656318e-05
76,9.980066026715226e-05
77,0.002108270504123048
78,0.0016678367577545455
79,0.004409815071552274
80,0.0016903608308241722
81,0.004905543688243599
82,0.004072023699519434
83,0.002593226578564892
84,0.0034163795201905623
85,0.0016873798655035795
86,0.03120401790794979
87,0.0033464144879123904
88,0.0016726533732486714
89,0.05078426188475389
90,0.00010021113360989036
91,0.00010741742025353278
92,0.0017116249358915655
93,0.0016754756118911728
94,0.002661193161478065
95,0.01902422840595698
96,0.0032134144067233594
97,0.005120646454200084
98,0.0021386998544524324
99,0.003936906679156146
100,0.004864677863901752
