1,0.00010334324142426604
2,9.920425024001661e-05
3,9.569297533414048e-05
4,0.0017243670072171788
5,0.00010103862853855867
6,0.0018087146085632424
7,0.00167210999890782
8,0.0016610181343319967
9,0.0001119829615210202
10,0.0016575077742257739
11,0.0016687165215752131
12,9.604264138181143e-05
13,0.001695159645988359
14,0.0017250835239320103
15,0.0001001171493763098
16,0.00010103397666346182
17,9.584176649967328e-05
18,9.753462971395076e-05
19,9.949711699232838e-05
20,0.0017710591160220992
21,0.00010548486188409496
22,0.0016655068329063192
23,0.0017179115591039274
24,0.0016601432476148704
25,0.00010464011817612964
26,0.00010197265455850918
27,9.863350572239732e-05
28,9.694273897004224e-05
29,0.00010690549483347965
30,0.00010359789744694603
31,0.0017275463203316327
32,0.00169824676563598
33,0.0016898372756849317
34,0.00010368811069872121
35,9.863101491155246e-05
36,0.0018666894742015677
37,0.0016700605003854255
38,0.00010648375993561411
39,0.0017631015110870418
40,0.0016620645039729905
41,9.899010499288476e-05
42,9.73046679270111e-05
43,0.00010008794219122966
44,9.672569974713967e-05
45,0.0018494186724766924
46,9.812833894811043e-05
47,0.0018123112245940734
48,9.878711547463547e-05
49,0.0017018984010513634
50,0.0016588765404564314
51,0.00010291787263181924
52,0.0016887040992240444
53,0.0016623289800950574
54,0.00011106437734195882
55,9.965161155351319e-05
56,9.899709970191213e-05
57,0.0001021234776554483
58,0.00010026225474289291
59,9.788112608265306e-05
60,9.817630223061897e-05
61,0.0017537275862068962
62,0.0016591773767804965
63,0.0016748367690885462
64,0.0016585784939341422
65,0.0016827650089484248
66,0.0016598253131578041
67,0.0016968541351852523
68,0.0016672489591218777
69,0.0016621277239958804
70,0.0016965037623650045
71,0.001659540646926747
72,0.001673949132292336
73,0.0016629161356643708
74,0.001728665545999931
75,0.0016841174068277411
76,9.735241198037616e-05
77,0.0016687987459238188
78,0.0016713485643048932
79,0.0016595407498766655
80,0.001651337245429902
81,9.806163037711125e-05
82,0.001657310571224413
83,0.0016787639875323948
84,9.692559624142914e-05
85,0.00010070113825431351
86,0.001862929495950144
87,0.0016665006872671026
88,0.0016628118983588469
89,0.00010089196707534444
90,9.710555446380999e-05
91,0.0017637008894166146
92,0.0016979486992429456
93,0.0016733082914872164
94,0.0016659867935441227
95,0.00011158087484892479
96,0.00166865195025148
97,0.001665728704123244
98,9.970259795764306e-05
99,0.0017759977010849783
100,0.001657964132654827
