1,0.00010414202452337188
2,0.00010505492652585235
3,0.00010262843870252836
4,0.00010314878105968195
5,0.00010440108458472218
6,0.00010366439055471491
7,0.0017538942643102325
8,0.00010082260639682471
9,0.0017494207363739787
10,0.00010616203747333149
11,0.00010091109042650012
12,9.75680937187105e-05
13,0.0028958537449921993
14,0.0001016167586899102
15,0.00010368506268247669
16,9.624658822120368e-05
17,0.0022212582587588466
18,0.00010577642299173983
19,0.002113618453637259
20,0.00167821998539943
21,0.00010344110396397328
22,9.968100910073004e-05
23,0.00010399500109735259
24,0.00010199930208239584
25,0.002896644726109511
26,0.002746598171597297
27,0.00010055674122736142
28,0.0016620032807549484
29,0.003529937071998124
30,0.0033192136952942793
31,0.0200480348879467
32,0.02166233144361834
33,0.002131829848437172
34,0.0016727290048332694
35,0.0027689005198217754
36,0.03536724179620035
37,0.0021557187012987014
38,0.00010179331174017032
39,0.003463208927159797
40,0.004699630111164813
41,0.0016834242630937885
42,0.025498329331416252
43,0.0049224373731222085
44,0.0016698391615260026
45,0.00217510391445441
46,0.002180996756939743
47,0.0031304746518375248
48,0.0016722040523844822
49,0.0026536047981721247
50,0.0016765424352114153
51,0.0025582367866847826
52,0.0017157694644891757
53,0.023430021765096218
54,0.016714917034700315
55,0.0016781428418549606
56,0.002166560115970693
57,0.0016681879340217616
58,0.0026350884508576093
59,0.027469045457986372
60,0.08681644248046874
61,0.0016823304089826957
62,0.025467901154401156
63,0.04877963703923901
64,0.003745974196178937
65,0.020249186192468616
66,0.0030647676088883264
67,0.0022461498694127304
68,0.0021131488321373296
69,0.005599153337061894
70,0.0032374827712530977
71,0.0021508630364065772
72,0.023383598604802075
73,0.0022253517237421964
74,0.012826407663262828
75,0.011252899408563766
76,0.018541557882882878
77,0.0016846152389287591
78,0.0001003117419040602
79,0.0017098920113945996
80,0.002121484011443102
81,0.0016716709765802241
82,0.0016736358694905945
83,0.004273686686558682
84,0.02322924711347047
85,0.0021530049631120055
86,0.00220792543294494
87,0.0016944496080392797
88,0.002123131019817584
89,0.0037384242052749634
90,0.0021412537152731624
91,0.004438203526020108
92,0.0035695888615366687
93,0.003583251913477537
94,0.0017066215238465891
95,0.0026908248928188636
96,0.0027023493012005018
97,0.01636439897036665
98,0.021295309639303484
99,0.0323656080952381
100,0.003780784802003443
