1,0.0001039634492737357
2,9.78168501448881e-05
3,0.00010776706873911581
4,0.00010113425852920939
5,9.90002921182341e-05
6,0.00010100477601008988
7,9.703552473767698e-05
8,0.00011142587543559856
9,0.0018876435938976644
10,0.00010547441414529462
11,0.00010220758406480775
12,0.00010438230751195624
13,0.001763981057741626
14,9.73562291839083e-05
15,9.798928544953657e-05
16,0.00010191257918282058
17,9.908282092816735e-05
18,0.00010924686656873192
19,0.00010349164570855259
20,0.003762118600126209
21,0.00010307600433173396
22,0.00010131945059357615
23,0.0018194609293593052
24,0.0017140286147354984
25,9.857411310803866e-05
26,0.00010024316757970769
27,0.00010394715511424862
28,9.968195152745303e-05
29,0.00010226175305867233
30,0.00010550279845033696
31,0.00010158861801608104
32,9.757901952705007e-05
33,0.00010006537274789025
34,9.970529507661478e-05
35,0.00010660769454425522
36,0.001856050760121612
37,0.003124765484288954
38,0.00010197742959479594
39,0.0034857135007905706
40,0.00010596576951434435
41,0.0035406748133245194
42,0.0001079880935502965
43,0.00010160819431897188
44,0.0017905186699710863
45,0.0018928135114026866
46,0.00010534486498176704
47,0.0001057728942218535
48,9.783335835997114e-05
49,9.807175949102007e-05
50,9.896856235453542e-05
51,9.690413560841548e-05
52,9.901732677178684e-05
53,0.04548445562293275
54,0.0037212096001232767
55,0.004307327311522048
56,0.0017067167547304533
57,9.712064271605188e-05
58,9.530006875503133e-05
59,0.0021579594536471954
60,0.00010028693100294602
61,0.00010391954947992905
62,0.0018122863173350465
63,0.02102426711906231
64,9.652458706184677e-05
65,0.0025599109637019744
66,0.00010630826052838611
67,0.0017845881153757755
68,0.00010166749909323527
69,9.70261526015362e-05
70,9.844215535264532e-05
71,0.003078234385437263
72,0.00010060509165942087
73,0.00010551325652972459
74,0.009977080298541477
75,0.001691939909381663
76,0.012547185977134724
77,0.00010448923284027436
78,0.00467529179847292
79,0.06339106563876652
80,0.0020083934075162714
81,0.005865845865975654
82,0.0022018129525067163
83,0.00010344929256661346
84,0.00010552157431822912
85,0.0001033793791727992
86,0.00010450243471978534
87,0.00010832450958029196
88,0.02938305678913738
89,0.00010466857183300787
90,0.00010575244251517381
91,0.0030215569967493856
92,9.635467607769095e-05
93,0.00010578948510228412
94,0.023548298043925876
95,0.002715845410606197
96,0.003451747024362364
97,9.807116183413781e-05
98,0.00010790878873122402
99,0.0017913215827842425
100,9.737352741459685e-05
