1,9.964314768632595e-05
2,9.810861054439399e-05
3,0.0001032156214169364
4,0.00010650178382964636
5,9.854837158400961e-05
6,0.00010105939213549268
7,0.0001079186910996992
8,0.00010068712507774587
9,9.765519823978425e-05
10,0.00010493011609613193
11,0.00010438652566932671
12,0.00010356489803687137
13,0.00011027177256430847
14,0.0017845055637333823
15,9.892162835035388e-05
16,0.0016699200145384055
17,0.0016758237202092415
18,9.901723252341296e-05
19,0.0017205822384226976
20,0.001682133924041836
21,0.0001013334392920904
22,0.0016688591067935668
23,0.00010538650270566691
24,0.0016744655442332778
25,0.00010151332666707691
26,0.00010327265959655047
27,9.87701558576236e-05
28,0.0001037909713284636
29,0.00010664005045887846
30,0.00181749798067098
31,0.0001006410242679429
32,0.0017482215952403085
33,0.00010984312473045714
34,9.911642901562767e-05
35,0.00010155078893820332
36,0.0018232130481684978
37,0.00010005692601392035
38,0.00010204475211756475
39,0.0017993542197772708
40,0.001686398670872983
41,0.00010475212505749732
42,0.00010590750519447354
43,0.0017336298972714858
44,0.00010829460874758698
45,0.00010616714501468689
46,0.0017176236098366672
47,9.949930340022707e-05
48,0.00010135247082189158
49,0.00010098695942632487
50,0.00010207965746264716
51,0.0017001433467315424
52,0.00010145847034178869
53,0.0016616157328621425
54,0.0016896237318777595
55,0.00010331905180774283
56,0.0016735815682036505
57,0.0016751814054205083
58,0.0016658046642310366
59,0.00010231390707129254
60,0.00010469336371224158
61,9.955872236376663e-05
62,0.0017803686189234074
63,0.00010001494049619838
64,0.00010261098504220223
65,0.00010331514616721944
66,0.00010408822156518609
67,0.00010723337692940318
68,0.0017618217396804304
69,0.00010865581527713054
70,0.0016662243950079513
71,0.00010186951588518242
72,0.0001035469115016235
73,0.00010017729424890436
74,0.00010250628734437103
75,0.0017227825582011294
76,0.00010383945446017138
77,0.0016656982688666483
78,0.00010004498904105109
79,0.0016641721098712447
80,0.0016675473480702002
81,0.0001072009151112197
82,9.809684682482843e-05
83,0.00010726890159932594
84,0.0017721689636511233
85,0.0016658013751260387
86,0.00010682416330936876
87,9.958122545930159e-05
88,0.0001017006322677677
89,0.0018070182968113818
90,0.0001058186130456801
91,0.0016697459889995847
92,0.0001014032857774197
93,9.787389714569599e-05
94,0.00010370031089946728
95,0.00010229231381228179
96,0.00010353484053760935
97,0.0017429884123434706
98,9.593422819364956e-05
99,0.0016699368685987978
100,0.00010067316240099469
