1,9.6671286769643e-05
2,9.943796066928764e-05
3,0.00010264499892587171
4,0.00010068731447361687
5,0.00010156584702080055
6,0.00010604176887176122
7,0.00010352125905487617
8,0.0018204300663381145
9,0.0016698392668299089
10,0.00010068381826958246
11,0.00010156658513047186
12,9.581692823178135e-05
13,0.0017449497334587644
14,0.001677248442930871
15,0.0017408121017058254
16,9.787332090753404e-05
17,0.0016739046628630708
18,0.0016745880909246284
19,0.00010270130590578209
20,0.00011638795371180381
21,0.00010786709680095796
22,0.0017794556248566843
23,0.001676636356691437
24,0.00010378347666006375
25,0.0016690429361749224
26,0.0016739606768235648
27,0.001662932029403587
28,0.0016670119332716487
29,0.0016800190865135557
30,0.0017129492423202707
31,0.002172944097644463
32,0.00010259097432713727
33,9.551378296714292e-05
34,0.0018564063043456137
35,0.00010623157566180066
36,0.0016590409426086954
37,0.0021526648546680363
38,0.0017103875969808346
39,0.0016660250395889875
40,0.0016705814469741332
41,0.001670861679402879
42,0.0016824415026958897
43,0.002438114041026677
44,9.948311750844938e-05
45,0.0016868086544775862
46,9.672321778755942e-05
47,0.0016781768044777145
48,0.0016627310221760223
49,0.0016718238641255944
50,0.0016732533950724535
51,0.0016791985044350053
52,0.0016665783647042173
53,0.0016690587424139046
54,0.0016709387371987448
55,0.0016747741984867147
56,0.0016673224579909379
57,0.001675808882146059
58,0.001705907682743161
59,9.983536623395291e-05
60,0.0016869248673328737
61,0.001667582508279288
62,0.001697171948173587
63,0.0016640036278287296
64,0.0020268731639664387
65,9.984155705950124e-05
66,0.0018007749375681472
67,0.00010082580701019502
68,0.0016685445112235
69,0.0016583940219494421
70,0.0016671935701936377
71,0.001673050059177777
72,0.0027044823789532605
73,0.00010367016920320788
74,0.00010225401152179711
75,0.0017950802307577047
76,0.0016644085537705143
77,0.0016693998053097694
78,0.001689245656401349
79,0.0016886380774833519
80,0.0016862942160830545
81,0.00010218255442590947
82,0.0016879999733656515
83,0.0016736934312336527
84,0.0016946679433041433
85,0.00010863223851626307
86,0.0017459482790681358
87,0.0016749357935226844
88,0.0016554496302283984
89,0.0016888252566169678
90,0.0016654735479186837
91,0.0016722306128940008
92,0.00010466480595690664
93,0.0017968545697312698
94,0.0016543012939389176
95,0.00010442399673987644
96,0.00010214506857810949
97,0.0017604529825123608
98,0.0016891591806136679
99,0.00010202514031659255
100,0.0017997268387825816
