1,0.00010193990260381434
2,9.959897762490451e-05
3,0.00010151194466376602
4,0.00010010643894065313
5,0.00010014656466864587
6,9.599476862912361e-05
7,9.932341851050307e-05
8,0.0018346806370046374
9,0.00010440302576382817
10,0.00168275018369993
11,9.998512023659005e-05
12,0.00010164932535073767
13,0.00010743772337180451
14,9.967377457209529e-05
15,9.93829781966378e-05
16,0.00010679085412564726
17,0.0017270050162776834
18,0.00012089348673782098
19,0.001666104242717888
20,0.00010394296252563286
21,9.54454721468757e-05
22,9.79740671824699e-05
23,9.827307944489855e-05
24,0.00010486788446861799
25,0.00010788176183354253
26,0.00010006751509886396
27,0.0001023851693007955
28,9.596580314265096e-05
29,9.990745272932024e-05
30,0.0018520255693586407
31,0.00010131117099235365
32,0.0001015595403279877
33,0.00010138399002518591
34,9.832395193726122e-05
35,0.00010270769806278662
36,9.575442311310013e-05
37,0.00010867581388310438
38,0.0001029115356385753
39,0.00010245902331427398
40,0.00010257571901516292
41,0.00010319719392616317
42,9.927522349118936e-05
43,0.001996860158759503
44,0.00010050968529554474
45,9.976882198695467e-05
46,9.836278826662422e-05
47,0.0001077088136635509
48,9.789949154357751e-05
49,0.0001021303889504354
50,0.0018161663282767555
51,0.001677551719237435
52,9.900740181018202e-05
53,9.730108762115791e-05
54,0.0017177263176944304
55,9.944597903423337e-05
56,9.577355730267685e-05
57,0.0017575277179393161
58,9.874909788454788e-05
59,9.734953283871973e-05
60,0.00010425975251423725
61,0.00010065758748993322
62,9.696631687859944e-05
63,0.001806104140436111
64,0.0001020211398580628
65,9.997983774951624e-05
66,0.0018056402623130787
67,0.00010483985990797053
68,9.825823912552933e-05
69,0.00010322954953592757
70,0.0017804752774720233
71,0.00010095625705491064
72,0.0001108193506780792
73,9.886676055452574e-05
74,9.509138757101673e-05
75,0.00010331144493165821
76,9.865337919927386e-05
77,0.00010730467123853218
78,0.00011280248442797044
79,0.001852450375114308
80,0.0016659891201746973
81,0.00010016521778417019
82,0.001663831391218662
83,9.790354014022042e-05
84,0.00010167898976700097
85,0.00010001000109658878
86,0.00010395987794155157
87,0.0017629916969429337
88,0.00010476997742590722
89,9.85876704789135e-05
90,9.445690023743601e-05
91,0.0017562910680409926
92,0.00010164976478626409
93,0.00010592588433046094
94,9.764663460383313e-05
95,0.00010443318471168827
96,0.0019841009596899767
97,9.919219740903998e-05
98,0.00010025209684566315
99,9.977841392737017e-05
100,9.87062870888127e-05
