1,0.000106041306950671
2,0.00011384330467647302
3,0.00010172424160977803
4,0.0017921271626409633
5,9.658249517626877e-05
6,0.00010786821979492353
7,0.00010880860990616098
8,0.00010653689585004334
9,0.0038818279044117643
10,0.00010954477089986637
11,0.0017584858418594703
12,0.00010616720117379228
13,0.038062824139626354
14,0.0037060146203155824
15,0.00010406258941143339
16,0.0017071160861349783
17,0.0017063260981155966
18,0.0030416318023989905
19,0.00010546749154924063
20,9.712886264949862e-05
21,0.00010166081041461512
22,0.00010745134172231391
23,0.00010529905490346274
24,0.00010454571299365885
25,0.00010211377040631626
26,0.024129241549295775
27,0.0017040156316612196
28,0.00010219866079532228
29,0.05031335322777101
30,0.00010219007001970071
31,0.00010301628009679502
32,0.00010336538866821664
33,0.00010112902554951579
34,0.0077199599439117935
35,0.0001018674465072581
36,0.0017067124085022522
37,0.00010206303202373398
38,0.00010309155575758559
39,0.0039906888670166235
40,0.004395039135032365
41,0.003188908141907457
42,0.032243928168402776
43,0.0030618023609620603
44,0.00010867968213764709
45,0.005184374533929903
46,0.00010204974718060039
47,0.0021650087165223635
48,0.014196328349336993
49,9.899731337886488e-05
50,0.0017150707129369009
51,0.031200817709179523
52,0.004069174676416204
53,0.11104060125313284
54,0.03571309185832566
55,0.00377473254525593
56,0.003761409462826003
57,0.0017014343147444626
58,0.0895087443548387
59,0.05004530024600247
60,0.0017048813592719979
61,0.0838070357798165
62,0.0033982856425022584
63,0.05521425434210527
64,0.017276019654647028
65,0.0027244538672007218
66,0.048700163040935676
67,0.002126460551203331
68,0.0016944538364534122
69,0.03528749725472548
70,0.007036911387133271
71,0.0017183865512500189
72,0.006222649275641026
73,0.005263478124661247
74,0.0035052264145475623
75,0.0021634589743589746
76,0.0017155226867790593
77,0.03516828087703435
78,0.005011765578560695
79,0.05701219839786382
80,0.0035520687846280806
81,0.056184703625170994
82,0.0016971524544562016
83,0.04806996829545455
84,0.06829079991961413
85,0.0037326880537791817
86,0.023813155139550717
87,0.028046711890472618
88,0.0031516201745814603
89,0.0017048718877165183
90,0.03139731662688942
91,0.02367069190777139
92,0.0038932708185769483
93,0.0032745109300043613
94,0.04459787632768362
95,0.0036005274581317453
96,0.06619464316109423
97,0.0017144263956571592
98,0.07282489297012304
99,0.06367061388478581
100,0.01860394905397885
