1,0.00010514748458536733
2,9.872649430754595e-05
3,0.0001051691352249273
4,0.00010641885372111028
5,0.00010031398747905974
6,0.0001017233684050872
7,0.00010226992577679011
8,9.541040571500704e-05
9,0.0017895610183930504
10,0.0001046177848447036
11,0.00010638450155883186
12,0.00010248018604709618
13,0.0022389167936659126
14,0.001674026246038104
15,0.00010276343152075141
16,0.001757148610026191
17,0.0016671683313914487
18,0.00011047440855245722
19,0.00010027380867237301
20,0.00010798740022152597
21,0.0001018985043810003
22,0.00010408324724763274
23,0.00010285876847362959
24,0.0017467644639999997
25,0.00010980758449944705
26,0.00010850037560942882
27,0.0001014133628907723
28,0.0017619374658280184
29,9.520876849275348e-05
30,0.001660184035044596
31,9.655013691314368e-05
32,0.0016681698088092931
33,0.0019194877208934574
34,0.002147108696812058
35,9.654032177477358e-05
36,0.00010748308631814286
37,0.0026977583434099157
38,0.001663289717468296
39,0.0038460256474420087
40,0.0016682769917463823
41,0.002044976230790154
42,0.0022052716098803623
43,0.0016965181980328323
44,0.0016969242504764695
45,0.001662547687700237
46,0.001682085859564165
47,0.0016682808292649385
48,0.0016864182450470704
49,0.0001033828353317737
50,9.859120003842019e-05
51,0.00010092806430453944
52,0.0017438339349893784
53,9.868212373696595e-05
54,0.0018126417508141832
55,0.002109748594390925
56,0.00010638426195693355
57,9.888857097099208e-05
58,0.00010276165862800748
59,0.002287951042719919
60,0.003165969738566374
61,0.0016713449397506442
62,0.00010048674117245028
63,0.006674649320148331
64,0.002101525734368443
65,0.00010803338257389607
66,0.00165558759314199
67,0.0016782590533895268
68,0.0021171758621423703
69,0.001698005107882538
70,0.001679230818494824
71,0.0016660546794271646
72,0.0033580533597942757
73,0.0001030180388697203
74,0.0016654490453130403
75,0.0016564765299086238
76,0.001678285821074239
77,0.0016899577480548097
78,0.001678366310720268
79,0.0016644275743944634
80,0.0016565402530685424
81,0.002235148391171881
82,0.0026596208370121845
83,0.0016915754896570682
84,0.0016680412894755025
85,9.737084878674396e-05
86,0.0017819613122780425
87,0.0016712531064824194
88,0.001675994622905028
89,0.00010185596859160184
90,0.00010653156171362567
91,0.00010147933413680076
92,0.0019455508665682044
93,0.001690552812579343
94,0.00010415465208883713
95,0.00010213038659097053
96,0.0017625637623898053
97,0.002051680866548193
98,0.0016775278967647875
99,0.0016590531784514354
100,0.0001016668358613131
