1,0.00011249847026159488
2,0.00010116691483450236
3,9.542947514156612e-05
4,9.832484493462104e-05
5,9.693682489415512e-05
6,0.00010102102575996471
7,0.00010371859256896826
8,0.0001047527449175975
9,9.95182012819104e-05
10,0.0017602787429120178
11,0.001660447813561066
12,0.0016734073047426454
13,0.0016709904321202424
14,0.001664273115393999
15,0.001728581669019662
16,0.0016627751293919633
17,0.0017283184812014957
18,0.00010223083830003139
19,0.0016884718622490616
20,0.0016671282823897185
21,0.0016778617788461537
22,0.001682906522928751
23,0.0016617164755655326
24,0.0016738614945895648
25,0.0016560931574384067
26,0.001706363126899137
27,0.0016746693217638295
28,0.0016653047526712522
29,0.001678348922726331
30,0.0016642389189935457
31,0.0017068569996494917
32,0.0016760924578712094
33,0.0016662179909135047
34,0.0016521962654606503
35,0.001664438417523773
36,0.001677912087797774
37,0.0016887271933515677
38,0.0016728226245305746
39,0.001669837422882782
40,0.0016638602753830584
41,0.0017107293003218106
42,0.0016916845397060905
43,0.0016641022778451412
44,0.0017252150065818345
45,0.001664546281049649
46,0.0016667902352941175
47,0.0016875109101197432
48,0.0016737711808727425
49,0.0016825598795476033
50,0.001674892589977613
51,0.0016801899816653405
52,0.0016655256813327998
53,0.0016821250550179898
54,0.0016667270561719833
55,0.0017269692895827324
56,0.0016644933215942462
57,0.001670752923214163
58,0.0016670537079853682
59,0.0016706042975293135
60,0.0016855549470817391
61,0.0016740386768360023
62,0.0016706675408060926
63,0.0016565013239820902
64,0.0016640426928000553
65,0.0016674591879828325
66,0.0016690966799560074
67,0.001674882153809048
68,0.0016798053557702866
69,0.0016866198780829602
70,0.001673254465058322
71,0.0016866357820210071
72,0.0016800869718673601
73,0.0016980017920029348
74,0.0016662048486810043
75,0.0016641259534477106
76,0.0016746672980319298
77,0.0016643528760215615
78,0.0016959170496354615
79,0.0016640993133735314
80,0.0016710452116538135
81,0.0016737298261680954
82,0.0016979848357392602
83,0.0016783351684395965
84,0.0016575659201265751
85,0.0016726483314253998
86,0.0016596358866354654
87,0.001675252940296044
88,0.0016832450077412693
89,0.0016706526088621253
90,0.0016846764584489457
91,0.0016653235267687413
92,0.0016507251952923361
93,0.001666549066830383
94,0.001675828852163044
95,0.0016613032964590845
96,0.0016557481351981353
97,0.001661178054108847
98,0.001676108411250141
99,0.0017088229247334546
100,0.0016687047868852458
