1,0.00010332457729736115
2,9.982319124822919e-05
3,0.00010489384128398262
4,0.00010325985431685633
5,0.00010660210150484042
6,0.00010428910433005857
7,0.005892358600299402
8,0.00010111583758721058
9,9.874382111001727e-05
10,0.00010431155146219816
11,0.004934515720869639
12,9.690479276803558e-05
13,0.0022912193491370345
14,0.004450765192557413
15,0.00010255261175915108
16,0.003775146050390351
17,0.00010370794406621458
18,0.00010189712768157197
19,0.00010680699909393869
20,0.00010526594532438228
21,0.0017429539252553387
22,0.0021087730924339862
23,0.011631703420547288
24,0.004417192548537051
25,0.0020968094580456165
26,0.001690402984105588
27,0.00010366658873940169
28,9.803462150035474e-05
29,0.002428648766320641
30,0.00010347799633641331
31,0.00010166230525542967
32,0.0017724067268582667
33,0.00011239988003716207
34,9.611635657357566e-05
35,9.795521709704082e-05
36,9.65344680366539e-05
37,0.003961686447511442
38,9.96425757646579e-05
39,9.866695276882863e-05
40,0.0045819230392943515
41,0.0017018198712099944
42,0.002158145653631285
43,0.001992130446226609
44,0.00299032902000741
45,0.00010144295909848873
46,0.0016835978990569333
47,0.003510144163560112
48,0.00010150647471694036
49,0.0025891074172608285
50,0.018037786110778734
51,9.854226050850934e-05
52,0.0021199339604836337
53,0.002136670660644704
54,9.808173363095239e-05
55,0.0001030033682902932
56,0.0017759566253035869
57,0.0001139897244512487
58,0.003678830635095448
59,9.905155593356077e-05
60,0.004222567651611089
61,0.0020233749165275462
62,0.0016725282193351166
63,0.00010565378924110617
64,0.0038481443091623636
65,0.020621364595719376
66,9.979986775963465e-05
67,0.0018609454012324957
68,0.0040064431226149
69,0.004802247995843231
70,0.0016936326374085682
71,0.0021296490355821734
72,0.0037645977560369598
73,0.0016810354282162901
74,0.00010275251307320783
75,0.019952764961496148
76,0.00010780613774579721
77,0.0020518032266249415
78,0.000107547059819664
79,0.0023784190025328664
80,0.0016914671307442686
81,0.011462004009163803
82,0.00010567467773795355
83,0.01771580244735344
84,0.013235672609457762
85,9.746050813507951e-05
86,0.01942837930654926
87,0.0020877486074454784
88,9.775274977934866e-05
89,0.00010893369763169502
90,0.0018422667936275235
91,0.00010022806552757859
92,0.0016629202391206977
93,9.50888430585061e-05
94,0.008873154151426482
95,0.00213410534996688
96,0.00010191919768505921
97,0.0001114559717768095
98,0.0001088544261717495
99,0.004376385509427344
100,0.001699996191070871
