1,0.00010407860209713037
2,0.0016787505208153096
3,0.00010252259637621627
4,9.97627283514203e-05
5,9.883335806370405e-05
6,0.00010453809815503383
7,0.0017485600928551827
8,0.0016688667368788034
9,0.001670562586392666
10,0.0001059349922669155
11,0.0018673386904602485
12,0.0001049005887313928
13,0.00010666416560112136
14,9.924579834762697e-05
15,0.00010519930945375188
16,0.0017515031179788157
17,0.00010650667842099443
18,0.00010552313225312669
19,9.947682283754479e-05
20,0.0017191448446069472
21,0.0016684311949196555
22,0.0016775021956331874
23,0.0001080220934554057
24,0.0016703554575662272
25,0.0016643794395499437
26,0.00010048668463431514
27,0.0017590110784957006
28,0.0016595399172179696
29,0.0021070621436827014
30,0.0016665768022705771
31,0.001679952367132238
32,0.0016655022007654836
33,0.002102639417563977
34,0.0016912372186635868
35,0.0016736614461204632
36,0.001683982117059446
37,0.002184624065790068
38,0.00172483742047123
39,0.001668538860661991
40,0.0016832572323160233
41,0.002127633652509988
42,0.001723101350509694
43,0.00167973984238337
44,0.0016728728636536273
45,0.0016664658995243146
46,0.00010029745813758614
47,0.0016713411902350434
48,0.0016689746769038352
49,0.0016978994433055282
50,0.001680166524602867
51,0.001669393096646943
52,0.0016593820574245138
53,0.0016703304136042156
54,0.0016713929376173586
55,0.0016735192299713012
56,0.0016705238594542048
57,0.002714221264270851
58,0.0016680719013153318
59,0.003028304832235811
60,0.0017042023123218246
61,0.00010485094989232573
62,0.0023282018571060097
63,0.002142395306068251
64,0.0021740935488944813
65,0.0016693586773407587
66,0.001679042293383401
67,0.0016698886689783029
68,0.00218916878374087
69,0.001676580643758912
70,0.0016778873862754783
71,0.001673095704855743
72,0.0016701689245641293
73,0.0016712719932402062
74,0.00010029814849252655
75,0.0016591915065775735
76,0.0016688873151678833
77,0.0016822140427480362
78,0.0017008111414651124
79,0.0017153278048296226
80,0.0016875540073361373
81,0.0017117529446674818
82,0.002179834101486602
83,0.00010296531284556811
84,0.001773598874156052
85,0.0016896188547744656
86,0.0016796778425130648
87,0.0016752945691249869
88,0.00010127796346458563
89,0.0016676103438713257
90,0.0017548461049881915
91,0.001671996998579004
92,0.0016682425356808
93,0.00010870880191604105
94,0.002161169329873848
95,0.0016802313989530237
96,0.0016658396569104556
97,0.0016751567845227921
98,0.00010231368451954528
99,0.0017524053727728764
100,0.0016864257492279616
