1,0.00010329646227560679
2,9.981983427010667e-05
3,9.972620433062393e-05
4,0.00010323005675486231
5,0.00010410917312595968
6,9.549477456994214e-05
7,0.0001054594412449039
8,9.674617605925619e-05
9,0.00010092834082374757
10,9.871134376387626e-05
11,0.0001083196517000673
12,9.693396843063041e-05
13,0.006726153314152819
14,0.00010195137359455322
15,0.014236931453775258
16,0.00399372893828799
17,0.00010299972328123014
18,0.0001042980633083695
19,0.0001048717454936304
20,9.91132593151111e-05
21,0.00011042859215626825
22,0.00457493121214904
23,0.010367164123931624
24,0.00010690530501578416
25,0.0021862252259989157
26,0.00010280350886816212
27,9.638025149366104e-05
28,0.00011007451112085822
29,0.00010781512596082927
30,0.0018183556205434125
31,0.003140028325411811
32,0.00010127761034350512
33,0.005856361814489639
34,0.00010077594962010425
35,0.0017380741554449736
36,0.00493474037402814
37,0.002743458139402884
38,0.0027336657687514164
39,0.0031634806157877495
40,0.0037875943592935502
41,0.0035336265911225925
42,0.00253999197504847
43,0.003860788550892055
44,0.00010895892170612601
45,0.001771400356066831
46,0.062347409530583195
47,0.0016987346955635238
48,0.03879475720588235
49,0.00010252063891459715
50,0.012680670105667986
51,0.018413228180862252
52,0.017476001169906403
53,0.03790857578703703
54,0.003332136446469249
55,0.005717392102364333
56,0.0017130786511677357
57,0.07744707450271247
58,0.0020168081215630727
59,0.012996991401384082
60,0.046365422762345676
61,0.019653896693502013
62,0.03698528419324579
63,0.001699179965504657
64,0.00010000959264382147
65,0.05595666786632391
66,0.021947219402985073
67,0.003169470593253708
68,0.010366701678174486
69,0.014718307600195504
70,0.01384077294520548
71,0.277230566374269
72,0.031373637398042414
73,0.11164184611650485
74,0.0034802001118487513
75,0.0021586067814444994
76,0.12835583954802263
77,0.002566540813460519
78,0.0030098465991676504
79,0.006600844300101068
80,0.02513890185185185
81,0.05638506427604871
82,0.0030064455521091817
83,0.1733151593283582
84,0.0022651480522905363
85,0.0017111591350196186
86,0.003988885959661403
87,0.003512105774954628
88,0.002083929363166954
89,0.003696761100184388
90,0.002729098376367121
91,0.0043683518849206345
92,0.0017057921292327476
93,0.0026608506174533478
94,0.04417352983870968
95,0.010683304998898921
96,0.009883199075766808
97,0.002812026298722939
98,0.03219931951423785
99,0.001699951802062452
100,0.0031642335968912593
