1,9.941083865686948e-05
2,0.0001015341566940873
3,9.994705598012414e-05
4,9.697884719320466e-05
5,0.00010116068692514166
6,9.948363069823962e-05
7,0.00010214081980771219
8,0.00010031942288143423
9,0.00010513238179943452
10,9.589522246276331e-05
11,0.00010285347626109572
12,9.683838090457306e-05
13,9.893613328783332e-05
14,0.00010100528299081784
15,0.0017884336359371335
16,0.0017116866939980867
17,0.00010605452165050847
18,0.0016933396261947906
19,0.00010467699544840048
20,9.860350064301778e-05
21,0.001764716628148833
22,9.890408473737134e-05
23,0.00010064211581660646
24,0.00177484713873362
25,9.663433623988309e-05
26,0.0017047245392222976
27,0.0001040716496292968
28,0.00010209129850565647
29,0.0017895549688587656
30,0.002119384668067043
31,0.0021147579530581967
32,0.00010430452953287773
33,9.801182013891253e-05
34,0.00010178140225987509
35,0.001787314132223848
36,9.78435061771681e-05
37,0.00010625649740024304
38,0.0018255982358594176
39,0.001705542509446544
40,9.739730871482232e-05
41,0.0016998338736552323
42,9.741348636505828e-05
43,0.0017130840802473523
44,0.0017208926064808264
45,0.0017705309794091315
46,0.00011028490983105768
47,0.00010017265734818302
48,0.0018180474337826584
49,0.0017036516942298204
50,0.0017328033850964406
51,0.000102157384407525
52,0.0017972458072286217
53,0.001706657664496169
54,0.0017150707780979825
55,0.001705828351471463
56,0.0017283981020066893
57,0.001704612656500757
58,0.001703766663669065
59,0.001738396283088496
60,0.0017315236527367388
61,0.002602510537826017
62,0.001736487835143315
63,0.001704832299975185
64,0.002124343871646502
65,0.0017054330784949266
66,0.00010787897353626353
67,0.0018743945169348367
68,0.0017270597183085205
69,0.0017088101409997519
70,0.00169610908004359
71,0.0017167003128258603
72,0.0017063677693965515
73,0.0016935096222705892
74,0.0016982863758626793
75,0.0017087258043849655
76,0.0017264935108573904
77,0.0017070458847517733
78,0.0017062673790495218
79,0.0017452608480813035
80,0.0016959110489264346
81,0.003442694058239954
82,0.002278116884780179
83,0.0017165706068403563
84,0.0016938990845390429
85,0.001816771205100512
86,0.0017029800099608943
87,0.0016899126973366836
88,0.0017003051728993021
89,0.0025628211433419952
90,0.001716538840394578
91,0.0017144494060512896
92,0.0017190788895970538
93,0.0021235380815358253
94,0.002145648185331616
95,0.0017076922847146824
96,0.0017062002968766467
97,0.0017051663316224694
98,0.0017203460569741157
99,0.0017330768117225985
100,0.0017171429167554513
