1,0.00010292862410034406
2,0.0001035721101759196
3,9.702360648654619e-05
4,0.0017191924933733563
5,0.00010509901702398143
6,0.0001016801312871183
7,0.00010704130587672164
8,0.00010009435318724403
9,0.00011422222234614431
10,0.00010283113965179659
11,0.00010243138199043316
12,0.0017633157898348508
13,0.0016860612201056533
14,0.0001031596338310207
15,0.0016901170682350748
16,0.0016735696043603944
17,0.001675021755083845
18,0.0016786454809936938
19,0.00010497244808640051
20,0.0016881975483580744
21,0.0016690867965665234
22,0.0021365305745554035
23,0.0016833624725217208
24,0.0021170516252726375
25,0.0016710993658059332
26,0.00010591257176707463
27,0.0017857573706360054
28,0.0016751357631104066
29,0.001670768173737233
30,0.0016822681329809143
31,0.0016689370156119322
32,0.001672176426151293
33,0.0017006702952167415
34,0.0016831412278883362
35,0.0016686561832801883
36,0.001698426400910376
37,0.0016670515500121093
38,0.00166641355329413
39,0.0016811712831829757
40,0.0016696802444111539
41,0.001726228389779411
42,0.001668281256533556
43,0.0016847934031303615
44,0.0016697655801238796
45,0.001683992283482593
46,0.0016954532966081143
47,0.00203319789656908
48,0.001661766201136559
49,0.0017036212196148586
50,0.0016676319362404369
51,0.0022486584354911043
52,0.00010184953372576892
53,0.0028588057343056895
54,0.0037055167898042115
55,0.0016646426011760638
56,0.0020908234172039015
57,0.001674799107638889
58,0.0016822640489082968
59,9.719457624136957e-05
60,0.0018112017615822351
61,0.0016913602874986918
62,0.0016709394673745505
63,0.0021000046798546066
64,0.0016741870177231248
65,0.0016796409731312434
66,0.001658361236113944
67,0.0016694161352907779
68,0.0016671208496230104
69,0.0021162134311036086
70,0.0021770302017432874
71,0.001679749394298047
72,0.0016685612628990927
73,9.629572530647796e-05
74,0.0016692236839419437
75,0.0016586931447529244
76,0.0016668810718754347
77,0.001664719353988829
78,0.0038323600395458596
79,0.0016741272143505272
80,0.002760022763045338
81,0.001743160931199471
82,0.00010198973742469718
83,0.0016955631027654253
84,0.0016809044308132744
85,0.001682724250380242
86,0.0026190131120783456
87,0.0016651891269676168
88,0.0036278327756568613
89,0.0025918799079754596
90,0.0016627424950863762
91,0.0016777793347609838
92,0.0017014339942998155
93,0.0016693008382419577
94,0.0016676159378127657
95,0.001663433993239981
96,9.572922826249437e-05
97,0.0017154528987098547
98,0.0016699171818973025
99,0.0016687484086772017
100,0.001669023497253928
