1,0.00011063646084557478
2,9.850517714757812e-05
3,9.898050400864323e-05
4,9.992639277280467e-05
5,0.00010562670500518902
6,9.714579231703558e-05
7,9.943004262587881e-05
8,9.987424749232904e-05
9,9.875472449020323e-05
10,0.00010083708973343162
11,0.002917299741617191
12,9.69588246378827e-05
13,0.009402103680175244
14,0.00010662281685913404
15,9.805288557988349e-05
16,9.816518845693283e-05
17,0.00010024366887799249
18,0.00248336959761592
19,0.00010032153711500693
20,0.0040338488111129655
21,0.00010165692740099614
22,0.00010299946003637441
23,0.00010016191376639303
24,9.90921361313821e-05
25,0.0017310115987173612
26,0.00010094203291719406
27,0.00010375775967837936
28,9.811060116158115e-05
29,0.00010188124307981993
30,9.702284237017998e-05
31,0.054279958625336924
32,0.0016645778050564145
33,0.00010092888790063064
34,0.0022737909013702856
35,0.001690119243209404
36,0.043691801226012794
37,0.002708804149633197
38,0.0016670393143783338
39,0.0017116472430857785
40,0.07185128809121621
41,0.00010408638621838829
42,0.00010027073744001357
43,0.00010137710122030029
44,0.08554966692456478
45,0.004501104159695109
46,0.04705338931924884
47,0.00010695229357798166
48,0.0023423510696999215
49,0.002170434693144038
50,0.0016863809396113398
51,0.0019600597342809838
52,0.038039770333333334
53,0.004217231167927647
54,0.0027351666156982665
55,9.968608665786767e-05
56,0.002041688882059607
57,0.02333445019096117
58,9.730315857654762e-05
59,0.00010076999430115685
60,0.0018077024619632099
61,0.001662798193189715
62,0.009403145106864146
63,0.0048658734194970445
64,0.0021713923452402377
65,0.003938381720866359
66,0.00010236903260417816
67,9.871676168838445e-05
68,0.0027773093982700267
69,0.002222283521928851
70,0.0027114183693516696
71,0.002562676523145448
72,0.03976671224686596
73,0.00010525808960331675
74,0.0017210750723767828
75,9.754023257558556e-05
76,0.01985241684179802
77,0.003850869227814061
78,0.0025542858979799694
79,0.00010383099103124702
80,9.6260767862674e-05
81,0.00010563326925888127
82,0.04310657645228216
83,0.00531877950752505
84,0.09474845578947369
85,0.0027274352888086635
86,0.004805365154363744
87,0.0016637862793296091
88,9.735570448207132e-05
89,0.0025069198499948625
90,0.004322173517081437
91,0.0032504234499891992
92,0.03399740583910034
93,0.004094207746122723
94,0.00010355363262788822
95,0.0016684406505608285
96,0.0022882501127989173
97,0.04152229154564315
98,0.0021067979302374453
99,0.0043330668907412394
100,0.03415406524547803
