1,9.940344941891804e-05
2,0.00010782437887704224
3,0.00010147149822833473
4,0.00010170055868998
5,0.00010721370459405441
6,0.0001075714848005623
7,0.00010420347383080813
8,0.00010020717022378374
9,0.00010236534279366832
10,0.00010310094470754528
11,0.00010564473486247317
12,0.0017458000861973082
13,0.003240947317099451
14,0.0035895383063317475
15,0.003314578782262493
16,0.00010313388764414771
17,0.00010219854122493741
18,0.00010268550053415313
19,0.00010270667300791634
20,0.0001041293113545727
21,0.00010095101281416289
22,0.007345934693507435
23,0.00010617195239334814
24,0.0017050502603705414
25,0.0001006111345740208
26,0.00010096828745001377
27,0.0001033928976845021
28,0.00010158220666923503
29,0.00010618077307019863
30,0.00010120079318025903
31,0.002321856785152564
32,0.00010220793174789842
33,0.00010571253378685199
34,0.007508239816291356
35,0.0017024135289653432
36,9.931120424172587e-05
37,0.00010732866205344137
38,0.00010479983408133628
39,0.00010100808908758012
40,0.00010156762135695737
41,0.022631541189856955
42,0.00010519503140666623
43,0.00010209368694735847
44,9.925613071436347e-05
45,0.00010688646785563603
46,0.0018314363251532653
47,9.708603756416568e-05
48,9.92084457350799e-05
49,0.00010182079628128345
50,0.0036462230155259916
51,0.00010086498374872425
52,0.00010157365533915836
53,0.00010721919119393276
54,9.882718134335295e-05
55,0.0017733976308535557
56,0.000102103117220592
57,0.0017633410729352209
58,0.00010411271903140474
59,0.004045265115500503
60,0.00298509058569667
61,9.901558140673683e-05
62,0.003527752895514186
63,0.0020318987109216404
64,0.002718751902403332
65,0.0017076476170287936
66,0.000100189724606734
67,0.003699759201757598
68,0.0016969623485438958
69,0.00010243557887246552
70,0.001762325609984985
71,9.998311142810231e-05
72,0.0018161740477492254
73,0.00010782249041406247
74,0.0017202376280024193
75,0.00010543906516032723
76,9.87638127606701e-05
77,0.004601959715184301
78,0.024895010613540196
79,0.00010184250404133253
80,0.00010293141336571532
81,9.926752323770124e-05
82,0.02599180108370703
83,0.003744534406266967
84,0.00010618348338449494
85,9.839919877076872e-05
86,9.998742473224421e-05
87,0.0017949583811650905
88,0.00010317924036405738
89,0.00010414204941228844
90,9.971727265593866e-05
91,0.004725537853059267
92,0.002065444684450778
93,0.003102374878903432
94,0.024916186380323058
95,0.004411074820196683
96,0.003434025325553262
97,0.002048287275335414
98,0.005541348669179804
99,0.0001073870615806253
100,0.0021226323984738183
