1,0.00010052229573945166
2,0.0001021692141524495
3,9.717069065106038e-05
4,0.00010220770452246445
5,0.00010305162102241112
6,9.82747471665382e-05
7,0.0017483051695559972
8,0.00010065041749405103
9,0.00010117425488701645
10,0.00010368014817205623
11,0.002690602366309158
12,9.92442963982724e-05
13,0.0001022884390526165
14,0.00010171631002333441
15,0.0018902093282604016
16,0.0001006967412011176
17,9.733303770008697e-05
18,0.0021925205705266852
19,0.0001006999464676858
20,0.00010406716438968186
21,0.00010351761979834373
22,9.991722024053788e-05
23,0.0018279013748420453
24,0.0033575783141310384
25,9.685902841033622e-05
26,9.828245635573454e-05
27,0.00010535635548922473
28,0.021990280364511693
29,0.0016577052022617009
30,0.001673242697507907
31,9.597394303785363e-05
32,0.03638828869209809
33,0.00010334142486378096
34,0.00010574813630978905
35,0.05029682720496895
36,0.0027414639569244763
37,0.03685251149212234
38,0.0016688656528862245
39,0.03575639290069687
40,0.03431010159071367
41,0.0025329555503682956
42,0.0400046415430267
43,0.0001024499795626422
44,0.0670365568597561
45,9.903530353701975e-05
46,0.004218617681386638
47,0.005352879512356575
48,0.001679556391831882
49,0.002859247433319534
50,0.007336238368397155
51,0.011914450393217006
52,0.0021136490758959948
53,0.003502218368896926
54,0.035185199914821115
55,0.0021164374850594107
56,0.06952842657004832
57,0.024638643822131705
58,0.0017150798309819313
59,0.00010532647841475702
60,0.0026068277407828486
61,0.003402666608332393
62,0.0036814560650525806
63,0.13827714484848483
64,0.003042561364495402
65,0.11020433633004927
66,0.04045592642998027
67,9.822153372420366e-05
68,0.003176394557020133
69,0.13003239802259886
70,0.040832635837563455
71,0.0016659665904918118
72,0.0042401949446526635
73,0.0016949552098331868
74,0.050191503636363634
75,0.00010185291682387919
76,0.042441233693415646
77,0.032634497451963236
78,0.02429723900130548
79,0.18642963340080973
80,0.002081835269754067
81,0.03998076467005076
82,0.009797886237603722
83,0.0025726460462028684
84,0.03918487195914577
85,0.02086816568684517
86,0.0033154723986254294
87,0.022323045102932003
88,0.02793479036900369
89,0.00471913608472276
90,0.021855115065502185
91,0.04546878250551876
92,0.00539934334704313
93,0.002574950895904437
94,0.24307236641025637
95,0.0031915574674681287
96,0.0030865524448835864
97,0.00010032014504873943
98,0.019080537606157112
99,0.11822976792207793
100,0.002717312970781856
