1,0.00010003610164020633
2,0.00010756691001112052
3,0.00010140538314152097
4,9.898434885037305e-05
5,0.00010606441810610572
6,0.00010164863356076154
7,0.00010796643129626071
8,0.00010339899867724422
9,0.00010633935172783284
10,0.0018039298110880517
11,0.00011131888451521793
12,0.00010287971142378387
13,0.00010426192134296082
14,0.00010908191359902648
15,0.00010367815482058195
16,0.00010044331369667565
17,9.556801318573482e-05
18,9.76173848851139e-05
19,0.00010081351370738858
20,0.00010469350713204238
21,9.519017357598937e-05
22,9.610792964505159e-05
23,0.028259540552995392
24,0.00010778088857134971
25,0.00010276426616192902
26,0.005284855422535638
27,0.0016752435455456146
28,9.918489228568126e-05
29,0.0001001067362998025
30,0.005116591809055688
31,0.00010222211298774623
32,0.026735614225352113
33,0.00010519896106856603
34,0.001730162673973556
35,0.002570265136271692
36,9.943559785231273e-05
37,0.00010487850060742793
38,0.00010335565742625446
39,0.03944680587378641
40,0.00010514046101660635
41,0.002300247584406544
42,0.00010194440003465407
43,0.0020962901174916577
44,0.003791450528351148
45,0.0025860636414911905
46,0.05316681389236546
47,0.001680204819647493
48,0.00010603270507109589
49,0.03096833913590603
50,0.0022604638306301266
51,0.0021043704102408595
52,0.004358771985530546
53,0.00010767195001357686
54,0.00010367399701762796
55,0.00010528538022529463
56,0.0017597782454044767
57,0.012304975356234099
58,9.956537509597201e-05
59,0.0031380609747179273
60,0.022209228544659582
61,0.00010044718648314152
62,9.680265813544036e-05
63,0.00010328418841525788
64,0.04083058075772683
65,0.005777707102001907
66,0.00010287884685090978
67,0.0021194055998026502
68,0.00168929412190831
69,9.88934695802394e-05
70,0.031528288221343875
71,0.014361874467627472
72,9.532801597961563e-05
73,0.0017454407875030474
74,0.00010387582742813093
75,0.00010469931021394146
76,0.0019546317731006513
77,0.0031528077275980995
78,0.002596639968195785
79,0.00010420262614043593
80,0.0016736636421075762
81,0.00010760102146555533
82,0.003268475907859078
83,0.02376143486055777
84,0.006176609733809451
85,0.015566730167322834
86,0.01663310494652406
87,0.004339144538943599
88,0.0016784002274570654
89,0.002716598316337965
90,0.01687413302313883
91,0.07367563559322034
92,0.01143534205065944
93,0.05624704161073826
94,9.992274733821941e-05
95,0.0022721131501360747
96,0.00010067554146789997
97,0.002622285112573417
98,0.0738008217755444
99,0.0021574468731827335
100,0.0022735870439409716
