1,0.000101367389428014
2,9.804001546995238e-05
3,0.00011126091572589342
4,0.00010419784348334746
5,0.00010037363341805513
6,0.00010699168727338095
7,0.00011013179299992542
8,0.0029186545120425396
9,0.00010444650534883366
10,0.001819648474124133
11,0.00010424018840696427
12,0.00010185219349920298
13,0.003599833900661617
14,0.0016645619883441894
15,0.00010882218252148605
16,0.00010908808853860911
17,0.00010005804497591462
18,0.00010176752559128309
19,9.880784249869196e-05
20,0.006663396864752801
21,0.00010982383045363615
22,0.00010361523620475094
23,0.00010449616717674522
24,0.013090837437150827
25,0.0016862817040327375
26,9.845642888189146e-05
27,0.00010208105038960604
28,0.0017747602659598778
29,0.00010312044926270026
30,0.0019906371783788234
31,0.004447056405438139
32,0.00010040483346366944
33,0.010732268045337685
34,9.876591170705955e-05
35,0.040726888197211146
36,9.842242431361036e-05
37,9.867383297969082e-05
38,0.002278858373013419
39,0.0017083527521313101
40,0.02348130420951157
41,0.04540663121516165
42,0.015108463879518074
43,0.010209983881813092
44,0.0016881703135828137
45,0.0038587537010904417
46,0.012770154551867396
47,0.023505350416666668
48,0.00207249840273329
49,0.00010946679560217789
50,0.001667040812720848
51,0.00847255123132806
52,0.01185601613414634
53,0.0001052356570637107
54,0.00010289799039902435
55,0.001759306577922375
56,0.017935867130620987
57,0.04258988860759493
58,0.025487924261603376
59,0.023617884633812456
60,0.01850486925397696
61,0.004071360993773141
62,0.0021013519331608754
63,0.02231113414799729
64,0.002265170310030853
65,0.003995568589487691
66,0.003279587932530643
67,0.0030898622710434243
68,0.0016671905544575056
69,0.0016617030599819082
70,0.019639333437146096
71,0.0016654223458755929
72,0.0016825631575148757
73,0.0016639851741042464
74,0.0032861964125864645
75,0.031193845807210036
76,0.0016723063738939491
77,0.0016685500484077311
78,0.0016660934952924197
79,0.0016661531490601376
80,0.0038248084679984727
81,0.05039771836363637
82,0.002119909747940576
83,0.00010580722558235813
84,0.001687959766697959
85,0.002177984308745583
86,0.0020424286814528
87,0.017145896823411708
88,0.005208923048230395
89,0.007337577225249774
90,0.055130431919060044
91,0.0020368789627603617
92,0.00340183208719223
93,0.006266835074241446
94,0.002270398117486958
95,0.0016778727827978582
96,0.07677574390034365
97,0.00010023498776712364
98,0.0024443144148365036
99,0.026333480551575937
100,0.001673829708809221
