1,0.0017078858522444331
2,9.823039304766405e-05
3,0.00011027246888492038
4,9.936360781683796e-05
5,0.00010167917440465174
6,0.00010400113114033334
7,0.00010558137741849236
8,0.0025084191100435945
9,0.00011202159444121804
10,0.0018313832635462137
11,9.75484194227245e-05
12,0.00010649877278176018
13,0.00010550205829002256
14,0.00010071781378897764
15,0.0018035917555260627
16,0.002035449932888721
17,9.803090648799518e-05
18,0.00010233856045771182
19,9.839871388442845e-05
20,0.00010431506423773489
21,0.021792975398342896
22,0.0033363120427881304
23,9.859785054333344e-05
24,9.569951029157488e-05
25,0.00010415678089927258
26,9.942573140463315e-05
27,0.005222026626285412
28,0.0016992620478093285
29,0.004109140202379324
30,0.0016934885152238375
31,0.00010461692978191712
32,0.00010191115504273894
33,0.0018351775984850837
34,0.002586596173196318
35,0.03702464483253588
36,0.00010916273549734056
37,0.0001068058627144336
38,9.719164599442233e-05
39,0.00010380858375813774
40,0.002382076651329888
41,9.932714216715939e-05
42,0.04930141966824644
43,0.004329940771226627
44,0.006784776470588235
45,0.00010091232633381059
46,0.004387533950693757
47,0.00010602912466305425
48,0.07224343297520659
49,0.0016993486652448818
50,9.794651210235342e-05
51,0.003515708372709049
52,0.00010176100619791633
53,0.0028568793411302565
54,0.034182247729257646
55,0.058477675068681324
56,0.002098187894620349
57,0.0017019067368867526
58,0.04188800793901157
59,0.00010192383020104434
60,0.0026463440547985187
61,0.0034112281722470184
62,0.0022462937150317048
63,0.02526122644978784
64,0.02351505631170663
65,0.029680523710166922
66,0.004044455647039255
67,0.004852938584474954
68,0.0021450097502999066
69,0.0030926940356113624
70,0.00333746305833621
71,0.004347233168894072
72,0.017886738325281804
73,0.002174984588701685
74,0.04832693190255222
75,0.0016989202633814783
76,0.08555681557059962
77,0.0022575721922124684
78,0.06612248557098765
79,0.0033424638800607985
80,0.002519986569517458
81,0.0021115034173925257
82,0.08411230796296296
83,0.003340585835065835
84,0.001711651618813819
85,0.003610096713474753
86,0.0021778105511207325
87,0.002656144653117883
88,0.02734078993598862
89,0.001703410054338112
90,0.0016985125828871317
91,0.0037297906635326747
92,0.026821650074515646
93,0.0017190404254940994
94,0.017713518635902637
95,0.0017019159170282565
96,0.0030377386041679786
97,0.002744371748291572
98,0.0017122687665946826
99,0.029591863908045975
100,0.02776314806851312
