1,0.0001041776434550457
2,9.644385279646753e-05
3,9.915351513523193e-05
4,9.722503106777554e-05
5,0.0019123987374680357
6,0.00010282826678717384
7,0.0001042208082728476
8,9.690538232681885e-05
9,0.00010034743902255572
10,0.0001066605875065513
11,9.772145381874984e-05
12,0.00010450958482951131
13,0.00010257265375803991
14,0.001721702336732767
15,0.001663004047815334
16,0.0001051305534551558
17,0.0017401095632582323
18,0.00010426517424658125
19,0.0001048700948212983
20,0.0017949982245864466
21,0.00010775212149633271
22,0.0016705970818765132
23,0.0016726630278402215
24,0.0016727707633535243
25,0.0016635698728001396
26,0.0016977516957807988
27,0.0030810334854388844
28,0.002668547558170397
29,0.0016966147629086888
30,0.0016648656699151652
31,0.0026791448180766833
32,0.0016699918958432425
33,0.005242748235773818
34,0.001694522744982085
35,0.00010312446758805752
36,0.001686724378817324
37,0.0017093316559574077
38,0.002718806996615905
39,9.592186033002522e-05
40,0.0035133049953260105
41,0.001667822737345668
42,0.0016749926314511652
43,0.0016812159778265472
44,0.0016692135544658108
45,0.001707780034779055
46,0.0016628678586490474
47,0.0021936826056369995
48,0.0016900557490424173
49,0.0016718560266366798
50,0.0016962996769038356
51,0.001684617477379533
52,0.0026210215329652486
53,0.0026449625197958824
54,0.0016751005349677603
55,0.0016942330833217315
56,0.0016620145874382106
57,0.0017003877668660035
58,0.0021753307182345275
59,0.002660555438132981
60,0.0016819111595922926
61,0.0016673387991201045
62,0.0021172782429245284
63,0.0038497616843315035
64,0.0016653889146260752
65,0.0016843205623047553
66,0.001670795336374629
67,0.002154927848496685
68,0.0016664719438808841
69,0.0017129973760830679
70,0.0016806907271931831
71,0.0022006265931260828
72,0.0031372970022978904
73,0.002624158695534065
74,0.001996969391587898
75,0.0026715120688126275
76,0.0016835119896181719
77,0.0027490595626855447
78,0.0022086509310816982
79,0.003787011961965879
80,0.0026479239413305065
81,0.0016877468796692029
82,0.0021622027486324098
83,0.002273377399027786
84,0.0016690607926998198
85,0.003745729709189609
86,0.001676826045128564
87,0.0016828655939226521
88,0.0057258284056092386
89,0.0016693085185573494
90,0.0016910558117373643
91,0.0016799861617188085
92,0.001669692814443261
93,0.00202330352730005
94,0.0016745245189268908
95,0.0030709948115003813
96,0.001668546448068551
97,0.0016615708942246698
98,0.0021032772336108587
99,0.0016827653452061477
100,0.0016731247472656385
