1,0.00010311067967590766
2,0.00010379669740030655
3,0.00010734296229964652
4,0.001829003767689416
5,0.0016851907654054806
6,9.84104477945736e-05
7,0.00010335246006252129
8,0.00010778210093440784
9,0.00010664983336982171
10,0.0001056423949992115
11,0.0018461765763881628
12,0.00010887178679323651
13,0.003119205056529405
14,0.00010945905508461911
15,0.00010373081265303701
16,9.483888522648772e-05
17,0.00010395151472361092
18,9.965582836876374e-05
19,0.011752037224724723
20,0.03357096935344828
21,0.00010521400022578532
22,0.0018108566849607875
23,0.0021505066199267193
24,9.734041738338561e-05
25,0.0016653852612004546
26,0.0017097294633225456
27,0.00010674223935402506
28,0.00010566163871504594
29,0.00010554996488649885
30,0.0035188732672905465
31,0.0035182680576629505
32,0.0045662583712937155
33,0.0016674807232238268
34,0.01994788189557321
35,0.001665466099906597
36,0.0016658865751691518
37,0.0021367703748219375
38,0.0016980587645232198
39,0.00010630859622277424
40,0.0019032892124921403
41,9.566747656528102e-05
42,9.992761881335232e-05
43,0.00010196367476530053
44,0.005087829349234065
45,0.00010006459885433169
46,0.003830027234530176
47,0.016446161255627815
48,0.00010345672812034186
49,0.006704349670510709
50,0.043398661440677964
51,0.01888009318432671
52,0.00010768285627379497
53,0.00010001997294680727
54,0.004395614793853125
55,0.00010455834176205267
56,0.0017943380576781096
57,0.003044133638545087
58,0.004103022692275151
59,0.04092204603255341
60,0.051410893665436656
61,0.004935844196110375
62,0.0034550862943617633
63,0.0026711427695860716
64,0.0001082149059342377
65,9.899501626655616e-05
66,0.052520894395466
67,0.01489325832157969
68,0.0037072720410925193
69,9.831577208391119e-05
70,0.0016642322437003378
71,0.0037306382128545006
72,0.004300996418851167
73,0.001775394161565408
74,0.024195701099611902
75,0.004263528274147726
76,0.1377544521021021
77,0.04176736076352068
78,0.002656378575845923
79,0.0022009270238311806
80,0.02811218254752851
81,0.0021735977336216996
82,0.0055689963963753055
83,0.0019609525086995224
84,0.03190689518647008
85,0.001696385793601222
86,0.01567560652489125
87,0.07114613946945336
88,0.002685028078158458
89,0.20528723694690265
90,0.011922295600884737
91,0.010378582394367602
92,0.008328262119969745
93,0.0016543799310746864
94,0.00010273113739139911
95,0.0016807609410689813
96,0.08397629149338376
97,0.002717393612841668
98,0.03746503704396632
99,0.0038941574075565923
100,0.02056548434867142
