1,9.859476424730911e-05
2,0.0001052407952649081
3,0.00010677035934464037
4,0.00011071022574864882
5,9.768236069312395e-05
6,9.848641865114051e-05
7,0.00010765139814973332
8,9.99794095369889e-05
9,0.00010510143215834547
10,9.900998599442649e-05
11,9.78679850756827e-05
12,0.001767042586772658
13,0.0016535517917190313
14,0.00010945826404410332
15,0.00010305431231892581
16,9.777154947909116e-05
17,0.0017120130736772237
18,0.00010105185848204388
19,9.807842849347991e-05
20,0.0017492295963201978
21,0.00010798708581317801
22,0.0001051792418688108
23,0.00010108107130404465
24,9.961087909419897e-05
25,0.00010748117488272607
26,0.00010490421363507584
27,0.00010202972590573339
28,0.0001089252440652973
29,0.0017876774834134068
30,9.620375332169757e-05
31,0.00010394857280179722
32,9.86870226126799e-05
33,0.00010139454896525456
34,0.0017696561443243484
35,0.0001030033376367078
36,0.0016723319416732713
37,0.0016686899727807534
38,0.00010137006432227354
39,0.00010513732208360803
40,0.00010447545779968732
41,9.784924107853951e-05
42,9.827250472803728e-05
43,9.807672167018356e-05
44,0.0017977022533787381
45,0.00010852195934665575
46,0.0017528954575562142
47,0.001673772171211116
48,0.00011977852177094765
49,0.00010147083905123308
50,0.00011022901829114817
51,0.0018020684471567014
52,0.00010370558479014073
53,9.831275625921209e-05
54,0.00010850005101127617
55,0.00010429986427170857
56,0.00010101499206095687
57,0.00010612799872957617
58,9.891470392058352e-05
59,0.0017201326789734355
60,0.00010026212252751882
61,0.0016612759147722552
62,0.0017091432790668124
63,0.0017033836903049284
64,0.00010499487481458219
65,0.00010546562234279687
66,0.00010579620240693583
67,0.00010660559357095515
68,0.00010363374232415663
69,0.0001023134837274388
70,0.0017964086842281795
71,0.00010202483205000765
72,0.001684094732236111
73,0.001667398018475909
74,9.760888501353009e-05
75,0.0016745871889627987
76,0.0016791194256178545
77,0.0016643223864173634
78,0.0016702183210064283
79,0.00010300709956113985
80,0.00010951525520818779
81,0.00010124330538176186
82,0.0019370445449947086
83,0.00010146918150667482
84,0.00010471574756181858
85,0.00010627407842160025
86,9.962675797714188e-05
87,0.0001067602099667166
88,0.00010509909654740286
89,0.00010364620750694311
90,0.00010766932351910268
91,0.00010571834796467853
92,0.0001047943392826884
93,0.00010616889493382878
94,0.002755978488592435
95,9.641685035085294e-05
96,0.00011014485459282466
97,0.0017828026564290626
98,0.00010392102460920683
99,0.00010130176331589427
100,0.0017940864803156586
