1,9.711953024864205e-05
2,0.00010371980054960047
3,0.00010004336682887479
4,0.00010835305604945898
5,0.0017135331893768078
6,9.65638706860956e-05
7,0.0001043045028021314
8,0.0018024716547369963
9,0.0016805275660909409
10,0.0016612039865331492
11,0.0001002916198834859
12,0.0016741300100408558
13,0.00010168039024133759
14,0.0016689421537451176
15,9.904598098090616e-05
16,0.00010941370401617013
17,0.00010247320655955949
18,0.00010725856262623791
19,0.0017765313526263268
20,0.00010279588698759989
21,0.00010276463265297384
22,0.0017738338131099323
23,9.906407031271043e-05
24,0.00010027180982127922
25,0.0017184261103904818
26,0.00010384785510965412
27,9.895047036612554e-05
28,0.0017900568822477884
29,0.00167155133194949
30,0.0001057938884812814
31,9.71485034989835e-05
32,0.0018478364470226154
33,0.001668053731554549
34,0.0016655337420024207
35,9.929711386317886e-05
36,0.0001016048489195532
37,0.0017843795335837989
38,0.0016816149099853465
39,9.92004486535206e-05
40,0.0016929716608467917
41,0.0016637419117273256
42,0.0016878445358874002
43,0.0016913402030421674
44,0.001673820428238729
45,0.001696609873549281
46,9.952019317350587e-05
47,0.00010760139693412328
48,0.0017340943764328292
49,0.0001020745358843452
50,0.0017749701801426624
51,0.001692639136988222
52,0.00010419328605764026
53,0.00010529635199442085
54,9.995955424815205e-05
55,0.00010266902140010397
56,0.00010089448607174496
57,0.00181686653286848
58,0.00010451008567112277
59,0.00010161687726128224
60,0.00010784009525554538
61,0.00010275911179666792
62,0.00010057045023216788
63,9.798034884722148e-05
64,0.00010209524612344247
65,9.925532096424423e-05
66,0.00010479520390227407
67,9.882647038430555e-05
68,0.00010492556665884363
69,0.0017442510513867016
70,0.00010686502837520098
71,0.0016843827476543559
72,0.001666686354919088
73,0.00010254889202482305
74,0.0017346527766237364
75,0.00167046381013671
76,0.00010118466280572541
77,0.00010005612315151117
78,0.0017977060759028958
79,9.622213558859172e-05
80,0.0001060398938075381
81,9.954614384632932e-05
82,0.0001032046338130092
83,0.0017592933997709048
84,0.001660650429235926
85,0.00010535956674940551
86,9.8498060977646e-05
87,0.00010601376221878977
88,0.00010371857709568587
89,0.00010449185795228521
90,0.0017327542635831956
91,0.0016845686563790553
92,0.0001010239347258744
93,0.00010109056132591462
94,0.0001045383140791277
95,0.00010110977187938422
96,0.0017856442054097845
97,0.0016687562131409144
98,0.00010548381448541506
99,0.00010270034821417234
100,9.69874674317612e-05
