1,0.00010021739673828631
2,0.00010016589273483171
3,0.00010279520660657448
4,0.00010325319588592206
5,0.00010651160496081667
6,9.878040583008128e-05
7,0.0017058800573775416
8,9.866436576187045e-05
9,0.00010252067656016697
10,9.96022632834358e-05
11,9.644252943528237e-05
12,0.001832564037403248
13,0.0016710975624870895
14,0.00010343945190823154
15,0.0016802279237545564
16,0.001668350530721672
17,0.0017295608611804236
18,0.00011113869284930593
19,0.00010177000302181198
20,0.0017918490976134853
21,0.0017001278135270713
22,0.00010462354396821152
23,0.0016831334272558588
24,0.0016550825949694647
25,0.001683501784737178
26,0.001663833901443709
27,0.0016773368129769724
28,0.0016654322676017599
29,9.781082391749692e-05
30,0.0016695849404386944
31,0.001670183325236823
32,0.0016743621328595259
33,0.0016661774031787894
34,0.0016833322284399892
35,0.0017063417243617486
36,0.0016613631970649897
37,0.0017562811027121423
38,0.00166771257635893
39,0.001682818146145797
40,0.0016732299668529241
41,0.0016708263496815064
42,0.0016842444547458275
43,0.001656434155871219
44,0.0022946482067432387
45,0.0016683041627073526
46,0.0017008784025356236
47,0.0016568212777135654
48,0.0017130130577759659
49,0.0020798037363939583
50,0.0016866249488362414
51,0.0016719173240217653
52,0.0021701488188269114
53,0.0016795007615950353
54,0.002090911550530886
55,0.0016638561154087392
56,0.0016928976486621367
57,0.0016728681693657457
58,0.0016615120798210905
59,0.001673152645915747
60,0.0016694777367210782
61,0.0016923299153023246
62,0.001671138932942596
63,0.001709329306352007
64,0.0016779356056651703
65,0.0016801242195985005
66,0.0016727988130978144
67,0.001673784924894574
68,0.001693021530547974
69,0.0016691983558691649
70,0.001679004382767479
71,0.0016608824707607566
72,0.001673347975259748
73,0.0016881210359408034
74,0.0016706390393149354
75,0.0016800834834783207
76,0.001672925728761799
77,0.0016670205569515675
78,0.0016515278802190622
79,0.0016598388549734825
80,0.0016724938307592651
81,0.0016626466411543707
82,0.001668343109898407
83,0.0016875688337143445
84,0.001674845151956198
85,0.0017050539854568225
86,0.0016638575056326418
87,0.0016701269883700747
88,0.0016744256155402108
89,0.0016586357676384124
90,0.0017969683397752487
91,0.0016704516034242462
92,0.0016957446499433109
93,0.0017183847204861392
94,0.001679248871295317
95,0.0016711374662932998
96,0.0016942079486559328
97,0.0016807796244971995
98,0.0016693222495018504
99,0.001661939527567267
100,0.0017029256995593812
