1,0.0001004278898210221
2,0.00010008380824007927
3,9.900337597494779e-05
4,0.00010160065274942487
5,0.00010097276720457044
6,0.00010179302890363318
7,0.00010921097649903187
8,0.00010346509572073989
9,0.00010260823430928606
10,0.0001001200313742512
11,9.992057607324021e-05
12,0.00010783194518151401
13,0.0001039732755120943
14,0.0033895733966515683
15,0.0020880630693793285
16,0.003644890659319647
17,9.8844059553523e-05
18,9.888669913499625e-05
19,0.0018659344952045524
20,0.001705010753647528
21,0.00010355414472518399
22,0.0016979658519063643
23,0.0001012026066789146
24,0.011463419389830372
25,0.001701625398846793
26,0.02191832887195122
27,0.0038861464412095867
28,9.529862690110744e-05
29,0.00010384751584139958
30,0.00010288883679987335
31,0.00010678819872437617
32,0.0001013909591186824
33,0.029551019328703704
34,0.0001018269045657129
35,0.0017540345441974259
36,0.0030088899744213616
37,0.002183899454154647
38,0.00010275087301155506
39,0.008504396139460328
40,0.03522274034253092
41,0.030319630056406123
42,0.003912997392427545
43,0.00392460073987224
44,0.00010036583290232661
45,0.0016935040773292697
46,0.0001041780066425698
47,0.0018329220800520638
48,0.020530719818501172
49,0.00010580921128382268
50,0.07689969098073555
51,0.02065293237347295
52,9.730492565085629e-05
53,0.00488198834002006
54,0.004063691504447054
55,0.13696480778443115
56,0.0020583623723186926
57,0.0017310562651315121
58,0.003912914255060729
59,0.003505864943568224
60,0.009425141322339174
61,0.0017052867132617763
62,0.00010340749345516319
63,0.003946191703944693
64,0.0031231499170898537
65,0.001700163610391454
66,0.005106914850179363
67,0.0021873591385886838
68,0.0017287464835592681
69,0.0017214420246390344
70,0.003051369257972845
71,0.00260324075217438
72,0.002169209585468933
73,0.002094531915348244
74,0.0032759334223142304
75,0.0017276060429371276
76,0.0017134499118519988
77,0.0026748215569395014
78,0.006004559157199034
79,0.001702499148573861
80,0.0016996672576891948
81,0.001709517271175592
82,0.016681618216382144
83,0.002144773888174522
84,0.003908147864179587
85,0.0017096916792765527
86,0.002170396119570085
87,0.0031492955725951053
88,0.003176637452333991
89,0.0017114996798406321
90,0.0037277730162672304
91,0.04642510818284424
92,0.01153563833611045
93,0.004239546014564061
94,0.0017046478885495097
95,0.004205642841639172
96,0.0077119548751391764
97,0.036883348054298645
98,0.03182096668153434
99,0.003457111206526406
100,0.0017110279696009683
