1,0.00010279395673874119
2,0.0016697756491722193
3,9.811304808447756e-05
4,0.001739126947233301
5,0.0016531763206279035
6,0.0016844847034473878
7,0.001663632860478896
8,0.0017047951188119543
9,0.001683529968889631
10,0.00010910720270872635
11,0.00010233151547860994
12,0.001739079867085244
13,0.00010223402386709348
14,0.0018031213905640605
15,0.001667690388205199
16,0.0017073831005044624
17,0.0016659059893675086
18,0.0016619818339160231
19,0.0016642487184306755
20,0.0016663105336981374
21,0.001681988044766753
22,0.001668547185908903
23,0.0016734350063663584
24,0.0016690739579376319
25,0.001682356772557947
26,0.001669138627987417
27,0.0016696734794711203
28,0.0017122951093730544
29,0.0016638719810756623
30,0.0017206668068232322
31,0.001671512242405477
32,0.0016728338360423255
33,0.0016750153315568984
34,0.0016755679412554776
35,0.0016590733263942153
36,0.0016670136228835479
37,0.0016625843588060525
38,0.0017040211093485983
39,0.001686990994680851
40,0.0016639451131190508
41,0.0016612253136981526
42,0.0016671018457007844
43,0.001671553902532217
44,0.0016571519510013072
45,0.0016593255971173644
46,0.0016732535046728974
47,0.0016858620040233075
48,0.001804902965218557
49,0.0016890236953037907
50,0.0016999707342961543
51,0.0016722921556344404
52,0.0016712281913977755
53,0.0016628066489215339
54,0.0016724632981155079
55,0.0016651071616886944
56,0.0016700639996553507
57,0.0016657006943679052
58,0.0016721536158569358
59,0.0016776825969974654
60,0.001685218060548389
61,0.0016666862575611767
62,0.0016891477157833625
63,0.0016740164502199865
64,0.0016565591017316022
65,0.0016666761013449656
66,0.0016824824673090158
67,0.001660546406158911
68,0.0016803677956030898
69,0.0016707701907222158
70,0.0016717780483139313
71,0.0016599027513739587
72,0.0016727835714790975
73,0.0016920955457541847
74,0.0016745217358766404
75,0.0016670512586092368
76,0.0016767879433116815
77,0.0016737279032147036
78,0.0016770621122548337
79,0.0016814708312056564
80,0.0017254486585152834
81,0.0016605164442672954
82,0.0016624065966835589
83,0.001670864274221756
84,0.0016703928302343265
85,0.0016769396670613637
86,0.001663268952148059
87,0.0016771748849430976
88,0.0016599989668709969
89,0.0016689618037180854
90,0.0016642257540441818
91,0.0016589409892219748
92,0.0016671492215672677
93,0.0016989884238064093
94,0.001668605809263374
95,0.0016723525481161894
96,0.0016709576693776274
97,0.0016952272128037422
98,0.00168120482015782
99,0.0016674038591775466
100,0.0016891631549802728
