1,9.963420960562087e-05
2,9.853822898321276e-05
3,0.00010019589136191437
4,0.00010236008172533797
5,0.00010536081271354053
6,0.00010217078721435393
7,0.00010119248865302405
8,0.0001029254999380551
9,0.0017947591206478478
10,0.00010460198241685195
11,9.65761692683837e-05
12,0.0017836665922683855
13,0.0022077385009799007
14,0.00010502406411381342
15,0.001668232340404684
16,0.001663824217152126
17,9.84082196839202e-05
18,0.0016706172051282047
19,0.0016970878838656728
20,0.00010691403374826255
21,9.99419586136121e-05
22,0.00010016570054606816
23,0.00010251871667316227
24,0.00010006631961681544
25,0.00010385189478222938
26,0.0018124223260619979
27,0.0016662003019974525
28,0.0021139425219431655
29,9.92586768551471e-05
30,0.00010261038228452306
31,0.00010878192435251975
32,0.001731378582723412
33,0.0001025409279704947
34,0.002404254174632939
35,0.0021063641475042067
36,9.924895102981349e-05
37,0.001657836910019321
38,9.809551834847658e-05
39,0.0016736221280969766
40,0.0021117370605915407
41,0.0017104051478416156
42,0.0017323665759791528
43,0.00010551273705905245
44,0.0021411558070953433
45,0.0020906756368318483
46,0.0016823190844336344
47,9.952512090682308e-05
48,0.0016919875610931368
49,0.0016676931622746183
50,0.0016638407797077055
51,0.00010315208994387417
52,0.002180273496418435
53,0.0016760367259860546
54,0.00010049860856213693
55,0.0016701149102638895
56,0.002205147541020863
57,0.0016716187434080592
58,0.0022045758608000626
59,0.001670413828318904
60,0.0016820035599226803
61,0.004004829032525035
62,0.0016711589591778678
63,0.0016835542889741726
64,0.001664813099738796
65,0.001845314964486897
66,0.001660361402256176
67,0.0021770275646203555
68,0.0016722504128328028
69,0.00166240105145238
70,0.0016671234747179272
71,0.0016677150415800419
72,0.0016687986165804885
73,0.0022047558560196333
74,0.0030413600924644613
75,0.0016769889865706768
76,0.0016652983900983147
77,0.002246648074057518
78,0.001658616315225481
79,0.0016749536178075565
80,0.0027438795316491625
81,0.0026430721083648516
82,0.001665194196982224
83,0.004050840516951997
84,0.003161294426272406
85,0.0020824795899067185
86,0.001681658775981524
87,0.002127277199683878
88,0.001657391864295125
89,0.0016918133003725499
90,0.001666573400694461
91,0.0048903817457114016
92,0.0016753344168293363
93,0.0016690418923617143
94,0.001708474582981419
95,0.0016681754908365713
96,0.01972024803680982
97,0.003639260656846536
98,0.0016715285780453913
99,0.001680368695218781
100,0.003067707037342294
