1,0.00010550565709072166
2,0.00010254906278859932
3,9.934447317730711e-05
4,9.964872004430182e-05
5,9.826027892959781e-05
6,0.0001000149791131914
7,0.00010399399273191781
8,9.913940579111255e-05
9,0.00010222250167615237
10,0.00010331503680663587
11,0.00010173835294803077
12,0.00010463362520850798
13,0.0018112466419107874
14,0.0017317256279339702
15,0.00010701450691719225
16,0.0018434113202393818
17,0.0016675007647917683
18,0.00010284077122635997
19,0.0001005855717379127
20,0.0001011058269048703
21,0.001809067830245345
22,0.0016740139384031172
23,0.0016743456578901846
24,0.0016578080880058257
25,0.0016751541688352243
26,0.0016618629559270513
27,0.001665542697740603
28,0.001665656806841254
29,0.001665522529916888
30,0.001670619643840141
31,0.00010827830993809957
32,0.0016731347414181302
33,0.00010340517754263208
34,0.0017519385097588978
35,0.0016774639566867447
36,0.001680496950603961
37,0.001677483598787488
38,0.0016766931084379356
39,0.0016658066491159838
40,0.00010075989508104844
41,0.0017623165126436783
42,0.0016638818765182734
43,0.0016787744811549944
44,0.001681826429586989
45,0.0016653308825028026
46,0.0016706080471844324
47,0.0016846236966331135
48,0.0016784606988857846
49,0.00010591282300997033
50,0.00010441863750233928
51,0.0017207264847291536
52,0.0016649836823947584
53,0.001677141404722562
54,0.001668169055800403
55,0.0016656703334717033
56,0.001688481053075597
57,0.0016609068354517824
58,0.0016740542946719443
59,0.0016950113212248553
60,0.0016766766328215577
61,0.00010483905848641122
62,0.0016779792584029265
63,0.0016876587053878936
64,0.0016714326024801927
65,0.0016810518465412325
66,9.672020019883235e-05
67,9.659016869697057e-05
68,0.0017319847025369852
69,0.0016751575565485469
70,0.0016939554595102266
71,0.0016573106996475243
72,0.0016957829492133588
73,0.0016811377385928727
74,0.00010538171371590018
75,0.00010182546917777608
76,0.0017498752308752583
77,0.0016798934098629155
78,0.001669320868057039
79,0.0016819300532841122
80,0.0016711633281813502
81,0.001669736402506578
82,0.0016925361582118832
83,0.0016804608283352983
84,0.0016703329377231152
85,0.0016750521205844773
86,9.871935117415248e-05
87,0.001755362107518867
88,0.0016962821683726042
89,0.0016880533130435537
90,0.0016753423468496024
91,0.0016639569560954349
92,0.0016795323082803432
93,0.001702884530154278
94,0.0016764327336627463
95,9.758761711026844e-05
96,0.0017141766483135953
97,0.0016640560496202878
98,0.0016918138102664292
99,0.0016696827875619152
100,0.0016921931685945832
