1,0.000100809179715803
2,9.813941219448867e-05
3,9.994340608667561e-05
4,0.00010207134910391767
5,0.00010269985376975724
6,0.00010199631957070782
7,0.00010275410852591041
8,0.0001029958223482113
9,0.00010237352409092364
10,9.543232637334686e-05
11,0.00010698919849436816
12,0.00010013161693257173
13,0.0001028179050971329
14,9.867757313043863e-05
15,0.0017579509339835826
16,0.0016638116184448462
17,0.0016599285347835009
18,9.952667145798532e-05
19,0.0016789981304672842
20,0.00010163576053460537
21,0.000106249047369582
22,0.00171363748970468
23,0.0001029837801802415
24,9.907538379307798e-05
25,0.00010834082748231182
26,0.0017432369341875587
27,0.00010719737743478782
28,0.0017163939434021859
29,0.0016698252600117482
30,0.0016632946882985055
31,0.00010071425683185182
32,0.0016593030002729071
33,9.913799696676452e-05
34,0.0016721813151155855
35,0.00010995061081198084
36,0.0017188833717431073
37,0.0016582349822346406
38,0.001662205548293648
39,0.001654725855978736
40,0.0016724311034867114
41,0.00010273839294809166
42,0.0017508201619934835
43,0.001665145005497904
44,0.0016645889190266903
45,0.0016692381366737888
46,0.001668738460348561
47,0.0016746029370195458
48,0.0016681142423714036
49,0.00010082312413218548
50,0.0016821722175556489
51,0.0016656762190959539
52,0.0016768421510328945
53,0.0016593161292564281
54,0.0016670574897610924
55,0.0016674607616122578
56,0.0016642135039868586
57,0.00010447413439106081
58,0.0016563577571320025
59,0.001671079889944115
60,0.0016628083008560092
61,0.00010347376137442374
62,0.0016876458520883439
63,0.0016651136838622038
64,0.0016885859684776293
65,0.00010877517983148734
66,0.0016683488330741965
67,9.855671410468063e-05
68,9.969991607078994e-05
69,0.0017281115530885618
70,9.920743569528953e-05
71,0.001728065331184455
72,0.0016714616414194724
73,0.0017090686860325107
74,0.0018033206855152817
75,0.0016801661278711007
76,0.0016656467277200659
77,0.0016599020954470654
78,0.001696768514524265
79,0.0016761817942942943
80,0.001655547555979865
81,0.0016752355811454833
82,0.0016685936524578895
83,0.0016682840591035022
84,0.0016938831544878674
85,0.00010041845968999241
86,0.001680582744880635
87,0.00010303553514399316
88,0.0017613978056225652
89,0.0016727603348291333
90,9.859939210258565e-05
91,0.00010530639348403963
92,9.811413781924648e-05
93,0.0017511619618654432
94,0.00010137517909288622
95,0.0016667570405873374
96,0.001661615545251589
97,0.0016843647509050164
98,0.0016554398479958702
99,0.00010581527181345434
100,0.001663988109020743
