1,0.00010410063227398466
2,9.770072316224775e-05
3,0.00010236592025438443
4,0.00010154769523330235
5,0.00010013844925103096
6,0.00010166377815895271
7,0.00010339163854244643
8,0.00010736409658170868
9,9.533292352995854e-05
10,0.0001078546722298772
11,0.00010360912276078956
12,0.00010003545687811536
13,0.00010333329089641802
14,0.0021455685366144313
15,0.0016997361553960904
16,9.89366278034335e-05
17,0.00010419429246084845
18,0.0001037260143539025
19,0.0017506939738448917
20,0.001695431316076007
21,0.0001006930653331308
22,0.02043505817277812
23,0.00010431061130543717
24,0.001700095748571023
25,0.00010177844888389651
26,0.00010054697629192522
27,0.00299770265538308
28,0.00010212773681698376
29,0.024701255345911954
30,0.025807201368421056
31,0.00010316172901478765
32,0.0035049449054570386
33,0.002631448343651569
34,0.0017136296944245892
35,0.00330209539541253
36,0.018466959517125216
37,9.877796141887925e-05
38,0.0028970887253540684
39,0.016015382986798683
40,9.900630917468276e-05
41,0.0030580455271464646
42,0.008968618485915493
43,0.002135042459826947
44,0.0017084579286234655
45,0.006068904184857178
46,0.0017444397397512019
47,0.0043632682759266695
48,0.0017069568991889585
49,0.005056963932537189
50,0.002178612110133153
51,0.009884852291709106
52,0.005570447126902528
53,9.815329524379109e-05
54,0.02028948792475728
55,0.0051067918796676125
56,0.061988545467836255
57,0.0022610535585585586
58,0.051547134543178975
59,0.0016950245188340637
60,0.0017225114704002152
61,0.015638492888563046
62,0.0017096317523197712
63,0.03907381317097415
64,0.0017130491694114921
65,0.0021799629857220315
66,0.03361851977138018
67,0.013259183861825629
68,0.019398179820627803
69,0.0034150388517343007
70,0.03837773572806171
71,0.01865743436997319
72,0.001971571803671513
73,0.0027528413533405593
74,0.001704956233507255
75,0.002183030446081533
76,0.0017160503615610933
77,0.03329929555369127
78,0.12141241381578943
79,0.0016972220089365503
80,0.0025839077848644008
81,0.0037838599124110426
82,0.0021770316132377478
83,0.0026690879348597795
84,0.002188738585049924
85,0.0027302019733861835
86,0.01603168153526971
87,0.05366985202275601
88,0.0017050947651238684
89,0.0036185094940498473
90,0.0020168861589679567
91,0.010231134146832063
92,0.00222308872599846
93,0.0037427651208740116
94,0.0016950371806119093
95,0.01687913447911158
96,0.0021038486763778974
97,0.0017172704181824604
98,0.004050717843383584
99,0.02762673888065234
100,0.0017141742679856117
