1,7.02879
2,7.294354
3,7.9838645
4,8.3353785
5,9.538108
6,9.9366615
7,10.706585
8,11.533102
9,13.391335
10,14.140135
11,15.043767
12,15.491351
13,16.896487
14,17.485776
15,18.593294
16,18.975428
17,19.28078
18,22.813556
19,23.279932
20,24.369129
21,24.646073
22,26.241653
23,26.839869
24,27.719413
25,28.32843
26,30.717507
27,31.607302000000004
28,32.323271
29,32.772735
30,34.627838
31,35.123509
32,36.123762
33,36.386428
34,36.56318
35,40.975249
36,41.486525
37,42.269186
38,42.563888
39,44.138519
40,45.035582
41,45.770578
42,46.094985
43,48.496091
44,49.329816
45,50.340672
46,51.005597
47,52.246165
48,52.46057
49,54.024184
50,53.414448
51,55.231898
52,58.622159
53,59.153989
54,60.059335
55,59.359884
56,61.891042
57,62.454628
58,63.125523
59,63.92740800000001
60,66.521651
61,67.057037
62,61.905439
63,68.304738
64,69.960033
65,70.729902
66,71.619905
67,71.809103
68,68.061817
69,77.803704
70,78.487395
71,72.096521
72,79.678283
73,74.507792
74,82.204487
75,70.300023
76,83.33577
77,85.403746
78,86.373927
79,86.887525
80,71.929086
81,88.055215
82,88.646987
83,73.549027
84,90.184358
85,90.515595
86,77.548948
87,95.81433
88,85.659541
89,78.048619
90,75.925725
91,77.009921
92,85.186812
93,101.562086
94,103.90039
95,90.536277
96,104.834315
97,105.175881
98,95.7367
99,83.805591
100,87.4596
101,107.541017
102,107.759516
103,90.152512
104,95.354765
105,114.671221
106,115.244212
107,116.556723
108,107.116066
109,118.504099
110,89.426093
111,103.129844
112,101.699668
113,92.688056
114,104.583573
115,116.978727
116,97.420305
117,105.498432
118,125.865589
119,98.105226
120,99.257606
121,124.613366
122,111.184344
123,110.355409
124,98.992632
125,117.15111
126,105.761959
127,121.075361
128,124.50652
