1,9.626561
2,10.015108
3,10.33909
4,10.878351
5,12.011911
6,12.226618
7,13.493608
8,14.042634
9,15.412832
10,16.158668
11,17.409713
12,17.747438
13,19.958175
14,20.446037
15,21.501581
16,22.375525
17,22.744784
18,25.917627
19,26.556269
20,27.16753
21,27.599536
22,29.579788
23,29.982486
24,30.937621
25,31.688913
26,34.505968
27,35.159203
28,36.415663
29,36.454199
30,38.44964
31,39.316353
32,40.174491
33,41.278016
34,41.410422
35,45.501139
36,46.071913
37,46.625074
38,47.279689
39,49.243106
40,49.616132
41,50.776268
42,51.389921
43,53.906328
44,55.82617
45,55.883932
46,56.061055
47,56.671828
48,58.687663
49,59.540532
50,58.987162
51,61.604183
52,67.388734
53,67.796256
54,68.657988
55,69.898886
56,70.882642
57,67.326749
58,73.226015
59,72.81166
60,74.832746
61,75.21715
62,76.216528
63,77.343654
64,78.462978
65,79.535065
66,80.483744
67,78.761977
68,81.251815
69,76.119421
70,89.171257
71,86.276049
72,71.936833
73,75.51018
74,84.069869
75,82.653572
76,91.805713
77,96.824324
78,80.272461
79,98.610165
80,99.205075
81,99.907636
82,100.326277
83,85.484104
84,101.099152
85,101.383569
86,106.845646
87,107.524255
88,83.278264
89,109.37169
90,110.780153
91,104.140459
92,114.041347
93,114.157489
94,98.708484
95,116.593481
96,117.042601
97,117.33976
98,96.63371
99,109.782208
100,117.277268
101,103.742769
102,120.828999
103,91.756512
104,116.096952
105,107.385934
106,115.051232
107,109.758075
108,96.75346
109,131.680886
110,130.565495
111,134.713376
112,136.244565
113,103.552636
114,114.696742
115,134.959652
116,119.580556
117,123.107835
118,121.859037
119,100.468942
120,138.903953
121,104.627648
122,119.003345
123,105.2011
124,115.990309
125,110.889969
126,114.559518
127,139.740759
128,113.845201
