1,7.6385685
2,7.6636935
3,7.825588
4,8.007884
5,8.7847225
6,8.9360855
7,9.569906
8,9.7148735
9,11.083465
10,11.281747
11,11.925001
12,12.12314
13,13.380496
14,13.519317
15,14.184256
16,14.610461
17,14.833139
18,17.671727
19,18.078758
20,18.373581
21,18.413016
22,19.84557
23,19.989538
24,20.503025
25,20.868682
26,23.503923
27,23.676113
28,24.334064
29,24.401946
30,25.714116
31,26.088262
32,26.759914
33,26.812622
34,28.214346
35,30.743908
36,31.056281
37,31.399255
38,31.585979000000002
39,32.810308
40,32.963672
41,33.51738
42,33.605595
43,36.147236
44,36.578631
45,37.141585
46,37.200418
47,38.554772
48,38.742671
49,39.356696
50,39.899485
51,40.023028
52,44.508968
53,44.914083
54,45.012199
55,45.094789
56,46.05124
57,46.324745
58,46.636933
59,46.747761
60,50.048177
61,50.49267
62,50.793431
63,50.937708
64,51.833183
65,52.041371
66,51.944432
67,52.318477
68,52.354919
69,58.230607
70,58.521243
71,58.738984
72,58.867564
73,57.768214
74,59.76695
75,60.593211
76,61.62335
77,63.674263999999994
78,63.41732999999999
79,60.61314
80,64.543242
81,65.168872
82,63.710744
83,66.987577
84,65.699107
85,64.567144
86,70.270165
87,68.392282
88,64.565078
89,71.055563
90,71.934709
91,72.003136
92,75.269822
93,73.058933
94,72.573936
95,72.018855
96,76.180798
97,76.306006
98,77.068961
99,77.509614
100,77.886741
101,78.110356
102,78.185695
103,72.640131
104,83.882103
105,83.941613
106,84.44215
107,84.902932
108,85.212919
109,85.915392
110,86.826573
111,88.777568
112,73.873335
113,89.578452
114,89.539106
115,90.178392
116,90.479836
117,74.587698
118,83.63095
119,90.703448
120,95.346517
121,95.651068
122,96.04302
123,95.977058
124,87.891092
125,97.697703
126,98.076493
127,99.167113
128,78.337269
