1,9.246365
2,9.3445205
3,9.571415
4,9.676792
5,10.265611
6,10.682237
7,11.37543
8,11.729351
9,12.900738
10,13.103381
11,13.882952
12,14.423335
13,15.946938000000001
14,16.225031
15,17.100645
16,17.784687
17,17.923439
18,21.018659
19,21.158036
20,21.735878
21,21.925228
22,23.325917
23,23.982742
24,24.550724
25,24.692607
26,27.290681
27,27.654383
28,28.352539
29,28.700122
30,30.230428
31,30.626369
32,31.470975999999997
33,31.989542000000004
34,32.062152
35,36.320275
36,36.450296
37,36.847115
38,36.986995
39,38.392792
40,38.859468
41,39.463813
42,39.593019
43,42.056584
44,42.421815
45,43.125738
46,43.93615
47,45.419108
48,45.76819
49,46.521729
50,46.661279
51,46.820618
52,52.155527
53,52.321504
54,52.495119
55,54.017763
56,54.193114
57,55.979254
58,54.799357
59,56.437004
60,58.347913
61,58.860967
62,59.29367
63,59.678081
64,57.514614
65,60.975651
66,61.391604
67,61.565793
68,62.94838599999999
69,62.31831
70,69.257587
71,70.216757
72,70.268473
73,71.855657
74,72.851104
75,73.407395
76,73.753101
77,72.996972
78,75.48205
79,75.795231
80,76.26293
81,76.848571
82,70.082183
83,76.028523
84,72.31757
85,68.605296
86,82.881962
87,83.395916
88,78.381913
89,84.038425
90,71.908178
91,81.288562
92,88.304101
93,73.938331
94,89.820195
95,75.581873
96,90.466839
97,89.802437
98,91.002569
99,89.115377
100,86.136704
101,92.11176
102,75.308445
103,89.931566
104,98.645695
105,99.078991
106,99.652053
107,88.381251
108,86.369093
109,102.542318
110,96.580218
111,96.741657
112,105.116182
113,83.353363
114,89.080249
115,94.19861
116,98.591968
117,107.03404
118,84.928289
119,107.195866
120,113.105602
121,83.965191
122,100.731329
123,114.147462
124,106.064763
125,110.667037
126,98.109662
127,97.462246
128,119.790064
