1,0.0029752624667614865
2,0.0029491685458571688
3,0.002973624615243117
4,0.0029997482953838498
5,0.0029708576196628518
6,0.0029981283327062953
7,0.0029663914105327992
8,0.002971536340237704
9,0.003005426012987275
10,0.002968429616832241
11,0.0029514375245338572
12,0.0029674829260034476
13,0.002974699692175091
14,0.002950490436705362
15,0.0029816721786398177
16,0.0029679850641773625
17,0.0029605057638380883
18,0.0029661517421175317
19,0.003002005398901709
20,0.0029888469813563563
21,0.0029488333991854595
22,0.0029811662251451156
23,0.002930592712205228
24,0.002940081670023805
25,0.0029765753999507756
26,0.002975526974733227
27,0.002951339411368782
28,0.0029473808446132174
29,0.002952994610557401
30,0.0029791639914243102
31,0.0029568215476787475
32,0.0029339908723404256
33,0.0029766532231303385
34,0.002948349938744257
35,0.0029932969166476127
36,0.0029456296318980824
37,0.0029727772031366696
38,0.002951717168972332
39,0.002994063746327437
40,0.0029637542963846355
41,0.0029779239547466792
42,0.0029691924953445066
43,0.0029514423452366243
44,0.002962435337351621
45,0.002956776929721725
46,0.0029703282212015887
47,0.003005071270632202
48,0.0029492316936689457
49,0.0029562509042258722
50,0.002948411459791806
51,0.00296831148458527
52,0.002995880591572123
53,0.0029665324205982112
54,0.00297070717912911
55,0.002983114632247618
56,0.002999084013116802
57,0.002969054710099751
58,0.003013942684508517
59,0.0029528685862734117
60,0.002973424816130641
61,0.002945875500229193
62,0.002953816120883233
63,0.002987724140281306
64,0.002929439469555905
65,0.0029532485939223136
66,0.0029567437269529136
67,0.0029457213354949223
68,0.002942830256566891
69,0.002938494284230464
70,0.0029894013090316926
71,0.0029551695861390996
72,0.0029381699003301945
73,0.002964699549590705
74,0.0029512828442563636
75,0.00292519784649365
76,0.0029469371432064052
77,0.0029343720403328674
78,0.0029443537669772823
79,0.0029433498691019792
80,0.002952696416887846
81,0.0029390520320954254
82,0.0029542839482599326
83,0.0029571967120670525
84,0.002952485554194734
85,0.002953679711227284
86,0.002992643127813907
87,0.0029519782038564075
88,0.002986401000554153
89,0.002947161201934852
90,0.0029389342420703224
91,0.002953309636464978
92,0.002954388225235129
93,0.002965546423303835
94,0.0029778101449275357
95,0.002943253029740926
96,0.002948605262997315
97,0.0029895183363426933
98,0.002937320060994206
99,0.002967582333009494
100,0.0029648822710017144
