1,0.0029971390742935563
2,0.0029611956256990184
3,0.0029582174070660527
4,0.002968213269169534
5,0.0029738566446216386
6,0.0029562993012565127
7,0.0029725878025438374
8,0.003009646500811587
9,0.0029420978258206765
10,0.002967792340610271
11,0.0029559316446464137
12,0.0029729149006215007
13,0.0029679622776357514
14,0.0029619804889442543
15,0.0029632808463672645
16,0.002967790773791333
17,0.002984098756373586
18,0.002978985184955698
19,0.0029873240217817556
20,0.002953559619035021
21,0.0029667309343511454
22,0.0029576779632926155
23,0.002977046640402035
24,0.002980483439510337
25,0.0029873180412126918
26,0.0029946914051377283
27,0.0029426022723113526
28,0.0029670167670744455
29,0.0029466139220169314
30,0.0029473156203566123
31,0.0029513626457017966
32,0.002977570355561024
33,0.002985007475835672
34,0.0029482975932244694
35,0.0029336637947843043
36,0.002964098134947459
37,0.0029379952715006467
38,0.0029614456775990104
39,0.0029507639743905447
40,0.0029394411104313243
41,0.0029526056450137235
42,0.002982285952527743
43,0.0029559633855125848
44,0.0029903114259851866
45,0.002960161958132642
46,0.002932977141892721
47,0.002975407441743924
48,0.0029331194174458666
49,0.002940265499081445
50,0.002935244793629566
51,0.002977078269431965
52,0.002942318541543707
53,0.00295011182531894
54,0.0029561653000612373
55,0.0029620360884249314
56,0.0029510059769387127
57,0.002964855275979032
58,0.0029644438953310014
59,0.0029557789879931387
60,0.002975674956645609
61,0.0030063034094493157
62,0.002947699015748032
63,0.0029528584688055947
64,0.002941140848091182
65,0.0029535951518511673
66,0.0029520911719233154
67,0.0029481707466340267
68,0.002962064789422135
69,0.0029535766060155956
70,0.002979664427244582
71,0.0029926697263790623
72,0.0029707317103311913
73,0.0029772041105709302
74,0.0029572792084692563
75,0.002973879745981102
76,0.002957317491231309
77,0.0029701355229704574
78,0.0030014345674031777
79,0.002959930269607843
80,0.003034760940154804
81,0.003004190193067135
82,0.002972674655332303
83,0.0029490066157230282
84,0.0029487459706504164
85,0.0029936095478680868
86,0.002974631053149606
87,0.0029413817329925766
88,0.0029523718173561967
89,0.002949907809057528
90,0.0029864432515145835
91,0.0029554021603604716
92,0.002946046414555223
93,0.0029452441861518375
94,0.002970477850496278
95,0.002922701186853317
96,0.002956719032297983
97,0.002945228249020088
98,0.0029587101929555897
99,0.0029520687389150515
100,0.002929288002689158
