1,44.441638
2,44.05038
3,44.152463
4,46.927353
5,49.856554
6,49.061807
7,49.697153
8,55.107393
9,58.33427
10,58.593001
11,58.952399
12,64.222426
13,68.346926
14,68.580445
15,69.3088
16,91.408995
17,94.26356
18,99.677252
19,103.151087
20,104.900236
21,106.070975
22,108.540288
23,113.858912
24,114.441182
25,115.238162
26,118.966529
27,121.360645
28,122.974182
29,124.608319
30,128.18642
31,160.842658
32,163.524742
33,167.151702
34,169.492667
35,175.356051
36,176.873316
37,178.185691
38,181.375976
39,185.614818
40,186.562496
41,187.705011
42,190.077021
43,192.723588
44,194.136084
45,195.686742
46,213.722475
47,215.774819
48,220.156078
49,221.258142
50,223.088033
51,224.751663
52,229.395301
53,232.518836
54,234.498407
55,238.090288
56,238.26927
57,240.633515
58,244.724823
59,245.394585
60,247.904436
61,276.739695
62,280.305067
63,283.585153
64,286.207402
65,290.086981
66,291.1376
67,293.766375
68,296.643159
69,301.421942
70,302.741033
71,305.540165
72,306.228378
73,310.421181
74,311.878245
75,313.941106
76,331.834596
77,332.898096
78,335.5564
79,338.920212
80,341.094071
81,343.441156
82,347.606274
83,347.407254
84,351.059008
85,351.132326
86,356.88462
87,357.183009
88,360.605335
89,363.187314
90,367.739308
91,393.79143
92,396.402955
93,400.998758
94,404.406759
95,408.359601
96,409.994158
97,411.508006
98,413.758717
99,418.567952
100,418.264399
101,419.968748
102,425.780308
103,428.779364
104,430.093416
105,436.992347
106,448.047338
107,452.650989
108,458.611005
109,457.901417
110,458.542032
111,464.11755
112,464.418889
113,467.836559
114,471.82019
115,472.440374
116,475.375914
117,476.675789
118,476.596413
119,481.683426
120,491.403607
121,512.989764
122,519.401133
123,525.014178
124,523.949848
125,530.453272
126,528.948578
127,535.033826
128,534.273482
