1,17.2696
2,19.04518
3,20.707569
4,24.330962
5,26.690855
6,29.107819
7,30.626514
8,34.912723
9,36.69503
10,40.249826
11,42.416607
12,46.011544
13,47.655053
14,50.051823
15,52.728488
16,63.924701
17,66.855172
18,69.837535
19,74.2972
20,77.345436
21,79.839258
22,81.89148
23,84.727769
24,87.544325
25,89.465294
26,91.818242
27,93.896342
28,96.181204
29,99.042307
30,100.959742
31,111.455695
32,114.100377
33,117.911999
34,120.788716
35,123.594096
36,125.16869899999999
37,127.80068299999999
38,133.122232
39,135.430705
40,136.917156
41,139.379099
42,141.868909
43,144.25802
44,146.434451
45,149.334165
46,158.829102
47,161.764233
48,166.384661
49,168.770024
50,171.459954
51,172.947366
52,176.204475
53,178.668822
54,181.045024
55,183.404576
56,185.989981
57,190.373579
58,192.379011
59,194.052143
60,197.148036
61,207.014226
62,210.242447
63,213.318268
64,216.111661
65,218.849908
66,220.860453
67,224.008477
68,226.841559
69,229.375813
70,231.875904
71,234.833986
72,236.970479
73,238.033425
74,241.576872
75,244.776304
76,255.56325099999998
77,258.597639
78,261.371898
79,263.925615
80,266.42658
81,268.682662
82,272.430445
83,274.088815
84,276.827754
85,279.296656
86,281.896329
87,284.913721
88,286.462612
89,289.973186
90,293.035509
91,302.127982
92,305.184133
93,307.717449
94,311.485302
95,314.528305
96,317.391796
97,321.292594
98,322.724593
99,326.060223
100,328.636977
101,331.294917
102,333.212675
103,334.864863
104,338.252781
105,342.372697
106,349.123315
107,351.99909
108,356.296881
109,361.141985
110,362.219671
111,364.896666
112,368.894978
113,371.519296
114,373.652556
115,376.216571
116,378.968137
117,380.988944
118,383.660836
119,387.550033
120,390.736083
121,398.958516
122,401.696004
123,405.671062
124,409.782176
125,410.878333
126,414.627424
127,416.18344
128,418.615763
