1,17.737839
2,23.196889
3,27.957762
4,33.063403
5,37.802607
6,44.36899
7,48.760643
8,60.477597
9,65.396546
10,71.686918
11,75.39392
12,82.082747
13,87.300335
14,92.111317
15,96.997367
16,108.092181
17,114.798604
18,120.063926
19,125.623549
20,129.2974
21,134.3636
22,137.981402
23,150.711567
24,156.539604
25,163.293008
26,167.62501
27,172.606021
28,176.255138
29,181.720987
30,187.79927
31,199.540612
32,205.162229
33,209.399234
34,214.746856
35,219.599122
36,224.413438
37,229.171859
38,241.438771
39,247.166967
40,253.260352
41,257.876323
42,262.258586
43,266.112404
44,271.115088
45,278.270088
46,289.475469
47,295.902995
48,299.325712
49,305.302479
50,308.967379
51,314.686691
52,319.56499
53,330.434759
54,337.408483
55,343.016792
56,347.040327
57,352.939872
58,356.79814
59,363.49682
60,370.450045
61,379.678747
62,386.220691
63,389.662135
64,395.24477
65,398.872443
66,404.449972
67,411.407408
68,422.107703
69,426.950939
70,432.583897
71,437.534501
72,441.590937
73,447.325079
74,452.834833
75,462.961696
76,470.96379
77,476.614322
78,480.249994
79,485.219363
80,489.691859
81,496.784878
82,502.1474539999999
83,509.873856
84,518.129966
85,523.032568
86,527.51753
87,533.476314
88,537.608245
89,543.76169
90,551.669595
91,560.423389
92,565.599264
93,569.043405
94,575.46066
95,581.192894
96,585.553503
97,593.722548
98,602.949081
99,608.686702
100,612.897899
101,617.366851
102,622.754206
103,627.902513
104,634.475012
105,642.118195
106,649.613261
107,657.138509
108,661.793072
109,666.32193
110,671.499247
111,677.955454
112,683.879722
113,693.184685
114,699.977806
115,703.711225
116,708.11258
117,712.67189
118,720.87159
119,727.054334
120,734.43963
121,741.112192
122,747.368392
123,751.480738
124,758.620841
125,761.656557
126,768.286103
127,775.600945
128,782.663001
