1,36.903918
2,37.625706
3,38.800583
4,44.545072
5,46.483793
6,48.902488
7,52.114193
8,59.458259
9,61.443339
10,64.612426
11,77.360484
12,82.296646
13,86.550702
14,89.846987
15,91.565701
16,111.367901
17,115.283114
18,118.257161
19,121.153242
20,124.645821
21,135.666278
22,138.328083
23,143.837315
24,147.144983
25,150.748051
26,155.184502
27,158.037985
28,159.696859
29,162.154375
30,165.69895
31,193.318549
32,196.900971
33,200.606551
34,204.880839
35,206.842816
36,209.288063
37,214.200627
38,219.273055
39,221.79811
40,225.680983
41,236.786174
42,239.954246
43,243.259099
44,246.444768
45,250.14054400000003
46,267.092315
47,271.441312
48,274.753265
49,278.554593
50,283.101446
51,293.748152
52,298.002718
53,302.483221
54,304.755713
55,308.063785
56,310.824941
57,314.437229
58,317.325927
59,319.663377
60,325.611352
61,351.353615
62,354.531624
63,358.880197
64,363.43565
65,365.610181
66,369.076128
67,371.929356
68,376.501306
69,378.688754
70,383.215511
71,392.254199
72,396.722991
73,400.105621
74,405.458
75,410.68489
76,426.572494
77,430.219361
78,433.833808
79,437.761298
80,442.28001
81,451.108501
82,455.228823
83,460.176125
84,462.005289
85,465.825804
86,471.470503
87,474.791808
88,478.390616
89,480.433908
90,488.571962
91,509.831024
92,514.276721
93,518.375527
94,521.969175
95,524.701125
96,528.078659
97,530.819788
98,536.953715
99,540.92942
100,545.862039
101,554.271824
102,557.289141
103,566.208364
104,566.01469
105,572.28607
106,585.875396
107,590.899162
108,593.272011
109,597.990706
110,605.181014
111,613.943776
112,619.734555
113,621.658905
114,625.573006
115,629.590855
116,633.838688
117,638.786658
118,642.555821
119,643.312163
120,652.384063
121,670.194255
122,676.245761
123,680.822824
124,685.277585
125,689.4182
126,694.076116
127,696.553137
128,700.755945
