1,0.004064287910018827
2,0.004183760106382979
3,0.004182998667029379
4,0.004174049328671329
5,0.004270330876787217
6,0.004695175532363483
7,0.004869480622505984
8,0.00496902321048321
9,0.0049933133661271565
10,0.005037365616349128
11,0.005033285485477177
12,0.0050732428999054726
13,0.004917523180371626
14,0.004945727037215271
15,0.0051316871509780974
16,0.004988310892581828
17,0.0051390576333950515
18,0.005195118511184843
19,0.0049293175974653635
20,0.005133344967752885
21,0.005181877169491526
22,0.005130556555507279
23,0.005125249218620116
24,0.00496124174103521
25,0.005141849899502804
26,0.004988167732251948
27,0.005154044596677514
28,0.005148452302908052
29,0.004978217124497993
30,0.005135827396687301
31,0.005160358649149401
32,0.004968188882544863
33,0.005153599929209322
34,0.004964860778859504
35,0.005146751184295912
36,0.0049598602812056984
37,0.005205519222712238
38,0.005156115267496636
39,0.005213210477230718
40,0.004950058934434912
41,0.00500143693014103
42,0.005278026797207375
43,0.005174951418861512
44,0.005003554772873366
45,0.0051920199779061866
46,0.004977775455302322
47,0.005005292759020192
48,0.0051885914613567325
49,0.005203506952511104
50,0.005202385900694798
51,0.004914823069575311
52,0.0048895603168221296
53,0.005218838733836207
54,0.004890558441494106
55,0.0052055010960067975
56,0.004768459571140262
57,0.004737673096052223
58,0.0052254758009832175
59,0.005224414303926567
60,0.004742722146624286
61,0.005227425247316355
62,0.005309838227805126
63,0.0053016186857805766
64,0.0053392764071856285
65,0.00539415911815562
66,0.005360101342812006
67,0.004705753492505022
68,0.0046316753720881685
69,0.00525064414712878
70,0.005387003672201972
71,0.004683816177117607
72,0.0047033801496445945
73,0.005238575366643929
74,0.005251368548387096
75,0.005385139377104378
76,0.004689946492722205
77,0.004661971621001073
78,0.005402622500000001
79,0.005267089416809607
80,0.005264535494355115
81,0.00526418285123967
82,0.00459031455218245
83,0.005280027599822045
84,0.004565733168242533
85,0.005262327034684065
86,0.004578294757457066
87,0.004542790376918659
88,0.005286575923119979
89,0.004504627460106383
90,0.005237355505675081
91,0.004514693828451882
92,0.005262944929770468
93,0.00542709327919567
94,0.004492940465976331
95,0.004479537080237741
96,0.005263475062724993
97,0.005292047527167887
98,0.005273266017650304
99,0.004483310150480059
100,0.004493897246140142
