1,0.004968065456545655
2,0.004971731944739639
3,0.00494492709049854
4,0.005206876312679385
5,0.004601671769831731
6,0.0052567528401360536
7,0.004486500435276305
8,0.005280771388888888
9,0.005423936230110158
10,0.005216443191721132
11,0.004412191434973477
12,0.004416947568293912
13,0.005095387383553698
14,0.004573521404226312
15,0.004825849730244367
16,0.004814380701654953
17,0.005495995748513781
18,0.005150731055001609
19,0.005578237281267268
20,0.00541985269838452
21,0.005709048588781708
22,0.005676698080903104
23,0.005664313872934006
24,0.005769978458308338
25,0.005771814859533771
26,0.005838809548944337
27,0.005798385733435466
28,0.005769490140086207
29,0.0057534958878433205
30,0.005807656158973094
31,0.005802518250367827
32,0.0059108369548210435
33,0.005883988505524326
34,0.00578678653190453
35,0.005833504184941519
36,0.005714932059474072
37,0.0066961676352008895
38,0.006626285931216198
39,0.006780660318471338
40,0.006662371560153041
41,0.006672572030463947
42,0.006624643493625277
43,0.006720609411109565
44,0.006639555005219932
45,0.006735580374489652
46,0.00666252051771564
47,0.006779310576312002
48,0.00668943543317311
49,0.006671614769629885
50,0.006450801827330508
51,0.006521222298020331
52,0.006902015597168304
53,0.006295134982332156
54,0.006995146836898355
55,0.0063859172055888225
56,0.006995646496209053
57,0.00698912473638596
58,0.006687231269557442
59,0.006732744801352494
60,0.006984081133674795
61,0.007093035714285715
62,0.007114205083247386
63,0.007091226352247604
64,0.006864116632383191
65,0.006559254345246923
66,0.0071904279025322496
67,0.006680505439621592
68,0.007219190651460959
69,0.006652172353760446
70,0.006679406845031274
71,0.006819030592178771
72,0.007701156001905366
73,0.00786169726060803
74,0.007861424873013272
75,0.007810406504997542
76,0.006980011418810873
77,0.007839784754710848
78,0.007512936950101042
79,0.007893597543117475
80,0.007810641358740678
81,0.007851720003298153
82,0.007873754640119959
83,0.007864561847258485
84,0.007848571385441127
85,0.007888688608221893
86,0.007456814586736359
87,0.007998093832453824
88,0.007618786521052277
89,0.008155891649797572
90,0.007841976007859243
91,0.008502335059088352
92,0.008297268870027434
93,0.00849277170787305
94,0.008462668506151143
95,0.008365489427388755
96,0.00848941756543123
97,0.008504314742685936
98,0.008538680734190783
99,0.007972882938076416
100,0.008527294384696755
