1,0.004302044041610877
2,0.005225401018329939
3,0.005334852900350672
4,0.004714294456035768
5,0.004756072746445868
6,0.004574823913631741
7,0.005262462717999342
8,0.004460560194811276
9,0.004470220206840442
10,0.005231934422068031
11,0.004425654587598426
12,0.005196038627517347
13,0.004406905879934212
14,0.005218670008643043
15,0.0044349165044247785
16,0.005260292937973987
17,0.0049341797503108156
18,0.004623006037423254
19,0.004715663554155659
20,0.004863329798187809
21,0.005446679866423108
22,0.004800977459179611
23,0.0055305113607485275
24,0.005418607675204554
25,0.005682469214924671
26,0.0057611924682842725
27,0.005803973139435415
28,0.005730658251216906
29,0.005860379140383425
30,0.005947754158163265
31,0.0059332575228439105
32,0.005864263821490468
33,0.0058507881482834185
34,0.005817574463768115
35,0.005876194867103236
36,0.005855658779599271
37,0.005856438883532588
38,0.005877354073084861
39,0.0058847862842166575
40,0.005850473656122648
41,0.005891432987470635
42,0.005901755007763975
43,0.005920771271875771
44,0.005904043486328126
45,0.005919281596280511
46,0.006048899242234469
47,0.00669189442728804
48,0.006594754526433254
49,0.006702607740200934
50,0.006748714069167402
51,0.00672932286051681
52,0.0067634751519243756
53,0.0066614517947588625
54,0.006770569315623593
55,0.006789461370295245
56,0.006715537086276139
57,0.006656446596166557
58,0.006848308233469616
59,0.006416002437710439
60,0.006856112047369621
61,0.006388492989731437
62,0.006885656380059457
63,0.006905719060081931
64,0.006292204574825536
65,0.006223516886597938
66,0.006955839281615792
67,0.006540515698865966
68,0.0070125468001741385
69,0.0070443366826156316
70,0.006678373704644924
71,0.007057602037227026
72,0.006636515624123422
73,0.007081337412229373
74,0.00677327343553129
75,0.00674560296670461
76,0.006753920135588482
77,0.007220728496634257
78,0.007267810952955368
79,0.007216605390156062
80,0.00674157070671378
81,0.006728020700323443
82,0.006700421945764606
83,0.007334675669751584
84,0.006976277437482177
85,0.006953003684210526
86,0.007018415026913876
87,0.006893194642578706
88,0.007346005692892145
89,0.007088057960313796
90,0.007439507606816499
91,0.007116132447665057
92,0.0076882856781136264
93,0.00789993896855141
94,0.007133741790306953
95,0.007865923013029314
96,0.007508710098643651
97,0.007974903221035333
98,0.007831680509355508
99,0.007867092497556209
100,0.007827870939825298
