1,0.004163550437233349
2,0.004604281936070437
3,0.0041763123561366355
4,0.004642198169249469
5,0.0042149192641119096
6,0.004750995167139702
7,0.004593373866492409
8,0.004842797970386784
9,0.004951369327731093
10,0.00500115879492252
11,0.005072845675453048
12,0.005137778170534269
13,0.0050987384984833165
14,0.004882495125482626
15,0.004957781541161455
16,0.005111643211422846
17,0.005114775363165804
18,0.005139386184852096
19,0.004959983855268726
20,0.005110453569046031
21,0.005111704613506053
22,0.004888838081632653
23,0.0051216780219195575
24,0.005115086757116698
25,0.004975066682761951
26,0.004962428512446005
27,0.005126579162144562
28,0.005131857692953021
29,0.004958470104
30,0.0051275819145384744
31,0.004940869119516847
32,0.005133019183604905
33,0.004930758897954969
34,0.0049227056828836345
35,0.005129848758452872
36,0.004951259095722151
37,0.005150055777851569
38,0.004956511852763252
39,0.005140730766655508
40,0.0049642192587656345
41,0.004960957957464297
42,0.004951952572364251
43,0.004913979356119997
44,0.005204821911362081
45,0.00499419097833083
46,0.005196239657220431
47,0.005213506777437691
48,0.005184054767953928
49,0.005005560113096214
50,0.0050724977282200915
51,0.005270292181450934
52,0.0052662026383859285
53,0.005317339903403863
54,0.00519408575607064
55,0.00518771250299284
56,0.005194983529085873
57,0.0052085776255707756
58,0.004807020598194131
59,0.005218239963744232
60,0.005330233490728023
61,0.005328998199728261
62,0.005234146304610603
63,0.00523733282442748
64,0.004700780361314437
65,0.005354187552957126
66,0.005248120739934712
67,0.005245966026775835
68,0.004675620861280487
69,0.004648775724586913
70,0.005254196088611978
71,0.004592527781107161
72,0.005260263574813812
73,0.005259690090629273
74,0.00456532713377724
75,0.005261093441502988
76,0.0045820665002825394
77,0.004599315931123354
78,0.0045633337539196656
79,0.004521400629590767
80,0.00526018227222832
81,0.005268896625500088
82,0.004489335238507163
83,0.004509794394025336
84,0.005355778562945368
85,0.0044919724635547045
86,0.0044835028285077965
87,0.00542552375856124
88,0.004495171737520366
89,0.0044696613448996225
90,0.004470572417859907
91,0.004435976730816187
92,0.00444201240467419
93,0.004435251396704308
94,0.005230278607467205
95,0.005353323026542571
96,0.005310335684034907
97,0.005382943183574345
98,0.005342786236128236
99,0.005239305548288642
100,0.004433534844921357
