1,0.004255440042660462
2,0.004980127795918368
3,0.005215709840835188
4,0.004925839481340288
5,0.005221089431114971
6,0.005208249673202615
7,0.00478644518402109
8,0.005263729533392303
9,0.00462751064217398
10,0.005278047194019859
11,0.005263202715924427
12,0.004444584729041223
13,0.005230023785441883
14,0.004428094998531139
15,0.005242741333899745
16,0.005272464720593308
17,0.00441038161385409
18,0.005262807484835356
19,0.004528819403986201
20,0.004701552158128276
21,0.004784910539540611
22,0.004805540875802568
23,0.004867451303814297
24,0.005525563387170155
25,0.004819754213888317
26,0.005178855236867547
27,0.005173768830281497
28,0.0053350412808813715
29,0.005487154337652987
30,0.005747193811675187
31,0.0058244340022227704
32,0.0058184402734810054
33,0.005862560140117995
34,0.00584566780426841
35,0.005813225663608563
36,0.005904662918379331
37,0.005883959810620851
38,0.0058467180936496175
39,0.005829684918761585
40,0.005884797834568865
41,0.005829775651230101
42,0.005858789672171556
43,0.00586484609104879
44,0.005855760463768115
45,0.005780633705896568
46,0.005866949337667116
47,0.005874994799361858
48,0.005893155597198329
49,0.005873183964131107
50,0.005893828535451375
51,0.005892364974864656
52,0.005896134737484737
53,0.005905163302662489
54,0.005906185115324472
55,0.005658307108975918
56,0.006637902028218695
57,0.006687551759674705
58,0.006663086016206746
59,0.006660042007177629
60,0.006713087017887087
61,0.0066318546018276775
62,0.006699081806651636
63,0.006750506987599275
64,0.006758927416908012
65,0.006785565284357291
66,0.006841835556780596
67,0.006852589067137809
68,0.006621877974005009
69,0.006818616819464032
70,0.0067807414922017705
71,0.006581402579535683
72,0.006860732233106188
73,0.006911515842433698
74,0.006349200187734669
75,0.006909507365197783
76,0.0062862920554606384
77,0.006342983474240424
78,0.0063274919097449315
79,0.006904537737062039
80,0.0063925029764949765
81,0.007000319978245105
82,0.00685128392504931
83,0.007059190873205919
84,0.007043918852219626
85,0.007058715115203573
86,0.007021511007352941
87,0.007086161539023678
88,0.006880486581398789
89,0.0070984928508254705
90,0.006795187517640418
91,0.006809057275475768
92,0.006726067500702838
93,0.007211094975508388
94,0.007246287304452468
95,0.007264829318899399
96,0.006666075796855078
97,0.007283761265975096
98,0.006685457926144342
99,0.007264781695553881
100,0.007254271246437678
