1,0.00015679211992725785
2,0.0001646034294040786
3,0.00015452569297712986
4,0.00015855754649250788
5,0.00015859461847163864
6,0.0001666542765710187
7,0.0034427577892325307
8,0.00016417333661184586
9,0.0001559247262418165
10,0.0028580527569897892
11,0.0001583156985686714
12,0.0001582535420326471
13,0.004137311945844367
14,0.0001612420661087726
15,0.0028794172822903586
16,0.00016384362356153959
17,0.0001544978350831287
18,0.0028518430052734494
19,0.0037306264022837735
20,0.002859996157515054
21,0.0001584829287258158
22,0.0001526173936171902
23,0.00015844777772273957
24,0.00015504736723956066
25,0.00015916690659487827
26,0.0028665383950469583
27,0.002873913811760509
28,0.002875124098211579
29,0.0028552830608240677
30,0.00015922670561125085
31,0.0002571720366548914
32,0.002848840395280236
33,0.0037356123401782256
34,0.002845370675932525
35,0.00016029200666014236
36,0.00016267940706523926
37,0.002879791578408954
38,0.0036890201938412463
39,0.00016115361797335408
40,0.0029059342943899944
41,0.00016074520170800046
42,0.00016071908222058565
43,0.00015851691839175713
44,0.00015556156962195474
45,0.002870787535595634
46,0.00015794252595589228
47,0.00015512826530892043
48,0.0001616042055407298
49,0.002852199819332731
50,0.00015598527924887758
51,0.0028394026472730763
52,0.0028764261722516874
53,0.002855895308093838
54,0.00016097182079232423
55,0.00015620042971078706
56,0.00016058962793000556
57,0.0001656007565935378
58,0.00015874171057852162
59,0.00015333567729743853
60,0.00016146876553521988
61,0.002834206017940949
62,0.0028501946630376906
63,0.0029498362601725506
64,0.0001619226802585947
65,0.003501260872877667
66,0.00015494866997265574
67,0.0028497834922167242
68,0.0001632015059965366
69,0.002826877070944951
70,0.00016408436826276482
71,0.00015447033657667357
72,0.0001626544198164092
73,0.00285105933899513
74,0.0034738976855832613
75,0.00015565851041006386
76,0.00015880475046699616
77,0.0001546351660594809
78,0.0028394551034400524
79,0.0028679346888809266
80,0.0030071602382363695
81,0.00016094644600961563
82,0.0001566047355377035
83,0.0028526594445101743
84,0.002855247455026773
85,0.00369538990846682
86,0.00015233944980670426
87,0.00015674738011562132
88,0.0001601617272201621
89,0.00015812043801231187
90,0.003890357444602826
91,0.00016851669585400044
92,0.002838778968820659
93,0.0028469284711435056
94,0.00016446578048132348
95,0.0001556373627179165
96,0.00016035440929569028
97,0.002840202745156483
98,0.0028459558348134994
99,0.000162398182562896
100,0.00016196024899137396
