1,0.00016391398885421226
2,0.00015384028172805864
3,0.00016354277954078777
4,0.00015522570161287106
5,0.002859211259259259
6,0.00015026270714926711
7,0.00015618164345782156
8,0.005615905342538816
9,0.0028749397819183994
10,0.0029011752220248666
11,0.0028509942268777526
12,0.00015645371037028072
13,0.00015454559627714367
14,0.0029508627547888016
15,0.0032172919099554436
16,0.0028837748551424434
17,0.0035169219067543336
18,0.003487403260869565
19,0.003139768646700158
20,0.00415717060967244
21,0.015733052848457454
22,0.00016030381023672988
23,0.00016120440328156612
24,0.003718593194787168
25,0.003701475264651734
26,0.0001559070041482723
27,0.0028808606308626085
28,0.0001544065426324716
29,0.0028421427565093337
30,0.003476568884104772
31,0.0028628782737918326
32,0.002864695069419722
33,0.002842165699750089
34,0.002856787739750659
35,0.0028604153987360817
36,0.0028695261226561563
37,0.02933105648479427
38,0.0028731441314131414
39,0.002866397259944718
40,0.002987443623305559
41,0.0001655838039182137
42,0.002881796400550997
43,0.02369922605140187
44,0.002864237895209581
45,0.003411843943126627
46,0.0030589765590446714
47,0.002862941546095899
48,0.00016272492278463006
49,0.003978855859407079
50,0.00015641862783810466
51,0.0028765522712271225
52,0.00015892969619616076
53,0.0001565869335165203
54,0.003606285007987875
55,0.0028590450581047083
56,0.002911568861607143
57,0.002870709557580879
58,0.0028900252978150257
59,0.000151761643694143
60,0.0028638672876304025
61,0.00468042390965732
62,0.002850681052756937
63,0.00016335089969729625
64,0.002873098296442925
65,0.00016040136043576902
66,0.00015990202683761496
67,0.00020316716966104653
68,0.00019706733598745757
69,0.023640291336441334
70,0.0028545876406175204
71,0.002973923851000742
72,0.002874217886299982
73,0.002855724127470415
74,0.0001531601067481673
75,0.00015979940446021287
76,0.0001601434727738342
77,0.002851167369938795
78,0.002893269133401161
79,0.003489107831586556
80,0.0034385000743152386
81,0.002848771522309711
82,0.00015433111337937195
83,0.006820048873896502
84,0.002893842694451175
85,0.00015674772744158702
86,0.003848960380430466
87,0.0028749879721907258
88,0.0028694147080159603
89,0.00285041294581924
90,0.00016579070707559732
91,0.003799453184138202
92,0.00015564657966378727
93,0.0028883894301526486
94,0.0028691963221325104
95,0.0028717176875224307
96,0.017736519673066574
97,0.002868394862461961
98,0.0028401581597845603
99,0.002873661291671645
100,0.023600353247261344
