1,0.00016130968041064154
2,0.00015415514896404095
3,0.00016191231830898494
4,0.0001638533219872302
5,0.00016609621733602623
6,0.0001603408321659828
7,0.00016039128770763673
8,0.00015665417014409596
9,0.0001521830769970047
10,0.0001545918690772247
11,0.00015775551978761015
12,0.002886572668293554
13,0.00015192824659874133
14,0.0028795819682520523
15,0.00015186129213270023
16,0.000163960185970345
17,0.00016795957012284674
18,0.00015652955587055944
19,0.00015291796330822458
20,0.0001545647147046889
21,0.0029437309337570277
22,0.0028549523615731937
23,0.0028974031747467438
24,0.0028850929015296362
25,0.0001543430580493676
26,0.0028649763951824466
27,0.00015837513948756672
28,0.0028476397996680895
29,0.0028462131126064435
30,0.00015503639980824543
31,0.0028318636536518687
32,0.00015409298370442075
33,0.002836383541221193
34,0.0028459717622017025
35,0.00015913096159306177
36,0.00016552486147076897
37,0.0028661484152342
38,0.002846207170508011
39,0.0028393167885148282
40,0.0028919653342189475
41,0.0030401511424815327
42,0.002850499033083422
43,0.00015770525384399791
44,0.00015517885429984133
45,0.0028476242705256943
46,0.002848779135817094
47,0.00015004372713188
48,0.0028960411704435874
49,0.002864676806310883
50,0.002828249140418016
51,0.0028346082909370567
52,0.00284376324652264
53,0.002871544114092337
54,0.0028570112879370527
55,0.003036439846047937
56,0.002862642405592734
57,0.0028391073005593175
58,0.002841681131740776
59,0.002887691989133716
60,0.0028412790131891632
61,0.0028497181098392746
62,0.0028900033542039356
63,0.00015559941147000797
64,0.0028635161723708402
65,0.0028344143626412425
66,0.002838940778761062
67,0.0028366732260145435
68,0.002846794382756368
69,0.002825730616102546
70,0.002877310677568689
71,0.0028378915874047376
72,0.0028451640474074077
73,0.002873919190671327
74,0.002850030975291043
75,0.00015988465590781767
76,0.0001577252641095944
77,0.002883914243925736
78,0.004316011135297938
79,0.00015987535306092156
80,0.002834281732311531
81,0.002843265210404143
82,0.00015817922453493553
83,0.003481638807961347
84,0.0028579685898956356
85,0.0028483342774189725
86,0.00015569678724902775
87,0.0028421927156301735
88,0.0028500675757396096
89,0.0028534866579463707
90,0.0001620243277326509
91,0.0028423061764178566
92,0.0028760813470427877
93,0.002851998114826872
94,0.002855369790616288
95,0.002844917087169676
96,0.0028478439099526064
97,0.003046069727913154
98,0.003156971149702945
99,0.0028576475784753367
100,0.002873237179026755
