1,0.0001510533202402742
2,0.00016220109112182138
3,0.00015734688517369177
4,0.00015405868577128982
5,0.00015935399097706534
6,0.00015431393087480866
7,0.0001578341204474575
8,0.00015441895724307772
9,0.00015576435349689335
10,0.00016077486566655483
11,0.0001529681664536741
12,0.0001603138457016802
13,0.00016320743572702552
14,0.00015564583203136323
15,0.0028535916641954807
16,0.0001505275393161384
17,0.002838480627504935
18,0.00015823592976964529
19,0.00016364328385661876
20,0.00015841967685743938
21,0.00015864608286816396
22,0.00014866449600103916
23,0.002835861834971701
24,0.00015366253046871235
25,0.00015979797791798106
26,0.00286033848090642
27,0.0028557538098608164
28,0.0028658541691879455
29,0.00016258985206970276
30,0.002856196908106177
31,0.0028478098071391886
32,0.0028589651190405506
33,0.0001583633460842287
34,0.0028449658688466536
35,0.00015593289052266175
36,0.0028518295775469896
37,0.0001582461007955809
38,0.00015676005918519416
39,0.00016498165545377939
40,0.0028852010665785357
41,0.00015787895450231505
42,0.00016132611309891494
43,0.00015606163095152528
44,0.00016781501282182426
45,0.0001598854147586715
46,0.00015929430576549345
47,0.0001563824895660858
48,0.00016264150818125138
49,0.00286397504456328
50,0.00016392815852654685
51,0.00016586883540303175
52,0.0001521711653651945
53,0.00016152006454004688
54,0.00015857543982515768
55,0.000154385377717729
56,0.0001523821276277042
57,0.0001648367764864781
58,0.0028532285256410257
59,0.002847053678909953
60,0.00015962442625303268
61,0.00015821538406270413
62,0.00016208424545213795
63,0.000151379291377776
64,0.0001529072363063808
65,0.00016622102087281306
66,0.00016107337657796856
67,0.00016328581176899596
68,0.00016275854018302688
69,0.00015635711546607215
70,0.0001541573108442672
71,0.0001644415296781011
72,0.00015971110020905423
73,0.00015927407246862257
74,0.00015853361654718582
75,0.00016457075767507918
76,0.0028723973753595404
77,0.0028550799762399764
78,0.00016438063713196784
79,0.00015904233985205004
80,0.0028566046547268465
81,0.00015924895489076256
82,0.000158888079177351
83,0.00015938751826854091
84,0.002842126441936442
85,0.0028368844586213007
86,0.00015882945936571512
87,0.0028573972551973487
88,0.00016477049077253072
89,0.0028738210295794083
90,0.00015458298351711612
91,0.00016766532547097024
92,0.0001652698324441967
93,0.00016231444212958936
94,0.00015713834904765333
95,0.00015868237621849594
96,0.00015322125431036743
97,0.00016615680568808863
98,0.00015433678907763278
99,0.0001570752955443394
100,0.00016295613555105426
