1,0.00015551480913030008
2,0.00015416032215198158
3,0.0001597068781737728
4,0.0001469816525664939
5,0.0001539820060179395
6,0.0028444063063597534
7,0.0028591548455014527
8,0.00016481615918904343
9,0.00016573029382732185
10,0.0001572145739858686
11,0.0001599044244586327
12,0.0001587747430361471
13,0.00015896357170817378
14,0.00015631071605241636
15,0.0028509416297215827
16,0.00015660962511049843
17,0.00015436853635505192
18,0.00015277100138101632
19,0.00016313935172630734
20,0.00015444162380715527
21,0.00015753071395205009
22,0.0028852813339438343
23,0.0028505310463733647
24,0.0028491808861807856
25,0.0028569242182855787
26,0.0028687007925547884
27,0.0028377980997624703
28,0.0028504981612826317
29,0.002865467651771408
30,0.0001601139843578977
31,0.00015686499975607778
32,0.002842515626480341
33,0.0028538562353971966
34,0.0028575992240616136
35,0.002856946404916761
36,0.0028938448548494174
37,0.0028452879860536577
38,0.00015011186019938725
39,0.0028658611436074965
40,0.003504779056261343
41,0.00015334630222168556
42,0.0028610136096081807
43,0.00015516246507928298
44,0.002861460629241576
45,0.0029069754378980893
46,0.0028809741175055623
47,0.00015975688240155148
48,0.0028725862168259815
49,0.00313926305249514
50,0.00288311874430472
51,0.0031819478686371102
52,0.0028887183480951224
53,0.002863895146156622
54,0.0028682626303487948
55,0.0028896755693768404
56,0.0028799844912703186
57,0.0029724492311004485
58,0.002874442730957711
59,0.00015881902436446277
60,0.0035262819540648922
61,0.002882264937003642
62,0.0028781826200133176
63,0.002887372989752863
64,0.002867407848749623
65,0.002884051419087642
66,0.00287529938212644
67,0.0029071974527501818
68,0.00288693062891944
69,0.0028721371135884298
70,0.002900030920973377
71,0.0029660875415896486
72,0.00314198870336551
73,0.0028689260741541975
74,0.002888523597749138
75,0.002880105199121609
76,0.0029059489696080226
77,0.0032506027984449365
78,0.0029128555072639962
79,0.0029150205196374628
80,0.002876492147570486
81,0.002889159157972714
82,0.0029000745929915876
83,0.00288337574359597
84,0.0029079649921459633
85,0.002865500891677675
86,0.00015043933284560187
87,0.005164729245620654
88,0.002865356877110468
89,0.0028774519127658287
90,0.0028994694686490774
91,0.0028920305794121206
92,0.002870723946107784
93,0.0029270727820372403
94,0.0028813611537057324
95,0.0028819840581901764
96,0.0001636737913054791
97,0.0034989316819859593
98,0.0028901953486976354
99,0.002879331402882054
100,0.00288442721250983
