1,0.00016084725488682176
2,0.00015911549733866714
3,0.00015604462157679046
4,0.0001497866304304839
5,0.0028992274942486987
6,0.0001589116646264805
7,0.0028533865778930002
8,0.0028821800132203595
9,0.0001635841720162176
10,0.00015827284535436888
11,0.0001573595168876715
12,0.00015348927115190443
13,0.00016177515444313272
14,0.000155969259673678
15,0.002866363718487395
16,0.0028525077871064466
17,0.00015311807889671855
18,0.0028754235522534095
19,0.00015574608261163537
20,0.002880324750287548
21,0.0029089511973700083
22,0.00016204168367035666
23,0.00015542593455432027
24,0.002842891105129267
25,0.0028719778440228845
26,0.00016266475024313216
27,0.0001545694176172309
28,0.0001522515403653581
29,0.002881805134483033
30,0.00015809555922832494
31,0.00016344527332525183
32,0.00286436750371471
33,0.0001591257519712353
34,0.00016630994216117984
35,0.00015485812108599975
36,0.00015863256204345694
37,0.00015583619749977813
38,0.00015092827560098427
39,0.00015275556584460145
40,0.0028694912009334613
41,0.0028431592889891994
42,0.0001557412604585352
43,0.0028819885049833883
44,0.0001505373113642883
45,0.0028796764515936135
46,0.00015042184582909245
47,0.00015694920307014233
48,0.000157861137504178
49,0.00015818083259384368
50,0.0028610619978349772
51,0.00016419023016725487
52,0.0028427528695342203
53,0.002849111301796194
54,0.00015544719116944994
55,0.00015773917102574446
56,0.0001643308472662924
57,0.0028641732358931347
58,0.0001637092877490931
59,0.00015214175843005236
60,0.00015125582477997434
61,0.0028563821951508683
62,0.0001579397591935847
63,0.0028799515557294173
64,0.00015678292800877617
65,0.0001533730269584984
66,0.00016328409870034066
67,0.00016104949191086132
68,0.00015761247857983048
69,0.00015007796425866934
70,0.00015701864168641197
71,0.0001504042947863583
72,0.0028650396155217492
73,0.0001620569744167303
74,0.002875161239410903
75,0.00015432161916288114
76,0.0001569994429385056
77,0.0001603566920950032
78,0.0001540475741094491
79,0.0028377669226679267
80,0.00016181069070471526
81,0.00285965319864318
82,0.00015650112978069156
83,0.00015785860506113607
84,0.00016887218404866848
85,0.0001592372941027916
86,0.0001597257669311652
87,0.002893545448779898
88,0.0028886661250227368
89,0.00015531857772009905
90,0.00015910030393051811
91,0.002920834096422073
92,0.00015157983701935275
93,0.00015151263121603495
94,0.002876419414050822
95,0.000164749710144223
96,0.002893037239646403
97,0.00016176052463660632
98,0.0001606650865046102
99,0.00016204259334320418
100,0.00016402954749310963
