1,0.0001577342885863061
2,0.00015855811902951223
3,0.00015688326108413152
4,0.000151827280625954
5,0.00015653237846312976
6,0.0028906853520623776
7,0.00015529351669279676
8,0.00015477787712481786
9,0.002879430509779742
10,0.0001582526424337432
11,0.0001577535257330022
12,0.00014895698499767726
13,0.0001608059935795444
14,0.0001563889880290079
15,0.0001539304301506368
16,0.00015728625321914893
17,0.0028798379235760634
18,0.00015005565466830566
19,0.00015816277060588942
20,0.00015426195832996851
21,0.00015968452211488054
22,0.0028767315435030967
23,0.00016008078524359183
24,0.0028807437176050048
25,0.00015303425823882824
26,0.00015944557611662468
27,0.002907305499610381
28,0.00016067410535602837
29,0.002896471590016317
30,0.0028941070980649784
31,0.00015757754333696242
32,0.000154601972256677
33,0.002864693098314774
34,0.0001723183498690814
35,0.002896196611749143
36,0.0028947951607100025
37,0.0001537581959818947
38,0.002891385289350462
39,0.0028924149991061314
40,0.00016218042077129397
41,0.003512376372418388
42,0.0028994148478077067
43,0.00289212219858581
44,0.0032214870305338973
45,0.002988634869292856
46,0.0028969260052894154
47,0.005218888404003444
48,0.0029071847465244483
49,0.0028860739872131934
50,0.0028923018557570645
51,0.0028720636831957584
52,0.004367580129228983
53,0.0028952587162610955
54,0.0044989806252894865
55,0.0031988204980842915
56,0.00291089929657567
57,0.002875503962050242
58,0.0028753035077181814
59,0.0028975903584078765
60,0.0029002673186043705
61,0.003220729368883563
62,0.002885437815025441
63,0.0028840830174479736
64,0.0028840199322501345
65,0.002894228663558193
66,0.0028601174208144797
67,0.0030789345003809044
68,0.0028559769152985966
69,0.0028969187891286965
70,0.002867523846975073
71,0.002884929933321319
72,0.0028888130254110613
73,0.00290287881860857
74,0.003183872930920193
75,0.0032198959282953485
76,0.002876115294081929
77,0.003147140765428887
78,0.0035235625852835448
79,0.0028811260443435127
80,0.0028982115074065082
81,0.0035217775262850466
82,0.0031726971101489207
83,0.002882053229571985
84,0.003198237354574299
85,0.002905256220586461
86,0.0028894889224214634
87,0.014657447047340169
88,0.0028917100042237373
89,0.0029132166253701573
90,0.0028920456096096095
91,0.0028786604645565047
92,0.004300975406232355
93,0.0028841202267519
94,0.002884563360202118
95,0.0028963561806271605
96,0.0030872232319052776
97,0.0189141196247437
98,0.0028682600759328465
99,0.0028905190213791023
100,0.002876516292943222
