1,0.0001504323688939923
2,0.00016163974473456285
3,0.0028715846321379556
4,0.002903773828408815
5,0.00015568449419456064
6,0.00016232762432335019
7,0.00015216294289477667
8,0.002857347781047675
9,0.00015887633239715292
10,0.0028557517385133934
11,0.0028919770381090203
12,0.0028698181650544134
13,0.00015775061834194705
14,0.0028853041011371885
15,0.0028684417585693
16,0.0028388177729309124
17,0.0028654667527302944
18,0.002855728047333768
19,0.002854084358201902
20,0.002870603323984007
21,0.0001589374974301498
22,0.002851859127031194
23,0.0028605507030137634
24,0.0028482677418401135
25,0.00015392124071468357
26,0.0001602556737636301
27,0.002854501446465851
28,0.002848314720678561
29,0.002875293282864696
30,0.0028796701215860086
31,0.00016077317222376952
32,0.0028711841401885996
33,0.000158376974379084
34,0.0028589360210237117
35,0.002881538726076555
36,0.002856498113881121
37,0.0028622193919894154
38,0.0028719893848439828
39,0.00018147875242972367
40,0.002850026077840775
41,0.00015991913911649565
42,0.002881961879613515
43,0.0028437752288637584
44,0.0028636787343524314
45,0.0028689876698107615
46,0.0028562102942057644
47,0.00015695663962920047
48,0.0028756917804100774
49,0.002858960202803459
50,0.0028746616352390104
51,0.00016557401070534404
52,0.002914862648998608
53,0.0028726497374545025
54,0.00016267567466165517
55,0.00284534263505867
56,0.0028923839765201682
57,0.002881180349383965
58,0.0028451355602298984
59,0.0028597435463546352
60,0.0028468651028048485
61,0.0028474769944896983
62,0.0028633529281701926
63,0.0028809332743203503
64,0.0028637836888595124
65,0.00015767147938324194
66,0.0028720373397435896
67,0.0001597374428366948
68,0.0001559082755259157
69,0.00015296778501659982
70,0.002856317882736156
71,0.00015839846395548644
72,0.002857881758235259
73,0.00287340618289299
74,0.0001574350846258195
75,0.0028602854755861735
76,0.0028689130773186587
77,0.00015281997568473304
78,0.002877432171653826
79,0.0028687940067259193
80,0.0028652954306220093
81,0.0028737388932166827
82,0.0028818169403211154
83,0.0028624339483394835
84,0.002850055592281579
85,0.0001592578220551131
86,0.002855294288099213
87,0.002863338172615877
88,0.00285883183101977
89,0.002864392010953685
90,0.0028550006936175283
91,0.0028781801097972973
92,0.0028662040027667506
93,0.0028693434489808186
94,0.002882748686770428
95,0.0028588136660475704
96,0.002853713874298804
97,0.0001633179574008471
98,0.002875475432251197
99,0.002848994422741751
100,0.00015955121940336984
