1,0.00015709263751218826
2,0.002845248483496878
3,0.0001570970294444823
4,0.0001535027378855046
5,0.00016197318290425708
6,0.002847153781313072
7,0.0028571591452533902
8,0.0001656770854018447
9,0.0028544232341896647
10,0.002848658610666192
11,0.002857371026440434
12,0.0028730633721983923
13,0.0028472548622654956
14,0.0028945526868662335
15,0.0028564150077760495
16,0.0028598632051817807
17,0.002873119163127355
18,0.0028568050531125747
19,0.002883890511739916
20,0.00015116850685014874
21,0.0028581305329934193
22,0.002857704655906882
23,0.0028553423969992857
24,0.0001569440312188464
25,0.00015613179738058552
26,0.002863660232186222
27,0.002892665501374448
28,0.0028489111499289434
29,0.0028739064935456625
30,0.0028468168888493893
31,0.00015978172519332573
32,0.00016229122615517207
33,0.00016742749966882568
34,0.00015406407441896685
35,0.0001550154223374518
36,0.0028427845900374045
37,0.0028579210755640444
38,0.0028618626624725505
39,0.0029153908305023053
40,0.0028722905152579314
41,0.00015993650982394308
42,0.00015003833557865524
43,0.0028523473770394187
44,0.0001562581100868903
45,0.00015449254694049422
46,0.002852767164223396
47,0.0029091758511024953
48,0.002849557920150748
49,0.00016097149724315858
50,0.00015778640659046725
51,0.0028682351518054977
52,0.0028566268759708446
53,0.0028668030981375357
54,0.002864469364522649
55,0.0028681740828824537
56,0.00015836903368785025
57,0.002864627579542076
58,0.00015917100341758468
59,0.00015811901195439184
60,0.0001560943945254001
61,0.0028546802369668243
62,0.0029193450620698135
63,0.00015175745948753572
64,0.00015968313472624878
65,0.00015369218719423587
66,0.00015421400937658882
67,0.0028585543126042412
68,0.0028367220534810315
69,0.0028526036145999174
70,0.00015427079475442105
71,0.00285807578736681
72,0.002885899581627739
73,0.0028627710760059616
74,0.0028640551860836636
75,0.00015361028069037694
76,0.00016256772541228034
77,0.0028649686539260494
78,0.002847277452897262
79,0.002854356635253675
80,0.00015079697691231794
81,0.00015538378588439753
82,0.002894212670348802
83,0.00015921237670065206
84,0.0001593020539265609
85,0.002867796785820673
86,0.0028598551074791255
87,0.0028845102661368013
88,0.0028454073835946217
89,0.00016004014095792629
90,0.0028614409657228015
91,0.002859192851158059
92,0.0028634179548156953
93,0.00015269113085067867
94,0.0001562660599487281
95,0.00015001244064617446
96,0.00015870830995710363
97,0.0028719233545329097
98,0.00015283867393384607
99,0.00016624971569719236
100,0.0028490402371237652
