1,0.0001533291355782054
2,0.0001604342504702478
3,0.0001599510818700754
4,0.00015322316169021934
5,0.00015701714824615547
6,0.00015892530509596293
7,0.0001632873122934634
8,0.00015729168164017505
9,0.00015310087830487632
10,0.002870166543165251
11,0.00015039327758592746
12,0.00015997590138731285
13,0.0028814541300793317
14,0.0028685429162916293
15,0.0028609310747098647
16,0.00015655352875953822
17,0.0001532617394268514
18,0.002879743754105213
19,0.00015685909966960354
20,0.00015409526517038062
21,0.00014677407060576151
22,0.00287504156641001
23,0.0001563995284781641
24,0.00015661497072607213
25,0.002978387823642094
26,0.002856668223801066
27,0.0001611164909288776
28,0.002853226739991721
29,0.0028627295995182177
30,0.0028697071402834493
31,0.0030302200824021477
32,0.00016074457529390875
33,0.0028646745592089593
34,0.00015105800946472024
35,0.0028917092915811088
36,0.0030149942664635244
37,0.00015620787649937658
38,0.0028590151149562922
39,0.003491729618502968
40,0.00016246069247611127
41,0.00015230318974788476
42,0.0028445173874407583
43,0.00016323432281057328
44,0.00016254420221661035
45,0.0028451665891334166
46,0.00015837154418558608
47,0.00015582441064929546
48,0.00015826568947639556
49,0.0028992696118050453
50,0.00015817740032236455
51,0.002850551329534663
52,0.000155004861397153
53,0.00015357938578229648
54,0.0029149023619893
55,0.002882875321693953
56,0.0001570842350165695
57,0.002887336782915595
58,0.002899571128078223
59,0.002889017858430477
60,0.002894864401586157
61,0.0029110009539292073
62,0.0001565566418440061
63,0.0029074392623149718
64,0.00015663383013961755
65,0.00015192981220188062
66,0.0028786547515808484
67,0.00016270483464201238
68,0.0001512321353853478
69,0.0028781167889087656
70,0.002914883905213847
71,0.0029215390274466655
72,0.002895790743325242
73,0.002871635008440854
74,0.002891233614742193
75,0.0029065834533680323
76,0.0001573402888730269
77,0.0029024020283420515
78,0.0035173926415919517
79,0.0028911258695130723
80,0.00016309626755790484
81,0.00015891437683446214
82,0.0028893988288834953
83,0.0029017772378129914
84,0.000156642558695567
85,0.002897120694002522
86,0.0001576349033860359
87,0.00015693391206435373
88,0.00015774211575108425
89,0.00015333248044515103
90,0.0033984094617529395
91,0.00023421879260891512
92,0.00018297318512089633
93,0.0028977483420381395
94,0.002927587011410537
95,0.0001604166849746312
96,0.0029656671643169367
97,0.002894184960960961
98,0.002889616434708943
99,0.0028615379951980793
100,0.002890398496987952
