1,0.00015691151789933833
2,0.00015466097899633722
3,0.00015746965151409856
4,0.00015663406920947903
5,0.00015056861173300479
6,0.00015022869197518082
7,0.00015677164830823877
8,0.0001561796318699038
9,0.00016053000742771337
10,0.00015790663795320808
11,0.00015845643335548346
12,0.00016534828168675937
13,0.0001628993315517101
14,0.0001600339890737168
15,0.00015762036927278444
16,0.00015835554780745142
17,0.00015822790276268474
18,0.020620310392785904
19,0.0028589364645804877
20,0.003310628862624186
21,0.00015788786503213205
22,0.004328853740666284
23,0.004509630473882171
24,0.00016249244084978994
25,0.0001499610569360429
26,0.000164668338294362
27,0.00015773968941003218
28,0.0001589590058323799
29,0.0001591205400077189
30,0.00016320629533783857
31,0.0001553195841542586
32,0.0028372308526353114
33,0.00016128218464929767
34,0.00016519692065601764
35,0.00454530552014859
36,0.0028380120948663353
37,0.00015302443276991016
38,0.00016328178636619643
39,0.0028502734772781345
40,0.0036858962049929594
41,0.00016020697711966814
42,0.002849365979411939
43,0.002908694897528632
44,0.00025886227992371594
45,0.003101076727889415
46,0.0028605037563843687
47,0.00016617907879234677
48,0.002865664571650161
49,0.00016493584185348978
50,0.00016049559370209188
51,0.00015601697028663812
52,0.02022577117867555
53,0.0001555806616585549
54,0.00016517928053637627
55,0.00015779385818315172
56,0.0001586295457313761
57,0.00016275889986553237
58,0.0034901382093225244
59,0.0001576229730967972
60,0.002875993810352066
61,0.0028473706044444443
62,0.002853579935323088
63,0.002852001623030446
64,0.00015591288857732982
65,0.00016043723861858735
66,0.00016678528865147116
67,0.0028364965469038126
68,0.002883108774643616
69,0.01795931879458561
70,0.00016549127316219046
71,0.00015622359292310884
72,0.00015725827816397232
73,0.0028444822005801902
74,0.00015550580119603796
75,0.00015624908265375747
76,0.00871704714097662
77,0.002839909436928919
78,0.0001583921845769768
79,0.0028565163400848343
80,0.0028602976425990637
81,0.003114018960746461
82,0.00015957598299848688
83,0.00699720742317126
84,0.0028862084352225506
85,0.00015298564912970196
86,0.0001616389172621691
87,0.0028591335764467725
88,0.00015750866354021675
89,0.0030944175828132923
90,0.0036837514546145087
91,0.01649952052327557
92,0.018440275519526587
93,0.007357767783348525
94,0.0028507434512485136
95,0.004906217522750253
96,0.0001666143943778134
97,0.00016041972224286761
98,0.0039222886172243995
99,0.00015283148616360945
100,0.00015738923451455943
