1,0.00015782132697546793
2,0.0001521845701001816
3,0.0001531695692572961
4,0.00015918530296747226
5,0.00015822577263957654
6,0.00015537232582671064
7,0.002872842279631623
8,0.00015819647473290947
9,0.0001584498751217315
10,0.00015597079471526803
11,0.0001589149206615557
12,0.0001586209811139649
13,0.0001641117789046723
14,0.00016299454877820668
15,0.002890435157475565
16,0.002891022928411226
17,0.00015309580749053482
18,0.0001583207329393761
19,0.00290250003633941
20,0.00016151258264796
21,0.0001581677920694877
22,0.0029277732397408208
23,0.0028939183645789383
24,0.0028856936453623364
25,0.0028800905204014182
26,0.00015899947928970786
27,0.004633985870979019
28,0.002877749509246514
29,0.0028828587851833795
30,0.0029187799721870898
31,0.0028959989404335413
32,0.0029962472859801485
33,0.00015754736202770327
34,0.0028918431976674287
35,0.0001593093535789672
36,0.0029060776542983104
37,0.002876903941808523
38,0.0030471280413472417
39,0.002874655187172222
40,0.002902862331183842
41,0.0001546216734862861
42,0.00016142088014604224
43,0.00015590046137630456
44,0.0001653247233107666
45,0.0029047890017587477
46,0.003407013300561797
47,0.002993873182833043
48,0.002887857437891944
49,0.0028635628479528647
50,0.0001594398019520216
51,0.002846585447365319
52,0.0028413381480609664
53,0.0028916968286630752
54,0.0028755629846466332
55,0.00286586796682493
56,0.00016207446831150056
57,0.00015843049589167024
58,0.0028745204333532576
59,0.002836970944231337
60,0.0030404630709944236
61,0.0028341631944032728
62,0.002862964585572674
63,0.002830337544557985
64,0.002840937463265546
65,0.0001599355263532767
66,0.0028595813269777356
67,0.0001525744150837354
68,0.002840565923793697
69,0.0028467683914949844
70,0.00016682928569683475
71,0.0028519793271227674
72,0.0001610944121701622
73,0.002861470081528208
74,0.0028687595050517203
75,0.0028372158905396673
76,0.0001515066777857401
77,0.0028589181168057216
78,0.0028638317268118102
79,0.002865951170528818
80,0.002847993441608206
81,0.002849453208104152
82,0.002851038073694863
83,0.0028540014289940826
84,0.00287814832298878
85,0.002848462802840754
86,0.002849169694557462
87,0.002871957297477565
88,0.005024257459364323
89,0.00015765841813378403
90,0.002885945016720411
91,0.00285053539369145
92,0.00016354489887495855
93,0.0028838612639493946
94,0.0028645066025489736
95,0.00015945040062755644
96,0.002841592465915127
97,0.0028719017981091426
98,0.002849163481884272
99,0.00015387481633681737
100,0.0028679549495492264
