1,0.0002459704228833585
2,0.0001626502228921803
3,0.0044811797788639205
4,0.00015623899485695916
5,0.00015392796009209517
6,0.00015610509172652576
7,0.00015678258567315676
8,0.0028684669712482885
9,0.0028868160384219136
10,0.0001610959061367016
11,0.002900752240214281
12,0.002851831236262105
13,0.00015672134841146184
14,0.00015679203842402
15,0.00015774754901799003
16,0.003023765367330379
17,0.0034049693418378075
18,0.00015420825683061867
19,0.00015953771273580553
20,0.021433474258760105
21,0.002867933023825163
22,0.009808257942128692
23,0.0001529530657755193
24,0.0028685695217573466
25,0.0028703491636978447
26,0.00015737578329436347
27,0.008844972166717091
28,0.00015677709408410783
29,0.0001569649546338351
30,0.002837797436578171
31,0.0028467559247350245
32,0.0035720883944411587
33,0.002855090365478024
34,0.00016839276332691636
35,0.006096499824076401
36,0.0034856662918918923
37,0.002863275873186459
38,0.002891149238193517
39,0.0028774815498154986
40,0.009659518952817043
41,0.0030658387582938387
42,0.003670674154353401
43,0.0028678853595585623
44,0.0038670963624828207
45,0.0001534175650784994
46,0.00019253527306514607
47,0.0037787486369970386
48,0.00015575288158498272
49,0.00017027711174553617
50,0.00014762981301246988
51,0.038248531578947365
52,0.0028692341257391092
53,0.00016029644330035396
54,0.00015858122975956007
55,0.00287512729915747
56,0.00017100947239668274
57,0.00015662433823889713
58,0.029420291365638767
59,0.0001542206294974809
60,0.024203386626746506
61,0.0001627898040052428
62,0.0029920755147468
63,0.002945840058157331
64,0.0028990969327990133
65,0.008628934400298192
66,0.0028485322393477746
67,0.0028865294633735957
68,0.0028941208956116227
69,0.002838353204938855
70,0.002839057097331427
71,0.01851181768409004
72,0.017542572794649314
73,0.00015673753750528816
74,0.0028999701930642135
75,0.003881131395255969
76,0.00016390728926860045
77,0.00016411982614544617
78,0.002845149920452536
79,0.0001701136871577635
80,0.0029000216311625077
81,0.00015633715408624476
82,0.0037088476775329047
83,0.0028501429885614
84,0.00016442408823669186
85,0.00015677436858721388
86,0.00303095555239899
87,0.002849737811094453
88,0.002846687423911116
89,0.00016387146052134917
90,0.00016430875309481722
91,0.00015669674562916974
92,0.00015458858675654604
93,0.00021883662965964347
94,0.0031438631516691492
95,0.0031612644619911133
96,0.002980136946107784
97,0.0034988164723348783
98,0.0001615601963736586
99,0.00016662741993756639
100,0.00016145261976517107
