1,0.00015824844987699267
2,0.0001541123186798227
3,0.00015720226967847313
4,0.00015370914885475142
5,0.0001559458221805417
6,0.00016343279652438996
7,0.002902869280986763
8,0.00015789857516642608
9,0.00015258912772074957
10,0.0001602591223021272
11,0.002901062278364692
12,0.0001591871627301974
13,0.000154494211168614
14,0.00015271215046510763
15,0.00015702622172676146
16,0.00015854676005829475
17,0.00015687308736773108
18,0.00015860813670672344
19,0.00015592171984881535
20,0.0001528649293227881
21,0.0001548459793393872
22,0.022424921173644478
23,0.00015503789248971195
24,0.00015692429304547384
25,0.00016070969817842036
26,0.00015685846905974347
27,0.018883224434673367
28,0.00015432819623468921
29,0.00015636978697845498
30,0.00015562660166593825
31,0.016523997189097105
32,0.004268186219673577
33,0.010255527690843732
34,0.022762593298245613
35,0.00014949164336055485
36,0.00015929465006491207
37,0.004429242248123125
38,0.002872872705371483
39,0.00015347342409691427
40,0.00015607012097087708
41,0.00015668962592473777
42,0.002912166876399056
43,0.002912083772009439
44,0.0028825943614457835
45,0.000157984386394286
46,0.003487535648514495
47,0.0001540936052775352
48,0.01850768505903871
49,0.00016389346358804254
50,0.0035134700515164715
51,0.004351862030488852
52,0.014731585603207234
53,0.003511233656147987
54,0.00015048672891300428
55,0.025930987307098762
56,0.00363477151171523
57,0.040673205614973264
58,0.002882394081293814
59,0.044652022858796304
60,0.026868855450236966
61,0.010974293167420816
62,0.027702094275420336
63,0.0029060171849476677
64,0.00015585586328051084
65,0.011018890590354038
66,0.014277893842130289
67,0.00015411345742386652
68,0.0030361991590837777
69,0.009067603458590392
70,0.004151793994699949
71,0.00015655137760311205
72,0.02562320986790987
73,0.017314355495420684
74,0.0029051639797649333
75,0.003999964777511764
76,0.0031055766643172935
77,0.0001547346326645224
78,0.0037018160551588277
79,0.00016032444749512276
80,0.018787637708091366
81,0.0028903238851594342
82,0.0028798985006869364
83,0.00015725904104214078
84,0.06276760076335877
85,0.020542358665338645
86,0.01993530543202033
87,0.015546998251523904
88,0.004195978496576778
89,0.018427467322870088
90,0.010727720060736657
91,0.0028749656095821198
92,0.002891911307197402
93,0.002866571006882639
94,0.0038455491260130314
95,0.02036424131989597
96,0.038608514367816094
97,0.016512476396048206
98,0.12215849438356163
99,0.004049748911678527
100,0.014693357636363638
