1,0.00015686757612849876
2,0.0001563305314578642
3,0.0001631339104915132
4,0.002864944099489493
5,0.00016789754600364233
6,0.0001595774358810855
7,0.002884710316840017
8,0.00015796230932798528
9,0.002856451655727924
10,0.002861594958731667
11,0.00016056112658918028
12,0.0028572188567476545
13,0.00015638822307876673
14,0.00015075313701836006
15,0.00015991547474050868
16,0.00015377881786904116
17,0.0028570730614572077
18,0.0001524689536722371
19,0.00015758087947120587
20,0.00015827008880977137
21,0.0028509636954559135
22,0.00016225412624373077
23,0.00015457125180489014
24,0.0028585978708708707
25,0.002857596262632303
26,0.002857012462114459
27,0.00015361386949948533
28,0.0028616979227864036
29,0.0001593509907851674
30,0.002862182147345742
31,0.002863235593725771
32,0.00016242631845944002
33,0.002851167938794951
34,0.0001533695019931772
35,0.0028612733005684513
36,0.002877633924471299
37,0.002881167368860775
38,0.00032820488099216514
39,0.002861736713780918
40,0.0054596213281680244
41,0.00015311787903692594
42,0.002894698806302243
43,0.0028710618265361284
44,0.0001556864326028356
45,0.002871528016237837
46,0.00015677847630869826
47,0.00015741668597646515
48,0.00015776933140215627
49,0.00293081879091966
50,0.0029324375252556176
51,0.00015413174105621745
52,0.00016225614415798573
53,0.00016022499069594343
54,0.00015648677367180187
55,0.00016088040404581508
56,0.0028412546980461813
57,0.0001547363656170114
58,0.00015788417174056918
59,0.0028589968355936237
60,0.002842385546642899
61,0.0028953247199220654
62,0.00015681457426617364
63,0.002895256035474302
64,0.0028976453232628396
65,0.002860066474231764
66,0.0029293211954528786
67,0.00015402930576943565
68,0.00015388059588486322
69,0.00015928448181310573
70,0.002893258841608976
71,0.00015985107946337525
72,0.00015783817548658882
73,0.00016428189292330364
74,0.0028681319673622904
75,0.00016857267129442028
76,0.0001578086624977655
77,0.00015931885651697774
78,0.0001602634369435614
79,0.00016035974903894732
80,0.0001609983685361944
81,0.00287284819105814
82,0.00015758848386302043
83,0.00015065676617265854
84,0.0028682114920806335
85,0.00015258091551538736
86,0.0028736799818840576
87,0.002880537398128584
88,0.000257752929662215
89,0.0001559347411755488
90,0.002909131775534442
91,0.002878157195627365
92,0.0028568854730939026
93,0.00015929689045375125
94,0.002852074694485842
95,0.0001934274590866952
96,0.002876984165055583
97,0.004539528909867116
98,0.0002882034295901137
99,0.0028737916552586157
100,0.002893359523809524
