1,0.00015331326684152837
2,0.00015715369475442965
3,0.00015702076970880682
4,0.00015836008215729146
5,0.00015846084118128234
6,0.0001641059416592547
7,0.00015391449032373997
8,0.00015936832282839242
9,0.00015320264529850486
10,0.00015507474086567667
11,0.00015338762269069298
12,0.0001620701575699378
13,0.000152839580341876
14,0.0001569154604440094
15,0.00015679830167353442
16,0.00016016372178660637
17,0.00015278173756719574
18,0.00015642486280682352
19,0.0028511030129762392
20,0.0028631250255546875
21,0.00015050721834944906
22,0.00015728828262674463
23,0.0029078625396051663
24,0.00015996048329756167
25,0.00016058685134868228
26,0.00016122743430726935
27,0.00015918289417686838
28,0.002867227247456825
29,0.0001564208521706109
30,0.002881028065751094
31,0.00016587657176052393
32,0.0001652623429861258
33,0.0001554151551247075
34,0.002845639350749821
35,0.0001556648851076674
36,0.00016300490956159454
37,0.002854218871572185
38,0.00015684143892259286
39,0.0001552746808819497
40,0.0028588639586541883
41,0.002856897398156408
42,0.00015901935897435894
43,0.00015654390357393592
44,0.002871636338716405
45,0.004608762304175904
46,0.00015412771090335078
47,0.00015621960227640592
48,0.00015692427976272226
49,0.00015782278887104773
50,0.0028412851912889936
51,0.0028498740357478835
52,0.00015956619546247816
53,0.002859968417270495
54,0.00015058155667105783
55,0.0028552603235154957
56,0.0028667880136168176
57,0.00015856842284216267
58,0.002845238778730499
59,0.0001560873278644344
60,0.0028558719817362425
61,0.0001580544740189103
62,0.00016352701700902966
63,0.0028573598122260393
64,0.003242718671754704
65,0.00015617928917777395
66,0.0001646951875991625
67,0.0028591333146167036
68,0.0028566245543672013
69,0.002851015622603669
70,0.00015879210192349112
71,0.0028461823482756597
72,0.0028458875988900696
73,0.00015708585396083892
74,0.00016214886541670488
75,0.002850029850041327
76,0.0028366696898219127
77,0.00016207024477222161
78,0.00015642032504502258
79,0.002855613734521744
80,0.00015061956516978714
81,0.00016433090455189752
82,0.0001509978039896446
83,0.00016047467304716024
84,0.004276128164247947
85,0.00015931425959750487
86,0.00015083601161131394
87,0.00015975824746075718
88,0.00016280007157326134
89,0.00015337441653233313
90,0.0001576124463260545
91,0.00015781622484844894
92,0.0029744079022365408
93,0.00015338604775288057
94,0.0028606552736111933
95,0.0001569270396579915
96,0.00016139164894726573
97,0.0028500687124412443
98,0.00015954507340635126
99,0.00015284304501318285
100,0.00015968567905332517
