1,0.00016322555630123695
2,0.00015766389006356465
3,0.0001613816704218996
4,0.00015341209147931182
5,0.0001653208683303604
6,0.00016560666906896012
7,0.00015762497369612593
8,0.000166217380525427
9,0.002860997373280124
10,0.0028598606126849137
11,0.0001650867951035924
12,0.00016358699946291102
13,0.002847201192854625
14,0.002873862437110685
15,0.0028731149012074645
16,0.00016227113855259617
17,0.0028941128232366155
18,0.0028627706286365544
19,0.0001596959016558458
20,0.0028492931279620855
21,0.0028522348749480194
22,0.00016261418228669783
23,0.00016423551860521426
24,0.002895535683056836
25,0.00015795824177088677
26,0.00016132896874284714
27,0.0028796034919393652
28,0.00015704210114412577
29,0.00016141142417957263
30,0.0028510665207030087
31,0.0028554835812804914
32,0.00015587106708532208
33,0.0028923414241133053
34,0.0028641797101449274
35,0.0001575359970117086
36,0.00021293197359105063
37,0.002870515092658589
38,0.00016117605618397185
39,0.0028413080963384293
40,0.002921446959631255
41,0.0028708515429151245
42,0.00015894658847907312
43,0.0028556683968696274
44,0.0001626499925276054
45,0.002901106524232
46,0.0002527639957687487
47,0.00015460235446392305
48,0.002852840977154356
49,0.00019307265950951465
50,0.00021511636300638665
51,0.00015711885216790805
52,0.00015517692973723206
53,0.0028668370435560855
54,0.0001611452485571658
55,0.00016290112788922625
56,0.002892553060915855
57,0.00016022079399879202
58,0.002892373959023803
59,0.0028509968991545895
60,0.00016130170309868375
61,0.0028800806637460244
62,0.00016586182399736427
63,0.00286287694479111
64,0.0028595325366115015
65,0.00016127894365889923
66,0.0066122848937064625
67,0.0001581576535533289
68,0.00015831774313269386
69,0.002838830561134081
70,0.0028821799763033167
71,0.0028519913896652193
72,0.00015962611714615417
73,0.00016388677463434386
74,0.0028593600702088414
75,0.002896087211595935
76,0.00015715507329772547
77,0.0028564552571497238
78,0.00015892265881848607
79,0.00015625218742049748
80,0.00016094802348446728
81,0.0001592780112785089
82,0.0028576546187376846
83,0.00016193551844173473
84,0.00015123054899943836
85,0.00016097135808065545
86,0.0028579076308704755
87,0.00016458910709908487
88,0.0002600165540032937
89,0.0028912499694954547
90,0.00015652078004485816
91,0.00016318475598243803
92,0.0001574533135784683
93,0.0028595675949517094
94,0.0028900125469057117
95,0.00015932043953125982
96,0.00015604755300356244
97,0.0001661150274939198
98,0.002845423893491124
99,0.0028439401418020684
100,0.0028721444987922706
