1,0.00015999141354731662
2,0.00015404977790482187
3,0.00015711458409422936
4,0.00015929142331191193
5,0.00014993861906542055
6,0.0001528069381848927
7,0.00016079258946606772
8,0.00016238066135023648
9,0.00015691930917476093
10,0.00015999716598106192
11,0.00015374949202488452
12,0.0001541300017483073
13,0.002852335088242309
14,0.00015263629050197663
15,0.0028540682597894243
16,0.0028682025957676395
17,0.0028782668238423403
18,0.002861686074904158
19,0.00015953443032891616
20,0.0001563281544523756
21,0.0001506763577077946
22,0.0032091455344118816
23,0.0001515892602976062
24,0.00015824456633407917
25,0.002950850205081114
26,0.002864644293785311
27,0.00015601132857138208
28,0.0028895814763482976
29,0.0028619507091775928
30,0.0030332140000000002
31,0.00016620725538143622
32,0.0029032716203844975
33,0.002840548658924782
34,0.00016188943795017119
35,0.0001636455425216968
36,0.002848730644201
37,0.00015880263784563914
38,0.0028629727823427102
39,0.0028563264989927718
40,0.0001628153450247161
41,0.0028532086673824864
42,0.003989169890118969
43,0.0028513261581517204
44,0.0028345871256953486
45,0.0028600745139678164
46,0.002880704615291556
47,0.00288056649881869
48,0.002862710689553122
49,0.0028626856589839796
50,0.0028583869315817628
51,0.002847924285544883
52,0.0028479336045590543
53,0.0028685434782608687
54,0.0028264880149923267
55,0.002867267805853481
56,0.002850373323234123
57,0.0028531766942297317
58,0.002824656246278433
59,0.0028592390223497067
60,0.0028310238978162343
61,0.0032002294746244957
62,0.0028630642572075294
63,0.002858892884454534
64,0.0028645827534493095
65,0.0028947043651506984
66,0.0028661499005424953
67,0.00284162620339994
68,0.002882239298256056
69,0.004361973901059046
70,0.002844890021351047
71,0.007470034548397041
72,0.01143282373201227
73,0.0029657911094085193
74,0.0028932030119738304
75,0.0034950105629211045
76,0.0028406096672555945
77,0.00015789335026206985
78,0.00290864347197092
79,0.002860133408816425
80,0.0028612165380047503
81,0.002847353732444235
82,0.0028678421730083236
83,0.0030125727283770447
84,0.016923726094850513
85,0.002831655457997152
86,0.00015110433950636787
87,0.002836976413801323
88,0.0028479964621518686
89,0.0034846302293710333
90,0.0028695101970942004
91,0.002871315921450151
92,0.004365960466298664
93,0.003673225911649536
94,0.003679156153341106
95,0.002847357843309859
96,0.003051537763580286
97,0.002837664298480786
98,0.0031045777084405556
99,0.003169979389988206
100,0.0028941141718787588
