1,0.005093537103616502
2,0.006017727686532146
3,0.006201762139133921
4,0.006300752749319155
5,0.006329957136224963
6,0.006621174512110728
7,0.006638214212539272
8,0.006638882613809325
9,0.006654913640167364
10,0.006650598257743363
11,0.006647327979811946
12,0.0066585184028258755
13,0.006656119551370811
14,0.00665956267156523
15,0.006653421518899389
16,0.006664764969364038
17,0.006661490237632017
18,0.006685476466760592
19,0.006654241975308642
20,0.00666030956841521
21,0.006651718803894298
22,0.006657529194987257
23,0.006669601020472504
24,0.006658996631082767
25,0.006653591437117417
26,0.006682409399332591
27,0.006433734218533887
28,0.006363284098122189
29,0.006351366210288449
30,0.0063486078042328045
31,0.006345347617156474
32,0.006377849394240319
33,0.006358551425716189
34,0.0063677761339381005
35,0.0063619348071808504
36,0.0063595255138575784
37,0.006370917673444975
38,0.006364183195958522
39,0.0063806549667553185
40,0.006437084784990414
41,0.006464930475164895
42,0.00652990376698279
43,0.006625099022289074
44,0.006664568643475832
45,0.0072877574567447555
46,0.0072429643200261455
47,0.007309434895775274
48,0.007319405119246543
49,0.007369130888382687
50,0.007413807188902482
51,0.007460532614793234
52,0.007497439226391879
53,0.007558224604283055
54,0.008210694659110425
55,0.008277439549643542
56,0.008308300863773738
57,0.008325413574304219
58,0.008373265462138495
59,0.008330200466138964
60,0.008351625643529202
61,0.008323517347119126
62,0.008353941966570015
63,0.008410973190184051
64,0.008403047682819385
65,0.008404845965315875
66,0.008444423980942297
67,0.00845880654030966
68,0.008523707951237263
69,0.00849351768108204
70,0.008501528814165622
71,0.008497571414485478
72,0.008518290529123751
73,0.0085492494747151
74,0.008463597674418604
75,0.008527348911824167
76,0.008467442747609596
77,0.008627430448913018
78,0.008483324663193821
79,0.008510228606027986
80,0.008919948954040217
81,0.009072675921352583
82,0.009100633444506206
83,0.009218052559515105
84,0.00911796939231969
85,0.009149233228211009
86,0.00912573814522342
87,0.009140041440411546
88,0.009153344878631968
89,0.0091635289191261
90,0.009168544449751624
91,0.009176881514705816
92,0.009223304175485858
93,0.009347835050251257
94,0.009281948499195851
95,0.009303651320132014
96,0.009343275311140611
97,0.009411111252462535
98,0.009349397017892641
99,0.009384288068070035
100,0.009343688310917721
