1,0.005644490422336101
2,0.005672649817281623
3,0.005633857037256061
4,0.005652364395902025
5,0.005651911439528023
6,0.0056402641563786
7,0.005650465985392861
8,0.005651949427390791
9,0.005656908760759344
10,0.0056718561739335935
11,0.005662477877335823
12,0.005676590966635117
13,0.0056579503731785325
14,0.005686150077197151
15,0.005679994899256762
16,0.005684473138762671
17,0.005708862428808733
18,0.0056929946328002435
19,0.005702594555666645
20,0.005705734707761477
21,0.005721114631691142
22,0.005760159947157015
23,0.005739124120781528
24,0.005856942570895114
25,0.005881508359305236
26,0.005820825971578536
27,0.00596548306295804
28,0.005845730201900238
29,0.005911951355389012
30,0.005847610870860139
31,0.005890380776272428
32,0.005961266452521321
33,0.005977608899179396
34,0.005907374941118688
35,0.0059413000497641035
36,0.005920151454030828
37,0.0060914128632353634
38,0.006305131285170608
39,0.007017057161098106
40,0.006984114950094026
41,0.007008596966831537
42,0.0069977911335911925
43,0.007492691428032668
44,0.007501460196164544
45,0.007845555856750152
46,0.007382729702736711
47,0.007288932325704994
48,0.007262051981914091
49,0.007268515965230738
50,0.007252276374868164
51,0.0072590482210161305
52,0.007266083540256601
53,0.0072714689915458946
54,0.007272617896956914
55,0.007280343103299562
56,0.007275409619563331
57,0.007262805664652568
58,0.00726520964091732
59,0.007257732130480637
60,0.007263005806938161
61,0.007249919289914067
62,0.00726891289107102
63,0.007253861917684306
64,0.007260558646163124
65,0.007279086932072405
66,0.007260519718415901
67,0.007260496109770809
68,0.007257162975256487
69,0.007268567930797432
70,0.007260822171092336
71,0.0072618200090675536
72,0.007265816903537951
73,0.007256130236584272
74,0.0072062505539226785
75,0.0071981872310221155
76,0.007196657288237054
77,0.00720308995115143
78,0.007218570249294449
79,0.0072036363438764805
80,0.007205503247337633
81,0.0072159494587432215
82,0.007211490002993115
83,0.007211295639796225
84,0.0071992699341021415
85,0.007209413072714841
86,0.007203916417240348
87,0.007198692760892349
88,0.007204258613728128
89,0.007203689292128106
90,0.007213193466846685
91,0.007206970349797329
92,0.007184723731856951
93,0.007144701843592031
94,0.00710600970404521
95,0.007100897026707982
96,0.007101889163835131
97,0.007111844634939405
98,0.0071543563055062155
99,0.007568039447558048
100,0.007534304134630473
