1,0.004776146670511746
2,0.0049469735922330095
3,0.005106048092909535
4,0.005102486828461115
5,0.005092633985784002
6,0.004995635423387256
7,0.005034006878306878
8,0.0052110253635585975
9,0.005145129022319594
10,0.0050139669199329275
11,0.005230787913507926
12,0.005224277718360071
13,0.005225259835436095
14,0.005050337385654886
15,0.0050417014638534504
16,0.005240594092643996
17,0.004781531278225015
18,0.005241349092166695
19,0.004658243808399725
20,0.004567238317757009
21,0.005232090647605924
22,0.004495407259280195
23,0.004542113261943988
24,0.005230289940172834
25,0.004451888239541102
26,0.005239929545701553
27,0.005237058701059919
28,0.0043893114110707815
29,0.004379351396678374
30,0.0054696527931671285
31,0.005476614172173602
32,0.005473784457077885
33,0.005487815359852839
34,0.005494839228662711
35,0.004419148602101417
36,0.005502757599318954
37,0.004436055829676369
38,0.004418213985918068
39,0.004433329038789249
40,0.005480606217477123
41,0.005474246688565341
42,0.005491925727893603
43,0.005639546080305927
44,0.005663128146041327
45,0.004696194796818931
46,0.005533286323991162
47,0.0048291383457455235
48,0.0055203628359011105
49,0.0050281597998326774
50,0.0051558793412162145
51,0.005164757531486147
52,0.005550842605570531
53,0.005600342553976748
54,0.005700312536322126
55,0.006154915493683938
56,0.006219524160339724
57,0.00634654609447771
58,0.006350694466377155
59,0.005985105275407293
60,0.006014804492926878
61,0.006399914348646947
62,0.006126821280650489
63,0.006111435668062429
64,0.006438716946968669
65,0.006142351185166307
66,0.00645782421801584
67,0.0061768776434268065
68,0.006468781171858445
69,0.006480571231558692
70,0.006240463181053449
71,0.00645865672522462
72,0.006472298283814951
73,0.006264840293885083
74,0.006483038947255574
75,0.006295363172638437
76,0.006500921580283196
77,0.0063344504214408
78,0.006480983091219823
79,0.006638603096017458
80,0.006647814955014263
81,0.006466059923612973
82,0.006507249194522754
83,0.006665923253275108
84,0.006658880192764351
85,0.006699559248681897
86,0.006662374342567852
87,0.0067931011265580064
88,0.006358781644054269
89,0.006655322303679686
90,0.006618124300503636
91,0.006340974024244037
92,0.006838732588898527
93,0.00664518090581218
94,0.006180429505483287
95,0.006017768896568748
96,0.0068490872232342915
97,0.006090594634732186
98,0.006877119032459606
99,0.005999159597273854
100,0.006713012582828142
