1,0.0029427354486512933
2,0.002900126588348118
3,0.0029328249999999996
4,0.002908951655330163
5,0.0029462849550760954
6,0.002910274981912456
7,0.0029140306689411483
8,0.002905984569957097
9,0.0029205065246560176
10,0.0029335440008671954
11,0.002919071881970329
12,0.0029300329667090075
13,0.0029300040361223746
14,0.0029482255360742866
15,0.002921125453987356
16,0.0029013788273320445
17,0.0029189672577257728
18,0.002943574053053296
19,0.0029022296026490063
20,0.002900007141998317
21,0.0029279947745522125
22,0.0029275767563152963
23,0.00293425789139121
24,0.0029079437511342326
25,0.0029412681133231234
26,0.0028935057065706572
27,0.0029227005025584795
28,0.0029169005350018137
29,0.0029142327105071584
30,0.002905003177812651
31,0.0029120422413793103
32,0.002918247097520863
33,0.002906858489199952
34,0.002915460768250501
35,0.002913777753707207
36,0.002929319066220238
37,0.0029452908298959555
38,0.002904337966378424
39,0.0029211768306077615
40,0.0029311317840805123
41,0.0029171642380660954
42,0.002936983893310159
43,0.0029365935752655357
44,0.0029172650319893773
45,0.0029238925441524544
46,0.0029139209980027837
47,0.002902807042845983
48,0.0029138965321067606
49,0.002923822195048309
50,0.0029308078253152165
51,0.0029296334128148687
52,0.002926138002685055
53,0.0029437132837277385
54,0.0029352193015155224
55,0.0029193244127072903
56,0.002892155630887382
57,0.00291073286908078
58,0.002890261281773281
59,0.0029264897888802255
60,0.0029072123544592486
61,0.002904901660185462
62,0.002899887520357078
63,0.0028859104181558257
64,0.002887581774969916
65,0.002921902570743405
66,0.0029165256810287036
67,0.002903236035019218
68,0.0029206198628459463
69,0.0028826909441060553
70,0.0029065071826347307
71,0.004470716860926344
72,0.0028882816353155336
73,0.0028798660644147682
74,0.0033383205856719546
75,0.002914697431730073
76,0.00290850523612715
77,0.002905244575749025
78,0.002894718773556686
79,0.002903896749319625
80,0.0028915047552277025
81,0.0029285260596166635
82,0.0028977744391408115
83,0.002882181034585926
84,0.002909174248029108
85,0.0029258849888415144
86,0.0028865920239880055
87,0.002910693275569081
88,0.005045169477947795
89,0.0029440086351643076
90,0.002915179803957271
91,0.002886687462966322
92,0.0028976522816985643
93,0.0029220587180879957
94,0.0029131493801652893
95,0.0028851266168858206
96,0.002899193385889085
97,0.002931973614831954
98,0.0028807399061032864
99,0.0028892482348724683
100,0.0029190202158141804
