1,0.000154101575645934
2,0.00014966216178660978
3,0.0001640319839352123
4,0.00015528562017765672
5,0.0001566775903807327
6,0.0001602036684805026
7,0.00016615525861357258
8,0.00015972885064735148
9,0.0001536443732851184
10,0.00015507308526892905
11,0.0001645966682713632
12,0.0001589450158948764
13,0.00015776875610635716
14,0.0001540986939679026
15,0.00015731723864368025
16,0.0098787741625817
17,0.00015403476196624604
18,0.0001614897477199034
19,0.0001572568868639292
20,0.00016247894190449738
21,0.005044865067767895
22,0.00016335549360339414
23,0.006129331894239367
24,0.007618345959835548
25,0.00015782302713720657
26,0.00014964988376102052
27,0.005138362918887448
28,0.009260132919610465
29,0.042676247651006714
30,0.008810177978042087
31,0.0001573801485552537
32,0.013885513640490241
33,0.00762298587244284
34,0.007617318124733893
35,0.06758707149837133
36,0.020506857372201096
37,0.006306631851024698
38,0.005045971092763989
39,0.00014821317713956318
40,0.00015698375012800414
41,0.010062668027622972
42,0.007089903214285714
43,0.00016097979214707
44,0.00016593695469176392
45,0.03383495790458371
46,0.011360510505882352
47,0.007272527404074163
48,0.0001584885923047793
49,0.01258322595151199
50,0.00637986669441579
51,0.010076819662332216
52,0.011059626316177679
53,0.006348304987237384
54,0.03023353283645656
55,0.006176109165801764
56,0.005791421103863474
57,0.053451260898282706
58,0.007620242473118278
59,0.011290003343465044
60,0.03893017277951934
61,0.01540050511994838
62,0.0062985788268672465
63,0.014865812965201461
64,0.005933505578664055
65,0.041546580660888406
66,0.03234708659652333
67,0.038718753997867804
68,0.06144410754857998
69,0.07598270162454873
70,0.00817848851078167
71,0.011229996019992599
72,0.0001638696470612088
73,0.030284991444539982
74,0.006302323550677007
75,0.02086707314305365
76,0.022382016140602583
77,0.035636587365853664
78,0.0228217302919708
79,0.008830312809212397
80,0.010021580469561605
81,0.012588413038371184
82,0.009100209515585423
83,0.005033056126753138
84,0.010068150629425407
85,0.005053653881894484
86,0.011914795759368838
87,0.006305182314180285
88,0.03656206432346724
89,0.006392631922211933
90,0.030237050084388185
91,0.08981765817805383
92,0.022661878342618385
93,0.010079001639540073
94,0.013899728785811733
95,0.03377344132111862
96,0.006052825843548591
97,0.01010668113266583
98,0.02256733831168831
99,0.007604236347853535
100,0.006619065431216203
