1,0.00015247680548124938
2,0.00015842417127726215
3,0.00015479359909854643
4,0.00015871322085388902
5,0.00016337325068166325
6,0.007461583771449359
7,0.00015476107024530106
8,0.00015166843815916573
9,0.0001582753695306829
10,0.0050331540207590696
11,0.00015207740250565188
12,0.007605574336985866
13,0.0001605614027821935
14,0.005023817518709813
15,0.0001549740797986944
16,0.005028578942388562
17,0.0001531672010986053
18,0.006290453011020729
19,0.000157276004407603
20,0.0001657849993279269
21,0.00015308665562850218
22,0.00015187304003388686
23,0.00015094087322196936
24,0.0001610934732126378
25,0.00015694102912155035
26,0.00015968934539717827
27,0.011237045082876897
28,0.0001519766657445457
29,0.00015116541845902273
30,0.00886841576837001
31,0.005038847506326444
32,0.0001605150475950642
33,0.00014807000980661237
34,0.00015607323467543247
35,0.00014783313264776833
36,0.0001633476162756842
37,0.00015382008649157162
38,0.00015359604084728702
39,0.006127986125988267
40,0.00015767672925289466
41,0.00015411594857077694
42,0.0001540292478293389
43,0.00014789807026428166
44,0.00015637787991710242
45,0.0001544034682095756
46,0.024064451325214897
47,0.006176791241227247
48,0.005035197444947844
49,0.000160958033934958
50,0.00015764367454422243
51,0.00015580021867187772
52,0.00016036868392172067
53,0.0062969369456835475
54,0.00629250414861494
55,0.0001591790017934837
56,0.00015261346460589858
57,0.006379862796462548
58,0.00015518172545576616
59,0.00015195763051827478
60,0.00810075358396453
61,0.00015376208741007654
62,0.005037303559393429
63,0.0001572012565940404
64,0.0001574017039018006
65,0.00016083194403392772
66,0.00016815057992396616
67,0.00015210382088979427
68,0.00015647203970897794
69,0.0001565876673530497
70,0.00015529799187226722
71,0.005277380627788054
72,0.005078902458408393
73,0.00015401854588396513
74,0.0061419198697484365
75,0.006142149086378739
76,0.00015977061936711396
77,0.0001555521223650552
78,0.00015719569914426893
79,0.006141671242331288
80,0.006308575627974617
81,0.0001552443197728687
82,0.005038430386769524
83,0.005841311482469975
84,0.006152553061885033
85,0.0001591599588642719
86,0.0001515206862828338
87,0.02311301981450253
88,0.00016281000967988455
89,0.0076180923028291445
90,0.00015460621497995656
91,0.01006035836807003
92,0.00015560859068776016
93,0.01055653699869224
94,0.00016196510297251368
95,0.0001621520665159832
96,0.00016109619797596126
97,0.006291515497114376
98,0.0001610947824210072
99,0.005033031188326684
100,0.008843775899593733
