1,0.0001481825929241971
2,0.00015962042192682233
3,0.0001526657003669326
4,0.0001655935636861002
5,0.00015693200885429144
6,0.00015516729484603084
7,0.006835085851607087
8,0.009178081755050504
9,0.0001644668747955958
10,0.005811538252468889
11,0.0001642143881727962
12,0.00015530079940093554
13,0.00015353593421052632
14,0.009248880956211021
15,0.01739657499100396
16,0.0001611281807896341
17,0.00015419920336134452
18,0.00014980323972293898
19,0.00015272057399880122
20,0.0001523634409814766
21,0.00016577822664723445
22,0.00015761706605905426
23,0.00015181915069984372
24,0.0062879539459884635
25,0.008808836179754715
26,0.00015434616226848684
27,0.00016160348428592608
28,0.007615197204674668
29,0.006298940441466299
30,0.01367418056932636
31,0.008851409600071221
32,0.018632498100490197
33,0.00015389846846384033
34,0.0001541888313500994
35,0.007170609555794377
36,0.026619766840417
37,0.03920074426919033
38,0.03499526042267051
39,0.0001548021932853934
40,0.008564247488017044
41,0.006108634192483495
42,0.008869722260965315
43,0.026396232925867506
44,0.007610297392898478
45,0.00014938611185850786
46,0.008815823482077543
47,0.006296392953020135
48,0.0076243051508927155
49,0.000160831964674522
50,0.006038286278430393
51,0.017426922847301952
52,0.0076322831992197025
53,0.006301587118132949
54,0.006178197021643363
55,0.006337684133157547
56,0.006124469841485579
57,0.007654012865728294
58,0.0001502214048448131
59,0.0001511209103431004
60,0.0050378461922793724
61,0.006297114242622951
62,0.00014971252276596743
63,0.007655593155232373
64,0.011491649703721261
65,0.00015211744311239306
66,0.0001530055526980045
67,0.008253075314589067
68,0.007272062164784473
69,0.013313561519929915
70,0.006327718596523947
71,0.020101993262411348
72,0.007607416737790421
73,0.02021458184276206
74,0.00015485846420745068
75,0.01596134749423014
76,0.007649714109653974
77,0.006162453860555198
78,0.008832505806274078
79,0.027629280113636367
80,0.0001542812240962468
81,0.030333138263950395
82,0.044070848311990686
83,0.007862192585016622
84,0.013707153459030341
85,0.00882175130952381
86,0.08377313968253967
87,0.03505779676470589
88,0.021490300643586327
89,0.00016022462549107792
90,0.00015059051732827647
91,0.00887433908460872
92,0.007617545261355832
93,0.027875308842443727
94,0.006128055186748528
95,0.00015123156549238433
96,0.007204884839486357
97,0.07775469653284671
98,0.005323703592016227
99,0.00015481922296832563
100,0.021173112598944593
