1,0.00016251821216024866
2,0.00015626262112080044
3,0.00016501672442168036
4,0.00015636643864417208
5,0.0001537691465879473
6,0.0001557182162199813
7,0.00015987761525505676
8,0.00015497565263308826
9,0.00016248752954006127
10,0.00015956555045702677
11,0.00762122438408086
12,0.000157093758836168
13,0.00015537901593457438
14,0.00015052734437864611
15,0.00015862261369166444
16,0.00015931747332951303
17,0.008791010753474762
18,0.005879933654507386
19,0.005339599249004178
20,0.006590424315654967
21,0.007619050703334913
22,0.006329515349483718
23,0.00506549184747926
24,0.010204053078696082
25,0.006327461126482213
26,0.006324184826265029
27,0.0001575594024300204
28,0.00015207379622204722
29,0.006837976076083663
30,0.00015445849417849338
31,0.006427305451495668
32,0.0001545784920175198
33,0.010284198406030539
34,0.01260142555786196
35,0.005047443383822447
36,0.006182615391550747
37,0.0061521518000518
38,0.005071137682270906
39,0.00015120472249571272
40,0.008843503685843006
41,0.00016011123631625934
42,0.0063187562803836556
43,0.007606828614267678
44,0.006230918782654128
45,0.006322646752595415
46,0.006321744994087505
47,0.00015439604615448337
48,0.00016004208478953056
49,0.0001588474306765885
50,0.006307235484294914
51,0.00015830210150439064
52,0.00506578260641093
53,0.00016286091353817544
54,0.006334198928477517
55,0.000156834427440052
56,0.0001501300605260262
57,0.061174195537190085
58,0.006566036059504577
59,0.007614566203411244
60,0.00015654525159669014
61,0.00015797754485072406
62,0.006319431867057673
63,0.000157098262273055
64,0.006325241206692135
65,0.006225100057581573
66,0.010035657578931186
67,0.0063080571400368525
68,0.00633199271484375
69,0.0061657818585743995
70,0.017649700568515756
71,0.008830392579343238
72,0.0001551120078232225
73,0.018873152283372364
74,0.011367160867515323
75,0.00761562454531077
76,0.007611780643885459
77,0.006193472531383461
78,0.010082489983270597
79,0.007609617810921718
80,0.006326950039562179
81,0.010091487902214796
82,0.01406962745925495
83,0.00632887131062826
84,0.015129339624413148
85,0.02775730528996865
86,0.007613837889574433
87,0.006310757748883636
88,0.006302664881889763
89,0.006212797743236214
90,0.006407264668473728
91,0.006436511603545528
92,0.006403734513362838
93,0.007480226112155388
94,0.021192653712374585
95,0.008855543931475028
96,0.008856067836640617
97,0.006338495229007634
98,0.00634543371909001
99,0.023835799647887318
100,0.02282232843137255
