1,0.00014788942794996253
2,0.0001613723887012176
3,0.00015099668874485054
4,0.00015120382346322484
5,0.00014788175155977667
6,0.00014794059610010656
7,0.0001504585866156168
8,0.0001601542523572345
9,0.00015353888998760474
10,0.00014760988607274777
11,0.029842550600610394
12,0.00015302259215181415
13,0.00015834966356742888
14,0.005111883067817236
15,0.07904260538752361
16,0.00015785689837224132
17,0.011379529525537965
18,0.00015206168700334068
19,0.007618863145258103
20,0.00014884818413067176
21,0.00016478651541419853
22,0.006325416592016862
23,0.00015197675214058648
24,0.007630392959086586
25,0.050829931882202306
26,0.024357443904320982
27,0.007618671712900673
28,0.00014780206140310625
29,0.006276706103777285
30,0.011306424025735295
31,0.011399515114985163
32,0.008836554748808215
33,0.02998568259930916
34,0.00015414696949738293
35,0.19440646949152543
36,0.00015120350328393613
37,0.04842631491782554
38,0.04828700173053153
39,0.6344879723684211
40,0.0001579472548181391
41,0.1676261862962963
42,0.029421233646456022
43,0.1145785095854922
44,0.011310955680487235
45,0.14959056821192052
46,0.008856392145488029
47,0.04712952774463008
48,0.3920811078512397
49,0.05568438689458688
50,0.2722738520231214
51,0.1129265875634518
52,0.35948612977099237
53,0.15372017568027213
54,0.00015160346665843468
55,0.01923636772402855
56,0.007616380563023882
57,0.008882077283587576
58,0.05589403895104895
59,0.007616373768115943
60,0.00015680545604609012
61,0.007613960190086621
62,0.10951727743142142
63,0.013870164843525695
64,0.1421805850628931
65,0.02786529926948052
66,0.32334943551724143
67,0.5636784779761905
68,0.03660358727810651
69,0.11566832827476037
70,0.02757946986624705
71,0.08785461455823293
72,0.04520340017985613
73,0.3626796833333334
74,0.21920486261904756
75,0.037375117893660534
76,0.006324633377988458
77,0.0088367002110479
78,0.14887396357615892
79,0.294795538125
80,0.18491191032388668
81,0.04038113615973742
82,0.05119129842519686
83,0.029212543059019117
84,0.025384083118361156
85,0.11239370893782383
86,0.00763763852109338
87,0.14256100943396227
88,0.05788554469808542
89,0.047115948806532665
90,0.04183999153409091
91,0.007672755739388026
92,0.012750019943990722
93,0.2422030184210526
94,0.005855089811069908
95,0.07125593960817718
96,0.06536009301164725
97,0.008883926877070299
98,0.007596488928345959
99,0.00612855603913207
100,0.05174816706036746
