1,0.00016033611533065395
2,0.00015943043571236225
3,0.00015378779281624151
4,0.00015016590540128932
5,0.0001583331265133172
6,0.0059930450930450775
7,0.00015359354921437942
8,0.0054742413654902755
9,0.00016443169387741086
10,0.00015150252951160766
11,0.00015513644857099534
12,0.00015313315623663397
13,0.0059238696218226914
14,0.005041095998055737
15,0.00015939583963489343
16,0.006294206625557595
17,0.006130077757212152
18,0.0001556685912016894
19,0.00015826365369390734
20,0.00015993300109627638
21,0.00016392787461213992
22,0.005398796574425352
23,0.00015949983406920597
24,0.014697522084571039
25,0.006298981993167783
26,0.0001574036425894734
27,0.0001614167830121295
28,0.0001554622100350417
29,0.0001606904396508265
30,0.0001522480058578824
31,0.006964433455937546
32,0.0069064378622021895
33,0.006838686370157819
34,0.00016716087003936495
35,0.007156696144024515
36,0.006166136335527628
37,0.010167917737518432
38,0.006132968375078093
39,0.006382029519830216
40,0.007608278670666245
41,0.00015650394693918419
42,0.005914206672055715
43,0.006312963001227496
44,0.005666926978088051
45,0.0001515849026816958
46,0.006304659416863671
47,0.00015765024371489268
48,0.00015436473199840692
49,0.0001610934581072534
50,0.01630312406471183
51,0.00015576705357005138
52,0.0051099958812872975
53,0.006185139575264652
54,0.006309636556169429
55,0.005687446797842935
56,0.00015597941287618305
57,0.00015320481762246538
58,0.0001571131274021573
59,0.00016327027429016212
60,0.006831977859391394
61,0.006445000138523342
62,0.0001575517659813133
63,0.006323818935577943
64,0.005053854926362297
65,0.005040827178379517
66,0.006311100401685764
67,0.00015409264262333035
68,0.00761176187539532
69,0.0163947856803529
70,0.006303424111475411
71,0.0076078601200821605
72,0.006556771155286138
73,0.005045472190445929
74,0.005109100421288395
75,0.0063118524091627165
76,0.005048201198774821
77,0.005071823532217041
78,0.011371613571092279
79,0.005044282097725357
80,0.005046492690120075
81,0.0001536767429752699
82,0.005468782004735645
83,0.00016292951400959465
84,0.00015447640768582742
85,0.008526636024267354
86,0.008820644563426688
87,0.00015792226132175827
88,0.00015551721969916162
89,0.00016200508152566012
90,0.008826023300348176
91,0.006296917754432041
92,0.005039379969499368
93,0.0076034044126934005
94,0.006297763779734526
95,0.006297754081095312
96,0.006298365747669685
97,0.00015688598726846156
98,0.005279276594483948
99,0.00015653959426998178
100,0.005043909900376668
