1,0.00014834142360034685
2,0.00015982782735903377
3,0.00015976049114651308
4,0.00015969993108912474
5,0.00015454175482433887
6,0.00015364482131007066
7,0.00015250094951119094
8,0.00015998035573109456
9,0.007210089468979081
10,0.005071597183445558
11,0.0001531166901816653
12,0.0063380840863654555
13,0.00015570255981577134
14,0.005062888985384453
15,0.0050670298964715825
16,0.005190161346257403
17,0.0001542829825517466
18,0.005062029129558949
19,0.005062133926121371
20,0.0057850943228193235
21,0.005390860511111111
22,0.00016281524507015709
23,0.0001579793631391398
24,0.00015999233536119915
25,0.00015049081366636825
26,0.007624675444545175
27,0.00015226220913511053
28,0.00015701996972206404
29,0.00015501592526242732
30,0.000156946018952131
31,0.00699402731092437
32,0.00014975703705092042
33,0.00015624465898668943
34,0.00015966179343716402
35,0.00015414489651731687
36,0.006693044524082569
37,0.0065941645008250815
38,0.00015651594007507857
39,0.00014802072318847737
40,0.00015077768087966097
41,0.006622026874223388
42,0.005301943885809314
43,0.00015517467686196226
44,0.0001494489229842633
45,0.007976372814403441
46,0.00014912207544889413
47,0.00015740576944576652
48,0.00015054542147382668
49,0.00016087358461745055
50,0.00015385212811011117
51,0.00015226862188091398
52,0.0001608020556976293
53,0.0001536086272697905
54,0.006565717803910845
55,0.0001570699281478807
56,0.00015271466127110767
57,0.00016304174631209115
58,0.00015502703861261757
59,0.00015584454872321214
60,0.006951281630824372
61,0.00015738330371604123
62,0.00014750707278666006
63,0.00015511877591277762
64,0.00015134270409770885
65,0.00015446629849163743
66,0.005057633386025925
67,0.00015020580025664027
68,0.005049578656417817
69,0.006316546354440357
70,0.00015612516462195746
71,0.00015507531846890635
72,0.006161957267104754
73,0.00015004639762523613
74,0.0001630508539511763
75,0.00015054075784951042
76,0.0061383275520416345
77,0.006165186876776027
78,0.00015221880347299048
79,0.00015790049898376304
80,0.000154232681756179
81,0.0001542274894471851
82,0.005071746617100372
83,0.005892686632390402
84,0.00015512497617704832
85,0.00015361215263296965
86,0.00015029069077592984
87,0.0001504548631343754
88,0.010088689165302783
89,0.00015592056963359616
90,0.00015797923556099905
91,0.00015556498567355248
92,0.00016027438159318591
93,0.00016421501549374908
94,0.00015232244101458394
95,0.00014755166926869986
96,0.0001496750245927778
97,0.00015547514714005822
98,0.006812308190861049
99,0.00664407526628856
100,0.00015933139142954494
