1,0.0001663799297310395
2,0.00015956429518130394
3,0.00015237808888517138
4,0.00015769123959211633
5,0.006301273143157618
6,0.00016310446697391027
7,0.00015375509404562808
8,0.010072920066819794
9,0.006114956814136791
10,0.006424625538461538
11,0.0001608588671273053
12,0.006393379166666667
13,0.0050738783611502785
14,0.00015551831237492773
15,0.005984912038106553
16,0.006161305294871794
17,0.00015967886179762468
18,0.00015139748566896568
19,0.00015719976437215472
20,0.00015361645795300305
21,0.00015978922478683723
22,0.0062921890711099444
23,0.0001524674181017536
24,0.006110108738980452
25,0.00016452801050096638
26,0.00015956893578294073
27,0.01002640311461794
28,0.00015971737319164905
29,0.005034753460044103
30,0.0001628989356604716
31,0.00015236112838715876
32,0.00014951472474915566
33,0.00015403754898301924
34,0.00017228042616202288
35,0.006104488009721901
36,0.0050366978783741205
37,0.005426029532653507
38,0.00015538548445831707
39,0.00743357278771206
40,0.007613694429540792
41,0.008814220513523392
42,0.00014962293120441555
43,0.008821696186208157
44,0.0051607724993922265
45,0.006309034118341642
46,0.00016078608670397966
47,0.00015445242608863277
48,0.005358111933602511
49,0.005715173328380963
50,0.006635540786749483
51,0.00015436383358872992
52,0.00015020540702482404
53,0.006794749310861423
54,0.00015224941556227486
55,0.00015584179246504399
56,0.00015733221892909774
57,0.00015844356133690082
58,0.00015030880726347857
59,0.0001500493892758534
60,0.006969043469591226
61,0.006116381470176777
62,0.00503053282631579
63,0.00015529428803596798
64,0.0001502965169050667
65,0.0001599215639580581
66,0.00014789452078855803
67,0.006295608517205149
68,0.010078568391886242
69,0.008820122351326624
70,0.00015448569296167786
71,0.0001516666527521632
72,0.006295869028233749
73,0.007111321973346309
74,0.00015165107269074905
75,0.006296077303149607
76,0.010069051078431372
77,0.00015282226516677715
78,0.0001565069182879204
79,0.0001506880409689228
80,0.006288438659049119
81,0.005046751586047002
82,0.00760650200663612
83,0.00015810883719322277
84,0.00015125158067968292
85,0.00015681929775889582
86,0.006827013818657367
87,0.00015948828018183712
88,0.00015074823228535428
89,0.00014772287523188098
90,0.006353960413902893
91,0.00016345011078073231
92,0.006318627608666755
93,0.006063431925880923
94,0.0001668244155644417
95,0.0001559526428599312
96,0.00015648537805120348
97,0.0062857854442840266
98,0.007170296730712297
99,0.005030883141620937
100,0.006301442179636082
