1,0.005065010081251882
2,0.00015575723697504185
3,0.006255638852630205
4,0.00014735359033187995
5,0.00014753912867706054
6,0.00015636149701788615
7,0.0001534529827019106
8,0.0001541731612116479
9,0.0001602948164186591
10,0.00015494775577630813
11,0.00015784364600264413
12,0.006412197877578177
13,0.011435463058460073
14,0.00015194635760850148
15,0.005079252946971827
16,0.0001478444370142947
17,0.007628719196075328
18,0.006204447413237001
19,0.0001646043931114806
20,0.03651286824742269
21,0.006325337066473988
22,0.00014992418709651865
23,0.03651355861713106
24,0.00015856005470164783
25,0.00015768071690342624
26,0.0001517628223979212
27,0.03906530447680691
28,0.0001482361241339188
29,0.00014806328137536876
30,0.0001526653392020238
31,0.04437122650462963
32,0.00015879599219816788
33,0.00015441067369930555
34,0.018879359855581576
35,0.02797446504385965
36,0.022782176091549294
37,0.022822440842490844
38,0.007172072711780546
39,0.006040357555015353
40,0.00016130374605762834
41,0.00016133477891707866
42,0.005109700757494932
43,0.00015712267183907858
44,0.01496632069813176
45,0.006125374338996039
46,0.00015722562009673087
47,0.0068326333407226995
48,0.05353050489130435
49,0.007618557809042047
50,0.050335315802781284
51,0.006166267836824412
52,0.0421838072616408
53,0.006329737279431129
54,0.008835684814068512
55,0.00015261435078756807
56,0.008836934408898696
57,0.013882440761494252
58,0.01989432594515207
59,0.006212553200051928
60,0.015621677593427833
61,0.02439892988121752
62,0.026877212559055123
63,0.030094615663716816
64,0.02800140753598645
65,0.019205253687549564
66,0.04188508726775957
67,0.03171569686379928
68,0.04247635028835063
69,0.005779140253934192
70,0.006291621381751441
71,0.040550464043715845
72,0.008851068773508388
73,0.027500309417946643
74,0.11307506010230181
75,0.005076741918069228
76,0.007617766982922201
77,0.011487818109393581
78,0.006330569453609608
79,0.026486859497206704
80,0.008953401385243509
81,0.00636226518241567
82,0.03152359382826476
83,0.006331566860158311
84,0.013832384389243389
85,0.024676573455824868
86,0.008882653649769586
87,0.05891782778571427
88,0.05753155092592592
89,0.06691993263665597
90,0.03620314764826176
91,0.021748088531187124
92,0.006345378634712709
93,0.049299555476804126
94,0.008855735055919618
95,0.007619140535232017
96,0.08656945783505153
97,0.052670411044176704
98,0.0050756203310696095
99,0.006332081797188754
100,0.006330657527023464
