1,0.0001642733381945011
2,0.00015783216681067508
3,0.00015577924341423244
4,0.006662507383582715
5,0.00015663351368226596
6,0.0001543028413945451
7,0.00015441443415183253
8,0.0001566412945409527
9,0.006635606559766764
10,0.00015848859870637647
11,0.00015879810555275312
12,0.0001511569288585082
13,0.00015129308777086397
14,0.00016306013923831006
15,0.0056765898117226085
16,0.005332625573241319
17,0.0001532841347492155
18,0.0001601144659381801
19,0.005718834354927509
20,0.0065335609656856095
21,0.006631831768528762
22,0.00015840060037325835
23,0.006627517839369645
24,0.0001546156222562076
25,0.00015009393743893552
26,0.00015672940176968464
27,0.0001475815668766152
28,0.0001502385702082418
29,0.00016608119777689943
30,0.00014779280405488327
31,0.00016672458704826852
32,0.0001514094069570393
33,0.00015722456713222058
34,0.00015412729485721243
35,0.00016079924194282926
36,0.000158759798424018
37,0.0001577696414864985
38,0.00015389216274573408
39,0.00015857238324451173
40,0.0001585048028870149
41,0.0001535001577260689
42,0.00014736316204396187
43,0.00015623270942526657
44,0.00016267887789229703
45,0.00015829828116108882
46,0.0001473764388637174
47,0.0001544488430827813
48,0.00014955126426720162
49,0.006973838514122595
50,0.00016064507122393588
51,0.00015402039673345907
52,0.006771142505720824
53,0.006704906344432008
54,0.0001589622465924211
55,0.00015982084570025863
56,0.006693597035021627
57,0.0065212498754152835
58,0.00016111091220107038
59,0.006708979386700196
60,0.00015684285798018877
61,0.006694396473504474
62,0.006632839909344492
63,0.00016153077360689911
64,0.00016431049517814757
65,0.0001497105473866304
66,0.00015867657068923142
67,0.00015580151431817128
68,0.00015170846215212594
69,0.00015303185944576535
70,0.006838352897462843
71,0.006684193118369626
72,0.00015384659747921353
73,0.006659853172058004
74,0.00015134825066589875
75,0.00015127674459369404
76,0.007419432643391522
77,0.0001606704900673472
78,0.00015288653881874545
79,0.00016466715589663787
80,0.0001536980686865231
81,0.0001530717090139249
82,0.00014780871788870912
83,0.006128824502677888
84,0.0001585289216864323
85,0.00014764225159991215
86,0.00015430922635045432
87,0.000153823589024911
88,0.005866681109499638
89,0.00015404091221166835
90,0.00015982394155194906
91,0.0001477049917850677
92,0.005048216152219874
93,0.00014746307163473834
94,0.006221604416677883
95,0.00015502331957351368
96,0.00015382700424711009
97,0.00016082614497661668
98,0.0001549991171403962
99,0.00015580577602786547
100,0.00015160681975666244
