1,0.0001529560561649931
2,0.00015241921423148665
3,0.00015510780594016175
4,0.00016317384217687077
5,0.005044970751856111
6,0.00015751702119962377
7,0.00015462926708696603
8,0.00015665856543254657
9,0.00015074979653785433
10,0.007053401677927927
11,0.00015559911454511956
12,0.00016129688987563762
13,0.006132455191538759
14,0.006315748329591971
15,0.00015152139801545445
16,0.006023111137440759
17,0.00016603337844696328
18,0.0001588973178473193
19,0.00015481341634760617
20,0.006831420022573363
21,0.00015056861450749162
22,0.005420049644509649
23,0.006661315708333333
24,0.006614064572619876
25,0.0001670962309561071
26,0.00015775465004573062
27,0.005331084631602309
28,0.006593985770073993
29,0.006605671379687926
30,0.006625227474872643
31,0.008559376242563806
32,0.005968952658844566
33,0.008799822027843927
34,0.0001576131936124639
35,0.00015412725158149787
36,0.00616049990307573
37,0.005893649279616301
38,0.006330091482899776
39,0.006229376398852225
40,0.0051406966484634315
41,0.01410801962133506
42,0.007607975466329435
43,0.006331636727416799
44,0.007510136597873679
45,0.009973562809150866
46,0.007613124053030304
47,0.006006005088638281
48,0.00014827686241584891
49,0.00015868629293583242
50,0.007035226393359363
51,0.007628250882047734
52,0.0061594879294755885
53,0.0063252195760926805
54,0.00016087942666325199
55,0.005719447222222222
56,0.006186002857878476
57,0.006115981859814274
58,0.00510781689405244
59,0.0076206717252106145
60,0.006321970132772446
61,0.0076162813734787435
62,0.04899316456185568
63,0.005989748338207926
64,0.00936525066485903
65,0.013933620303030303
66,0.005056225637094216
67,0.006317104950039442
68,0.006066545440910192
69,0.006162867052209873
70,0.005267889936695045
71,0.00884058351970669
72,0.007152227748020493
73,0.02651180936495177
74,0.00632008426729808
75,0.0061464255495565
76,0.006373206329696333
77,0.006356984097839056
78,0.006330774565707465
79,0.005487771924394828
80,0.007611577682098278
81,0.007615218414910005
82,0.01163100955878346
83,0.007617896182285805
84,0.005766377933858102
85,0.005077057185881855
86,0.007635146710845322
87,0.006321292227637992
88,0.006174503590373917
89,0.0088405349972472
90,0.008840810583272195
91,0.006331089249662009
92,0.013820772811075953
93,0.010116714865715484
94,0.007614214626441322
95,0.005056759297040169
96,0.006317870345779648
97,0.02147876177851928
98,0.007431944994759066
99,0.007976246779497596
100,0.006073300605821469
