1,0.0001556907936119597
2,0.007621879423399844
3,0.00015776150223176415
4,0.00015389936105048233
5,0.00015650753981684572
6,0.007881522084837543
7,0.00015948328126481713
8,0.00016023833883434192
9,0.00016077355775799727
10,0.024132776365705617
11,0.00016248286526478084
12,0.0001641669865401671
13,0.00885453175898398
14,0.03707211555996035
15,0.005946036437374245
16,0.00016518387937845404
17,0.00015353508163421737
18,0.006407133604126988
19,0.0001562330271004582
20,0.02582777494365139
21,0.00016304627816393004
22,0.04669501971995333
23,0.00015614851103264754
24,0.04912167389100128
25,0.00015152770379865408
26,0.0001509886213644045
27,0.00016062863206548416
28,0.03843697518878102
29,0.00015203548843888696
30,0.005062872564832384
31,0.005300564115609441
32,0.00015687634209340446
33,0.00631639788352833
34,0.010107795613484086
35,0.0001568024973876698
36,0.10429760523809525
37,0.07710504552919709
38,0.0001530677470188039
39,0.04715037518292682
40,0.008842477451879011
41,0.06539457267536705
42,0.010101425043021885
43,0.005400628362674031
44,0.08815566598360655
45,0.013931914151166997
46,0.006321532773607271
47,0.006314489538097119
48,0.007603186693484777
49,0.00016254367858194293
50,0.0001517375289942986
51,0.06866726094032549
52,0.02163609953306378
53,0.0001489972847243175
54,0.032632753590664275
55,0.00014971421446936784
56,0.005051576086956521
57,0.006316200394269942
58,0.18878213606557376
59,0.018953412207872077
60,0.07516834964539008
61,0.00015518084678768288
62,0.00016150197227004885
63,0.0076129936502922135
64,0.0001575274623905705
65,0.00015639127980809935
66,0.037848085896130354
67,0.007621103096816588
68,0.00015462958085546397
69,0.005055191875394654
70,0.027732399520488227
71,0.057518212642857156
72,0.0001612441927573712
73,0.030194480258620687
74,0.00016977713721950868
75,0.008345236361279172
76,0.005997950525865578
77,0.00015314113229450513
78,0.14784671611842107
79,0.00016380719277597828
80,0.03670470684315685
81,0.11955687377717389
82,0.00015435192092723185
83,0.14195846253968253
84,0.00016081871810114226
85,0.03731249841351074
86,0.0001593932892554291
87,0.011296277088696466
88,0.00015775886104413224
89,0.050505031065468546
90,0.000152378959328472
91,0.009607764362190274
92,0.1883512219262295
93,0.0001553514950547567
94,0.00015008868026820878
95,0.037094171758241756
96,0.006345508550584839
97,0.0063014623111286305
98,0.1099237080845771
99,0.000156492267018997
100,0.007617314332480636
