1,0.00015734347022904697
2,0.00016334683124993304
3,0.00015063378677776602
4,0.0001553601357110582
5,0.00015559604780723956
6,0.0001509538500319121
7,0.00015865467382617383
8,0.00015764177220174892
9,0.00015737411123453284
10,0.0001575337973243918
11,0.00015413809880287827
12,0.006162505651216984
13,0.006158157818370256
14,0.0001514991631812451
15,0.00015118968353629606
16,0.0001632283417217689
17,0.006318173454760651
18,0.007613614299355456
19,0.007611302530444408
20,0.012596600821167881
21,0.00015470780879171776
22,0.007507784170478477
23,0.006026421110974258
24,0.00015557133396343464
25,0.006386168863097108
26,0.00015433703021668267
27,0.007530602080665812
28,0.006138123924489534
29,0.006103721999286006
30,0.0001700059706313584
31,0.007532732130584194
32,0.0001516908388988922
33,0.00015091842495622458
34,0.0001669490707125509
35,0.00015674771566679362
36,0.0063199900203665975
37,0.0001552072855462256
38,0.00015280751239695527
39,0.016805797597962684
40,0.006311325964060861
41,0.005665786302681991
42,0.0076086639358508455
43,0.00015762513464619838
44,0.006317726464159565
45,0.014149917061403509
46,0.007501089347691352
47,0.014115479781341107
48,0.00524403101696747
49,0.00015358179261756793
50,0.006149012399438132
51,0.00653169975613039
52,0.006013915724815725
53,0.006307243359580054
54,0.006311523997633757
55,0.011749129256740345
56,0.006853107729833723
57,0.02504570293685756
58,0.007600771271895218
59,0.006160988458064515
60,0.010607303422061261
61,0.005051363488446047
62,0.006311341400604389
63,0.00881823541125541
64,0.005051791960329183
65,0.006178600602755455
66,0.020645260962111535
67,0.006320948288936418
68,0.006119621315554422
69,0.013927251037463976
70,0.012594763755637695
71,0.006314768144790436
72,0.007620650932101924
73,0.013003733439718303
74,0.005168715569375938
75,0.006224855934195065
76,0.013555065586592181
77,0.006099696018867925
78,0.007837220172274081
79,0.02361202435114504
80,0.006151068291114826
81,0.0063272692619015785
82,0.006317728250591015
83,0.00761244219886184
84,0.03647793459937565
85,0.005344845840489013
86,0.005054144126133553
87,0.013847548080229224
88,0.036670259341199614
89,0.006319397854133755
90,0.005060950628233555
91,0.006141610479425715
92,0.006441760888934936
93,0.008852093235184495
94,0.006310429234003417
95,0.007459811990749877
96,0.006168095883800151
97,0.005295611106768021
98,0.007611003433097673
99,0.011385415770100677
100,0.0059620201102387515
