1,0.00015509085488207822
2,0.00015483604520517423
3,0.00015753819291265542
4,0.0001572989557742991
5,0.0001480859475855152
6,0.00014821681529039228
7,0.00015158724811133712
8,0.00015923265074454696
9,0.005041151943332632
10,0.005051327957931141
11,0.00015628905299098329
12,0.0001534747995524594
13,0.000157810985592827
14,0.00015180314150794902
15,0.000158986186539571
16,0.00015702549529563495
17,0.0001475756529603131
18,0.00015216854132982707
19,0.00016064454345826086
20,0.005051339595375723
21,0.00016265746863409073
22,0.005176707747698971
23,0.00016392596779652352
24,0.00016383060111299568
25,0.006775622651435443
26,0.006666269588488808
27,0.005377301365168539
28,0.00665871856191929
29,0.006662356505756693
30,0.006666203050139277
31,0.006056389339765418
32,0.006653711822967171
33,0.006663455631986242
34,0.0066563636895638845
35,0.00015719279736752385
36,0.006673040225721054
37,0.009018639617002435
38,0.006613349553591563
39,0.005974718812629986
40,0.006511067384280999
41,0.0001569400097429241
42,0.006652535587460118
43,0.005364332013651878
44,0.006662052947309885
45,0.006657084100679517
46,0.006619971622934888
47,0.0066076499791492905
48,0.006610259652269904
49,0.0066140782206896565
50,0.006393789557705599
51,0.006284432360780145
52,0.00519447632262997
53,0.006430269967772258
54,0.0064493801275167795
55,0.006472602280701755
56,0.0074852945416261744
57,0.006029098880736227
58,0.006139069663424623
59,0.006154824504121587
60,0.006203246415599312
61,0.005048734058201059
62,0.006186315335753176
63,0.006190234377358491
64,0.007610270974877547
65,0.005052686079454682
66,0.0061628430589288
67,0.0064612172708170745
68,0.00615822277520576
69,0.005710273207927842
70,0.005061535309743917
71,0.00578119871420222
72,0.006317859123269612
73,0.006310380431635742
74,0.006315205879647878
75,0.0061074918136625215
76,0.006406677340295943
77,0.006192312997278736
78,0.005990095161290322
79,0.006378385242203053
80,0.005139817861764071
81,0.0063755766289893614
82,0.006279887103983174
83,0.006531689525879636
84,0.005284015837927233
85,0.006533406685255714
86,0.005232595158999016
87,0.006444779195042223
88,0.0051705586325858565
89,0.006299503973421927
90,0.00534097091001024
91,0.00626218034551495
92,0.0063659844352800315
93,0.006402457949846605
94,0.00641105279299746
95,0.0063064329313057155
96,0.0063646636224760885
97,0.005152691866493844
98,0.006337881664680174
99,0.0064149739388681265
100,0.0063883083122587515
