1,0.00016074301212575323
2,0.00015075167423232632
3,0.00015689559225229698
4,0.00015333170754902356
5,0.00015004249181473314
6,0.00015680263619932867
7,0.00015162482604805846
8,0.00015265330292007476
9,0.013496630846891384
10,0.00015356830392711197
11,0.062219731173780476
12,0.009211668902671758
13,0.0001580020371836748
14,0.0001621812358803987
15,0.00015882426232978432
16,0.00806718534525999
17,0.0001635083890544859
18,0.011075234493195453
19,0.032783394862385316
20,0.007371129124220769
21,0.016744189626556015
22,0.007132461401673642
23,0.010918982559773853
24,0.009177244339622644
25,0.0226534313174946
26,0.008832556740645635
27,0.055075079576502727
28,0.0470629987037037
29,0.00015465487576837834
30,0.045027470681551114
31,0.00015996523901166905
32,0.0079955318099473
33,0.03605973708708709
34,0.007875048087027915
35,0.00523635665273807
36,0.039715633262032084
37,0.048125947293972945
38,0.0001609225438393972
39,0.005222145676998368
40,0.008983612396083501
41,0.012108416528399672
42,0.006064564071168931
43,0.00015933714955230764
44,0.01289389918858422
45,0.08656259714867617
46,0.008799091608965012
47,0.006190343524154901
48,0.006429492704697988
49,0.041026928907103834
50,0.055530048085106386
51,0.0052582968320454395
52,0.1350890076576577
53,0.0211593955581223
54,0.007828896143450005
55,0.00775890781889635
56,0.03533565252270434
57,0.03526098785714286
58,0.019361741238095236
59,0.02404679780047133
60,0.07917771286496351
61,0.006163295566061843
62,0.031060929189435333
63,0.00015069480836134064
64,0.005245832343665036
65,0.00016287065526437219
66,0.029656096379897787
67,0.015897263266911384
68,0.006432537262817925
69,0.016186292727757057
70,0.0317368397697077
71,0.009839051898346602
72,0.05146416407702523
73,0.04678988139952154
74,0.030277751774622892
75,0.018353583453647414
76,0.00016172437949175153
77,0.017372454543821837
78,0.03020647765217391
79,0.00014810141758806275
80,0.02033778952948973
81,0.036239909117938555
82,0.03253072098298677
83,0.007441267598391955
84,0.008314333922443377
85,0.007805784043751005
86,0.015545483370714515
87,0.027739954978902952
88,0.054985486136363636
89,0.028542514218455748
90,0.005265944260993997
91,0.02674211391267123
92,0.02722828659793814
93,0.03820355756756757
94,0.017654119059222113
95,0.08878836631799164
96,0.0001540188602355448
97,0.018875546526151442
98,0.00015848709437154838
99,0.0001573532323071775
100,0.007765476435546874
