1,0.0001589282244357874
2,0.006504816558791801
3,0.0001506151756284376
4,0.0001532654844599882
5,0.0001515124487073615
6,0.00016374051095514357
7,0.000160342258525509
8,0.0001614844709067129
9,0.00015481665574231755
10,0.00016462442231014355
11,0.006913421879235055
12,0.007787770539986329
13,0.00015615026001702283
14,0.00015773131511317583
15,0.0001536308644554882
16,0.010175403860640302
17,0.006321932785415422
18,0.01910458598865615
19,0.007563207203888378
20,0.00016102096592453158
21,0.00016236330558959421
22,0.00015051566985385402
23,0.011365005706904649
24,0.0001503610312152396
25,0.00015463074748413758
26,0.0480139031598513
27,0.012648296053086108
28,0.000165736451140998
29,0.00883057548677443
30,0.007247036953582695
31,0.00883380100585223
32,0.006239940535969818
33,0.03836229581066377
34,0.07775027876588021
35,0.00016109649865477912
36,0.007141925723055567
37,0.015897619779677737
38,0.006297081518021574
39,0.00614250391752904
40,0.00881887471137988
41,0.00016094932598708685
42,0.012587772181723508
43,0.03661635670419651
44,0.029812974462596727
45,0.00015351730069567887
46,0.027661590583881575
47,0.0063271202344882095
48,0.023744216963622864
49,0.024978010476190478
50,0.00015675561132222606
51,0.030240916564952054
52,0.06583693599348533
53,0.00630080735603471
54,0.03868989103869654
55,0.008817747838538921
56,0.008789240175150518
57,0.006133720140395661
58,0.00015972426071638796
59,0.008815636851242693
60,0.008822360685557588
61,0.034638666749502986
62,0.007616143984262695
63,0.07536207481549816
64,0.011335232394366198
65,0.1241640284090909
66,0.04093982012903225
67,0.00015975985358033132
68,0.0076143072871572865
69,0.010272102025904785
70,0.03272764443422264
71,0.00015576285550979584
72,0.09213683744588742
73,0.03604599620253165
74,0.02017014314164403
75,0.035092555533399794
76,0.00015496267552637637
77,0.020888055033783784
78,0.008304105180042556
79,0.012583094067103109
80,0.006294852923823259
81,0.02633727079573421
82,0.00616652254383703
83,0.008873967258825855
84,0.043954220793838865
85,0.0076117636938646425
86,0.03520713121301775
87,0.010080611890817822
88,0.09869448605442177
89,0.008805901319148936
90,0.00016141535492154537
91,0.03681013742203741
92,0.010460858925300623
93,0.0076577161867310084
94,0.0088352537965352
95,0.024192062441679627
96,0.18174432678571428
97,0.03534100602226721
98,0.12305878509749305
99,0.00882779488448845
100,0.12202544630136986
