1,0.00015550882450211348
2,0.00015033865234203791
3,0.00015538203025929585
4,0.00016433693997548913
5,0.00015333892125341423
6,0.0001523798478477676
7,0.00015596190403461882
8,0.027005283858603058
9,0.005040339848755383
10,0.0001592443308098236
11,0.006324935934432666
12,0.00015188861715081435
13,0.00015691918494988572
14,0.00015050347044560873
15,0.00015889080784360353
16,0.00016066568798917124
17,0.00015543289500115893
18,0.01989839405494055
19,0.00015792536407131715
20,0.005051802409764239
21,0.007610597972226606
22,0.0001653060441398609
23,0.00015705423066183659
24,0.006441206280736264
25,0.037460241264737404
26,0.00016167044409613374
27,0.0001625942269143751
28,0.00015215112688606988
29,0.010091936622669181
30,0.007486951433866389
31,0.00015703503046327164
32,0.015371770678419617
33,0.008833435755561976
34,0.010637927689380836
35,0.00015983569392682802
36,0.02712221270096463
37,0.0001655238335486429
38,0.0001611366069490229
39,0.03273269393656716
40,0.0001602925881420489
41,0.00016537629362214202
42,0.00015249437065686632
43,0.00015639993594147945
44,0.006305929977701994
45,0.00015511080143943616
46,0.00016196777547482273
47,0.010948419145820497
48,0.023032175411061284
49,0.007036721907894738
50,0.00614435754110997
51,0.010129676525919734
52,0.008834475679798566
53,0.00015970894107534327
54,0.00015489744347921318
55,0.008619337451101503
56,0.009856633194622277
57,0.0001625008440419176
58,0.007676680682356658
59,0.008850834720439965
60,0.00015381666661272995
61,0.00015513523302092697
62,0.00015741569798270893
63,0.00015680923804039485
64,0.000153504275286496
65,0.0001572140770395842
66,0.00016095675040399716
67,0.00016439415724523902
68,0.007610073273273273
69,0.010064912301421406
70,0.00015700281434085758
71,0.00016431517237120192
72,0.036738748486328125
73,0.00015700972498971304
74,0.0001527311543938724
75,0.00015256277493418195
76,0.006318847465195692
77,0.00027794462472033484
78,0.0001628935592683986
79,0.010105278238932291
80,0.007057404604495038
81,0.000156833199026641
82,0.010075946296296295
83,0.007608252053388091
84,0.0001608837373916863
85,0.00015879906430105035
86,0.00015349353251842174
87,0.00016128002787618693
88,0.00016135151555820993
89,0.007212491947029347
90,0.00015350071591679564
91,0.0001568156178859412
92,0.00016096007508825116
93,0.00015296959657253893
94,0.011351034296243461
95,0.00015592830397621944
96,0.007717044297049343
97,0.034776033728652754
98,0.00016324651305898275
99,0.00016436882667221288
100,0.0062984983423233784
