1,0.00015741181435844338
2,0.0050867035152931195
3,0.000164964171616194
4,0.00015174646412705061
5,0.00015790646114991332
6,0.00014931401408797807
7,0.00015737207109236046
8,0.00015314387968749503
9,0.015127818873239437
10,0.008857836114684802
11,0.00015248012522282205
12,0.008864046910164175
13,0.00014787517541582076
14,0.02532792008196721
15,0.00015084259483238643
16,0.006813384324458541
17,0.00016074388710017945
18,0.006334292059944789
19,0.00782996391509434
20,0.0001561085840671781
21,0.0001540524492529098
22,0.000154818642055337
23,0.0059760348311908565
24,0.00015951237488960848
25,0.00014900432830107187
26,0.01390306643654524
27,0.0001478360602246386
28,0.011346612088428975
29,0.0001545883767236515
30,0.00631689412923562
31,0.0001495476556789362
32,0.008845543087495727
33,0.031661185760971045
34,0.025424820131885184
35,0.00015449502077363668
36,0.00014839022386369893
37,0.016261774742213436
38,0.013659720986433012
39,0.00016117273913880486
40,0.0063523950720042275
41,0.038316254900938485
42,0.006128606920239156
43,0.0063218941431385425
44,0.07628928175182481
45,0.007615228526299162
46,0.0063578578506907546
47,0.008853204122952329
48,0.029343766406926406
49,0.10928570833333333
50,0.005669142693869541
51,0.01014333365889519
52,0.00015983765820957186
53,0.014078549502873218
54,0.006176239229376778
55,0.006433533910761156
56,0.0001539720919007626
57,0.007662594016539646
58,0.0378177959390863
59,0.005071633798755502
60,0.00741731570578621
61,0.026490490930599367
62,0.006330873390967899
63,0.007355227145238899
64,0.02598713623639191
65,0.03814188351703407
66,0.00014789317559229422
67,0.04739760530120481
68,0.008879495611285265
69,0.007620041221676437
70,0.005746561554192229
71,0.006324380286879853
72,0.00015368621267456415
73,0.007546923478892822
74,0.01012553213235294
75,0.032018187441643337
76,0.03661236618357488
77,0.01009525667295202
78,0.007538056678421888
79,0.01014602131251319
80,0.045480312703016244
81,0.03517031035305344
82,0.032919511000944285
83,0.006321387980010521
84,0.044095478554502375
85,0.011384501218140929
86,0.12340934802259886
87,0.04034804299465241
88,0.005906426824327728
89,0.07435406833631485
90,0.0355206648362235
91,0.044316384683098585
92,0.046323906912991666
93,0.0050599709898531955
94,0.016778721186872476
95,0.03556216190248565
96,0.0744877486678508
97,0.007085219572318945
98,0.0063290454029062086
99,0.12326528371757925
100,0.006109980003905487
