1,0.00016355554266078283
2,0.00016498428638326654
3,0.00015345713224343709
4,0.0001547614885868406
5,0.00015534861883649502
6,0.00015029607559233977
7,0.000161892335389728
8,0.00016459845740377822
9,0.0001529127380701721
10,0.00015695293936627983
11,0.00015597973458096013
12,0.0001573206909002366
13,0.00015695622272959554
14,0.00015047276538529772
15,0.00015691788013804056
16,0.00015810402679903045
17,0.005034975147222664
18,0.00015256245161187715
19,0.0001563997406423837
20,0.005034859784210527
21,0.005034170268992329
22,0.0001595137294736767
23,0.00015708884911939228
24,0.0001505856110611076
25,0.006882613552375166
26,0.0053964130226529915
27,0.00016090061288440702
28,0.00016029923707318373
29,0.00016379103871124077
30,0.00015231332110871517
31,0.00015626304202045465
32,0.0001534662719450652
33,0.00016417030888852844
34,0.000275651514139783
35,0.006688765957596181
36,0.0066198440726972325
37,0.006654330531340806
38,0.006647599010243633
39,0.006654472519717724
40,0.006623038598787544
41,0.0001582934268252395
42,0.00015353388330273832
43,0.006658030107613542
44,0.0001516445454491911
45,0.0001591536640207435
46,0.006655432665192148
47,0.0001591261450452113
48,0.0001497604927518978
49,0.00015541098342511698
50,0.0065166176999937805
51,0.00015522882431427172
52,0.006298341153238546
53,0.00016110300978812035
54,0.005762964727637804
55,0.005039749263468013
56,0.006042016462395543
57,0.006279950304221066
58,0.006364441506922258
59,0.006360310316934094
60,0.0001479418848608894
61,0.006348869128712872
62,0.0001660789840069768
63,0.0001621860954975186
64,0.00683614167542411
65,0.00015254465267378872
66,0.006722776288587792
67,0.000156732111837762
68,0.006082450790025663
69,0.006516126707725956
70,0.006557588125908996
71,0.0001500276277493094
72,0.00016069569513130967
73,0.005126137284048261
74,0.006208900233978943
75,0.0062158047139141736
76,0.00015330998116216903
77,0.006198662637790168
78,0.00015441066330399762
79,0.005052612167300379
80,0.00015617096416655613
81,0.006204271285323611
82,0.006151381811320754
83,0.006156859544815242
84,0.00015076581187955704
85,0.006218725038981288
86,0.00016013407271414586
87,0.005949079080017509
88,0.005043459704820558
89,0.005046056735456614
90,0.00555571629169459
91,0.0001577926560146791
92,0.006294457841461812
93,0.006166463956936566
94,0.006363473996010638
95,0.00015653122294071708
96,0.006375526815352697
97,0.005612987365953556
98,0.00628002936245086
99,0.006538127309637913
100,0.0065317827752824275
