1,0.00016632651010197667
2,0.00016138057519600135
3,0.00015623577042478762
4,0.0001513324819152382
5,0.0001547993904779383
6,0.00015881727236726636
7,0.00015429711307643717
8,0.00015867592970885574
9,0.00015111655324141047
10,0.0001568262555365704
11,0.006193379994813951
12,0.00015799630442306814
13,0.006039982295869356
14,0.00015525281575676846
15,0.00618914200207066
16,0.0075293669998129364
17,0.00015403737920811114
18,0.006059353320561303
19,0.006182788692556635
20,0.000160294851072803
21,0.00015724296359459418
22,0.00015439438358025932
23,0.0001567394293231926
24,0.00015442524591948288
25,0.0001572142844922786
26,0.006779437268344132
27,0.0066700268194444445
28,0.0001588547177017602
29,0.0066671114158429615
30,0.006666846587743733
31,0.006404921070583322
32,0.005083006524047139
33,0.006251395689990912
34,0.007153895685082112
35,0.006150439577972208
36,0.00616703741007194
37,0.008690886389089594
38,0.006297239972382957
39,0.006184914749837557
40,0.00620528010822793
41,0.0001535014228742027
42,0.007413625449814734
43,0.006181603618207755
44,0.006155570923176242
45,0.005821852412510173
46,0.006215516985801746
47,0.006270820553515215
48,0.007504426102826965
49,0.006165448322797058
50,0.01139631725840583
51,0.006197926446119849
52,0.006238107239079258
53,0.000160124107094885
54,0.008580121811220514
55,0.006321082870674911
56,0.007536441893187527
57,0.005164462764787037
58,0.006182007194805195
59,0.00015559202525064505
60,0.006087079283746557
61,0.0050569765076174346
62,0.007614636955148453
63,0.006174355405755768
64,0.006068327803946531
65,0.006270414151562911
66,0.005228332602125851
67,0.006148954787096775
68,0.00615376615364884
69,0.006330668092522543
70,0.006318979930134458
71,0.00015123823435457396
72,0.007544696860046448
73,0.006319156205580416
74,0.006191126231959433
75,0.00617993461039803
76,0.012736176651750463
77,0.008832939430298592
78,0.007614439303207457
79,0.006221095008493401
80,0.006406009350839777
81,0.006368580957189014
82,0.005110870236825261
83,0.011023151661866034
84,0.008849312474775271
85,0.005067520643899343
86,0.005911530605889014
87,0.006322217621870883
88,0.010112974706375838
89,0.006329241857059167
90,0.005064209349636344
91,0.006274649129695067
92,0.008446220073568048
93,0.006102341282341748
94,0.00633030279091148
95,0.006123794506267587
96,0.0061792010856845676
97,0.006155352336628578
98,0.006192972919093852
99,0.007848772038501596
100,0.006156577576494688
