1,0.00016095338978582504
2,0.0001515687366530143
3,0.0001523176973407824
4,0.00015936995973559706
5,0.006006319421358479
6,0.00015303234940278076
7,0.00015733015235980228
8,0.00015445723931933962
9,0.006211210420451596
10,0.00015330912652087715
11,0.00015694610417316243
12,0.005042816812618697
13,0.005801969759501792
14,0.00015000117899165725
15,0.00015766034671436317
16,0.00015168724474919822
17,0.00015397391178476305
18,0.00015622883232031763
19,0.00015309817695092435
20,0.00016191934492050842
21,0.006855983654080511
22,0.00015755801214784184
23,0.00014819763345234096
24,0.006661720199789694
25,0.0001556598471549734
26,0.0001508195360775976
27,0.00015530395957478638
28,0.006625560752762431
29,0.00015727453030263603
30,0.0001538493840534072
31,0.00015043556894566427
32,0.00015410975457644238
33,0.00015709622786836192
34,0.00015576437512832358
35,0.00015662066883533193
36,0.011693989634248832
37,0.00015596122415138512
38,0.00015962994068723443
39,0.00015599174110866762
40,0.00015800025748145902
41,0.0001567221418267992
42,0.00015453233664751144
43,0.005049812872800084
44,0.00016003561878608413
45,0.00015565058030681924
46,0.00015349826861967353
47,0.00015773685363056595
48,0.00014840350574514877
49,0.005077150883691396
50,0.0001556895895187517
51,0.006324544405778068
52,0.0001502607111078971
53,0.0001617223408940762
54,0.00016113117843322548
55,0.00015517685262186767
56,0.00015632553325551848
57,0.0001558192873545324
58,0.00016076762728049114
59,0.0001533276108987294
60,0.006910576206610775
61,0.00015665320808887779
62,0.006463001911005719
63,0.006305714534667643
64,0.0001549142581772476
65,0.0001560679106220642
66,0.005122707285193915
67,0.00016573129424115696
68,0.00014777268760664738
69,0.006303357337155018
70,0.00016650985085264308
71,0.00015981598239244934
72,0.00015450025474831512
73,0.00754723913215929
74,0.00015243098456709225
75,0.006305191912826572
76,0.006982302550114991
77,0.00015840191411017345
78,0.00015278103017309674
79,0.00014766563516658535
80,0.0001507957636208315
81,0.005041839329815304
82,0.006247279133602185
83,0.008815048750000002
84,0.00015448236787445185
85,0.00015932982254174364
86,0.00015887847031662272
87,0.000152001276151108
88,0.000157769506225893
89,0.0068001876124100715
90,0.00668114690469536
91,0.006701309494907214
92,0.006694808419435911
93,0.0001483312299253916
94,0.006534204364759603
95,0.00015224727777690604
96,0.0001639451935074816
97,0.0001628801260374517
98,0.00014825508853663773
99,0.00015480143232683732
100,0.00015282858610913907
