1,0.00016443515228005404
2,0.00015892785855328248
3,0.00015042084095659235
4,0.00016507547980842117
5,0.00015857646614823864
6,0.00015100731153035402
7,0.00015697512939352452
8,0.00015945945293231858
9,0.00015953733890198808
10,0.007192908683697003
11,0.005127971288770053
12,0.0001556380298851018
13,0.00015527966980518877
14,0.005124278355164268
15,0.00016223821781230667
16,0.006304945888524589
17,0.00015298623859492689
18,0.00015731914714074195
19,0.006310596877454831
20,0.005125746993282865
21,0.00015127650969413045
22,0.0001624788068452441
23,0.00015349831309075743
24,0.0001576403776110575
25,0.00762216174823472
26,0.006184770732657834
27,0.006151162648272306
28,0.00016046042063635332
29,0.007386713508307248
30,0.0001502765513217939
31,0.006145965651203955
32,0.0001662986560305211
33,0.00015063487575955328
34,0.0001599428007124015
35,0.006792431248122558
36,0.006688092825330548
37,0.007938904365012463
38,0.006095778429728842
39,0.006307400960273613
40,0.00015478625391145235
41,0.0001540291647928966
42,0.00015886773091571105
43,0.005274628610368788
44,0.006169250645827951
45,0.0001576398151708454
46,0.00014780573277044535
47,0.00882551357421886
48,0.0001650034853379585
49,0.006306401498816723
50,0.00014762146712019156
51,0.00016328960541347505
52,0.0001561021713914611
53,0.005057442708711994
54,0.0059057317808010245
55,0.00791675550882186
56,0.0001579989848577219
57,0.0061978676925074664
58,0.007614534099889362
59,0.0050519417827298045
60,0.00015273128486698235
61,0.005146863202397517
62,0.006423831471607573
63,0.0001539802314895782
64,0.006318939376986649
65,0.00015473234994086183
66,0.00016110672933799234
67,0.009013751857068583
68,0.00015669887902571602
69,0.0063944802293213155
70,0.0076075784257942135
71,0.006142706715938303
72,0.007484593564505605
73,0.00016632868915782156
74,0.006310231686620182
75,0.005056266694861492
76,0.00883487466067498
77,0.0063965609490986225
78,0.005055808057523529
79,0.00015489779059840115
80,0.00015964708033799977
81,0.00015075542766869777
82,0.005476335662980136
83,0.006145228809860059
84,0.008669035618957661
85,0.00015981123681381716
86,0.009250220410008071
87,0.00505937221871714
88,0.005060933005810882
89,0.00015123370643763739
90,0.006165350630711803
91,0.006042078544265896
92,0.00505025547056341
93,0.00015506998377458168
94,0.006375186532837011
95,0.00015622819002397318
96,0.008535817558966678
97,0.0001540896980944915
98,0.0001485798198708787
99,0.00760349608462267
100,0.00016103675975004834
