1,0.00016308397851948404
2,0.00015181510086857862
3,0.00015905809559123437
4,0.00015023798516079426
5,0.00015545491080298486
6,0.00016078686504437974
7,0.00016221451672453216
8,0.00015798825241850284
9,0.0001572683050531063
10,0.00015824674401984277
11,0.00016035759220214206
12,0.008865619429651785
13,0.00015914389903619105
14,0.00015046448438701062
15,0.00015997055178377525
16,0.00015635970878363436
17,0.00015028927017131502
18,0.00015776454391837002
19,0.0001506406152980807
20,0.00015295598435364057
21,0.043455568750000007
22,0.00014991511697000424
23,0.030364951805054143
24,0.00015654655639797687
25,0.0001506483727708852
26,0.0076132027212494095
27,0.018755105080545235
28,0.0001505810946919338
29,0.0001629191069949964
30,0.00015249217890953275
31,0.025186917093373496
32,0.006206033716129033
33,0.020599598021276595
34,0.008848571539871676
35,0.00016017355957823206
36,0.010121142680369129
37,0.00015564541566576693
38,0.018853073809848686
39,0.006153226585583292
40,0.0001537985558528091
41,0.02741954130434783
42,0.0001586994713008374
43,0.006161943212815234
44,0.029805938730569945
45,0.007614505129419191
46,0.024051079780453254
47,0.011362898
48,0.007619690143964563
49,0.00015551938901487344
50,0.00015056914409447244
51,0.00016082809547541537
52,0.0001554262906328422
53,0.008089486939461885
54,0.01700356882352941
55,0.0001538186763040884
56,0.007634806799801946
57,0.00016158730345646686
58,0.007699423798018844
59,0.022789671179815212
60,0.005043576110058921
61,0.03654133376494024
62,0.00015643568636548633
63,0.010085814952660787
64,0.014628614808176527
65,0.01591681996060407
66,0.00016007808522653231
67,0.018887292893401013
68,0.04360145947368421
69,0.01711752169677648
70,0.01766742511865645
71,0.007611973771915968
72,0.013866013726333904
73,0.006200799126917976
74,0.00015228725149191727
75,0.00858885168239274
76,0.02666964753495217
77,0.03475162896015549
78,0.03449142764265669
79,0.010616829087350944
80,0.02108367343537415
81,0.026869592202572345
82,0.006101752247190322
83,0.07731332485981308
84,0.0445319688
85,0.006327437514623682
86,0.006332675708635465
87,0.006334579908693358
88,0.006348752414885194
89,0.005053737195443518
90,0.006371656050955415
91,0.013375156760485651
92,0.00015527634177723906
93,0.021524195055710304
94,0.008907224942726232
95,0.06084285844544095
96,0.012641514456836018
97,0.006223722436482085
98,0.006385894337634976
99,0.017428984403479512
100,0.017684567433061703
