1,0.0001619479075171878
2,0.00014777179917106837
3,0.00014854037663390883
4,0.00014810536052904335
5,0.00015408984603494275
6,0.00016368698633112993
7,0.00016830483362139634
8,0.0001549401932710643
9,0.00015535088805943527
10,0.00015623938775302407
11,0.0001515583021013114
12,0.00015959428891712627
13,0.00016945432163361344
14,0.0001553904766149246
15,0.0001512358702744484
16,0.00015358658405595179
17,0.03723917958086034
18,0.00015769266941262033
19,0.00015247414030281688
20,0.005991135763823805
21,0.02718799729620662
22,0.00885812052004022
23,0.025329296196513473
24,0.00015532234186145402
25,0.000151564770728073
26,0.03269834612932605
27,0.010079495239589871
28,0.023535131973780044
29,0.00015801819341361434
30,0.0001513925814936401
31,0.006334272051451188
32,0.03932339452554746
33,0.01042888399272883
34,0.005851633865805763
35,0.006009262434738316
36,0.00015140367761432827
37,0.014504129916720053
38,0.006272379536880447
39,0.00015097580161593484
40,0.0062929584179264725
41,0.00016009489822485997
42,0.0001585862857910731
43,0.007620298844753916
44,0.008917520991307564
45,0.0001555591437484126
46,0.012692621082089552
47,0.005075420393198724
48,0.023281298251249107
49,0.011400610326086956
50,0.0051052170683797
51,0.005144121721836291
52,0.030240971004184096
53,0.026082830298273157
54,0.00016397027075440145
55,0.00562858085622991
56,0.0063466767036450085
57,0.006490110617923325
58,0.04901633897783251
59,0.04048258131094258
60,0.010136499262778506
61,0.016443669653179192
62,0.00599917085840708
63,0.006242729027277406
64,0.024494628728414444
65,0.03560584739795918
66,0.024010114517291067
67,0.04041914423076923
68,0.0456435783007335
69,0.0659413116202946
70,0.01518350689167975
71,0.011629283717856286
72,0.00016101043121143077
73,0.006344188288906311
74,0.05791893689248896
75,0.00888871241010511
76,0.01676636670706371
77,0.007630716965549787
78,0.09397667363238511
79,0.0306318710619469
80,0.020932960134271098
81,0.03820043177623992
82,0.02640688893841167
83,0.007796609935431798
84,0.0182510051951952
85,0.0746861690433213
86,0.013936720721886686
87,0.027165842771565498
88,0.036622886206896556
89,0.007620489092633576
90,0.011376380400471144
91,0.03904085829875518
92,0.021922396575821103
93,0.02784006589571068
94,0.007634826200285217
95,0.02790854345381526
96,0.08539100198807155
97,0.05036121985861183
98,0.007557607718803821
99,0.007630327052681537
100,0.0067521286713810354
