1,0.00016303948153578615
2,0.0001576956912398371
3,0.00015163111161978739
4,0.00015615365954666584
5,0.00015745084160602226
6,0.00014794944310127182
7,0.00015439344239017133
8,0.0001521231874232297
9,0.00014802687343078033
10,0.00016079782144856505
11,0.006209577437199011
12,0.00014959614951557364
13,0.00015559989848970906
14,0.0001472467809997554
15,0.00015330561622464898
16,0.006140120970235796
17,0.006315884087025108
18,0.00015103320774007876
19,0.00015571626576085004
20,0.00015893710740750506
21,0.0001501167662416276
22,0.00015372420658816898
23,0.00015448297203623048
24,0.010135939833278849
25,0.016180028951571397
26,0.02116603840782123
27,0.00015184444139300273
28,0.006227517286581428
29,0.006368498913043478
30,0.00014929379161083905
31,0.024131974201091196
32,0.01009208858877722
33,0.00015535589552334082
34,0.010087502112086992
35,0.0001622835303600387
36,0.0001530958432941653
37,0.00015521862464739527
38,0.006032237383298867
39,0.00016443014715183924
40,0.00015872350597609562
41,0.006308116964637835
42,0.00015366351883847596
43,0.005850080411626144
44,0.00015042730852254555
45,0.021442121833867827
46,0.00612168888473753
47,0.00015641603338643044
48,0.006355431397806843
49,0.00015231554373928307
50,0.00016334238080885282
51,0.006311740639389555
52,0.01008157770002089
53,0.005045843597850142
54,0.000158280362711686
55,0.00015861122884015818
56,0.006314600216991057
57,0.03660436555783009
58,0.000153820165744071
59,0.00015159959888565419
60,0.015927265598736442
61,0.00015762500977190065
62,0.011359085448551921
63,0.00015410847857299793
64,0.00015045534963662905
65,0.00016187042768186735
66,0.020060448365548805
67,0.006190244309363683
68,0.00015795881452966147
69,0.00015692924917028083
70,0.00016105478894907582
71,0.00015755282871666442
72,0.00015878381726256165
73,0.00015523435547984098
74,0.00015525576060666492
75,0.008834940233155866
76,0.015128925828642904
77,0.0001635559964648091
78,0.00015954469583626452
79,0.00015616269979375235
80,0.00015424613220726244
81,0.00015311332308292423
82,0.005759534860893654
83,0.00504488105691917
84,0.008832157964115708
85,0.0001629785751228228
86,0.0001531722794344907
87,0.00015315911524152294
88,0.006310575187229011
89,0.00616313190045249
90,0.00638829986762113
91,0.007848706912652208
92,0.005052756232833298
93,0.00015048515402978289
94,0.00015653350050540393
95,0.00016068530280378824
96,0.00015711922091554725
97,0.00015239539344828913
98,0.00016416483307280376
99,0.005057943195985209
100,0.005065165846302433
