1,0.00015771742201274133
2,0.00015803451252258596
3,0.00015651246853691107
4,0.000163679846316708
5,0.0001572471827278086
6,0.00015217379315859332
7,0.00016232692534610344
8,0.00015715322637540878
9,0.006025102370668772
10,0.00016704783872126814
11,0.005049181826363155
12,0.0001585053325654008
13,0.000150499633206746
14,0.006810413490750488
15,0.006446548379435598
16,0.005054932425978989
17,0.008830436764436296
18,0.00015387823463324435
19,0.007063667941378519
20,0.006085540021418672
21,0.005970829168180167
22,0.005056718784908842
23,0.0063222424429841525
24,0.00599616119995358
25,0.006163890853658537
26,0.005972329771640731
27,0.006258023928944618
28,0.006044955827044415
29,0.007616647557698386
30,0.00591587310469314
31,0.00015108667441016138
32,0.006125502151088348
33,0.006156980273097037
34,0.00015644042369334987
35,0.007611221498422713
36,0.005973396807402236
37,0.00015736883291921034
38,0.0050452098407341
39,0.005252890174239082
40,0.005049449179551909
41,0.006473001654734568
42,0.008913324991328344
43,0.005059307217529039
44,0.006151085752965446
45,0.0061577277001789174
46,0.00697364269832066
47,0.008837433758503401
48,0.0001482606448332235
49,0.006017792964034206
50,0.008834515591636937
51,0.005688161226076556
52,0.006049247443261555
53,0.006309514354224149
54,0.007505337752564501
55,0.008828649625570777
56,0.005042921057347671
57,0.005051142370027363
58,0.007357639551048315
59,0.008827260573575224
60,0.005055261817221341
61,0.009023772745863542
62,0.0001498912029961936
63,0.006236277772703549
64,0.006131613140411397
65,0.014356945993131693
66,0.007607701910325229
67,0.007037965039727582
68,0.006142022321542587
69,0.006957301918307538
70,0.005041628653324995
71,0.00015276001623734905
72,0.0063085903871391074
73,0.006751209745474343
74,0.0060466245573360085
75,0.007884241450986736
76,0.006306228370841672
77,0.005050886977967774
78,0.00739458470781785
79,0.006310758251215346
80,0.006020751422546114
81,0.007626108980851401
82,0.006121578929210325
83,0.017837753977900554
84,0.0001638119262049569
85,0.008976369555170421
86,0.00566643494947235
87,0.013819499614065181
88,0.006034813636363635
89,0.007608327135876419
90,0.005052174445500634
91,0.006316529875956717
92,0.00016232996425747612
93,0.00015897512754638727
94,0.005615836511223172
95,0.016425420831084725
96,0.012513188828408501
97,0.00605343992906711
98,0.0062834986560677125
99,0.007320635436273728
100,0.0050346007423396864
