1,0.005092046842661035
2,0.00015432368744509905
3,0.00016535533858392775
4,0.00015651617229999742
5,0.00015769270838473254
6,0.0001607007753071972
7,0.00016238470293222887
8,0.0055053299202907045
9,0.006046692345611283
10,0.0001549799901552904
11,0.00016105999283655688
12,0.0070223760261614795
13,0.006504928209019949
14,0.0063307981540293755
15,0.006537015631899712
16,0.006183264220779221
17,0.006225419438006953
18,0.00015874245158648516
19,0.006118503667091837
20,0.007616804504504504
21,0.00883583708730741
22,0.00015056157940763297
23,0.009854368817313556
24,0.006211656857514639
25,0.007608279900489654
26,0.00505768756871036
27,0.006093981530670439
28,0.005062791995138961
29,0.007500736068332546
30,0.007610423665657699
31,0.005210128343949044
32,0.006222295999216812
33,0.006324698265668113
34,0.006177409892249772
35,0.005055784013533517
36,0.0063261444780436495
37,0.005062377967085136
38,0.00505790861322349
39,0.006369398478618421
40,0.011387360631777463
41,0.0061987555823031885
42,0.005061443888888888
43,0.005063004210248282
44,0.018382185718580874
45,0.005802228182328716
46,0.007462278851053366
47,0.005840241611259499
48,0.02642537427903352
49,0.006216912668828265
50,0.00615483767079144
51,0.005822930383430333
52,0.005062756774466286
53,0.0061493846707818935
54,0.0063446431319407704
55,0.005603948608423305
56,0.006160993594374919
57,0.005055905335801163
58,0.012739269129287599
59,0.0061270426476307495
60,0.007547498162627052
61,0.006318587794136979
62,0.0076213679237824156
63,0.0062326096881524014
64,0.00603237839579119
65,0.006151399732824428
66,0.008958839527740448
67,0.006321915229128259
68,0.005058041299058499
69,0.0050660408922327
70,0.006402344693278736
71,0.006200318804137041
72,0.006334421820580475
73,0.0062054178980228926
74,0.0062330066349164945
75,0.005064640396018637
76,0.007513454139285495
77,0.005060019169751453
78,0.007260187231109678
79,0.005067167964040191
80,0.00506805955050238
81,0.006175364305036711
82,0.008850482685253118
83,0.006324555836627142
84,0.005911484560218113
85,0.00581933013733043
86,0.006321706906077348
87,0.006024232230198321
88,0.0061100568718142345
89,0.005106312169650469
90,0.005060485539423484
91,0.006333316248231966
92,0.006718798261894046
93,0.005057801653984359
94,0.00505609834038055
95,0.006029363806839073
96,0.007611010893719806
97,0.006456551369773656
98,0.0076155312539482
99,0.006170864882185396
100,0.007610970952456167
