1,0.00015954211963735795
2,0.00016024097224536036
3,0.0001550021648603227
4,0.0001521644864606452
5,0.00014815260254230425
6,0.0001592060208563719
7,0.00015482209353937388
8,0.0001509903791368745
9,0.00015442567536383492
10,0.00015132235281469007
11,0.00015675496222499765
12,0.00016100309467371036
13,0.01127678455246553
14,0.0001541249770522003
15,0.00630930080613189
16,0.00015625282663219155
17,0.00015832949143028706
18,0.0059787800972713485
19,0.011273861111111111
20,0.006326193194993412
21,0.00014770174997570358
22,0.01901905139324961
23,0.00015010033310836117
24,0.006108319212167494
25,0.00015309968439867715
26,0.00014781367922244606
27,0.006483952004333694
28,0.005128704204139127
29,0.00015440231899794323
30,0.00015537867967086567
31,0.00634663936368477
32,0.00015540097718189696
33,0.0076032568676981365
34,0.00015463967558461636
35,0.0076468887590762655
36,0.00015433828147897103
37,0.012703728920464752
38,0.0001560333327688744
39,0.005075513502757081
40,0.0001522449592826517
41,0.00015178245966452142
42,0.008236072513525665
43,0.00015011782871963785
44,0.00015283733593366154
45,0.007621773349115376
46,0.00015849240952067016
47,0.0001638299698933814
48,0.01643609503063308
49,0.0050761484998943585
50,0.00617111623531754
51,0.006165840020642498
52,0.008841565972094732
53,0.023981494061302684
54,0.026186702243066882
55,0.030032123691335743
56,0.00014828027985842965
57,0.006510579245050377
58,0.04378540065632458
59,0.01514158371473354
60,0.010060086975649047
61,0.010356117006459843
62,0.006323212833090282
63,0.00015930785974516712
64,0.04689565104294478
65,0.0076227786908743414
66,0.006208809114315138
67,0.006425222060332443
68,0.016363535286956523
69,0.006322697962135157
70,0.007714725616400663
71,0.00764106705258316
72,0.02685181823630137
73,0.00761313329115926
74,0.010170757039141415
75,0.009932858693008736
76,0.027139187257383967
77,0.006162488042075375
78,0.007616597722960152
79,0.017556021560798548
80,0.0061615756132014894
81,0.008861769132746609
82,0.0001552269613193655
83,0.005041787272056499
84,0.012933971093738988
85,0.0070616437708739075
86,0.006324250336411608
87,0.00889220247697974
88,0.006169938075846272
89,0.005044074275476867
90,0.0076114455170778
91,0.007512915550015581
92,0.04800137860727729
93,0.02486524022082019
94,0.016508711423118865
95,0.015896344899253827
96,0.0076298604834887035
97,0.007514218948104412
98,0.0062277875414958024
99,0.006331507112209076
100,0.007510169697700597
