1,0.00015071547128951316
2,0.00015127908806467818
3,0.00015734799873952615
4,0.0050906443783209345
5,0.00015907478839959172
6,0.005196318532986111
7,0.0001601541221421814
8,0.00015955663335348602
9,0.00015225369152588656
10,0.00016300276391045923
11,0.0001540913162091151
12,0.00014988824343416422
13,0.00015413322260095908
14,0.00015337540476493416
15,0.0001597191404057048
16,0.00016370702756736877
17,0.007092940717710519
18,0.007056036327608982
19,0.00015005826945003195
20,0.006899904630852781
21,0.00015985744681912354
22,0.00016247601896138023
23,0.006694732840054688
24,0.0001607945388260548
25,0.00015411204043121372
26,0.0001579848628808138
27,0.0064482053509860695
28,0.00016201913395870427
29,0.006297258519388954
30,0.00016159357264697435
31,0.00016457752985303515
32,0.00015611217242212025
33,0.006377057300092827
34,0.0001610338410471619
35,0.005067719480097482
36,0.0001563300913713936
37,0.00015794436803095893
38,0.00016683415573372204
39,0.0001514811015444656
40,0.006053078447951898
41,0.0001603710837092666
42,0.000161783547367803
43,0.00015213498405716944
44,0.00015874483597121824
45,0.006845775625843203
46,0.0066849972820011185
47,0.00015347936303841296
48,0.0001600927562823697
49,0.0001608107274279243
50,0.006464457388579388
51,0.006333801706687836
52,0.0050543861870579535
53,0.006323475493161494
54,0.005067207677041704
55,0.00015320529507291414
56,0.005054585254906144
57,0.00015042595280183402
58,0.005032910490391683
59,0.006097168450000335
60,0.006305503840031835
61,0.005036535972970119
62,0.005850261731280738
63,0.00015106198349986068
64,0.0061360341523025485
65,0.005040090405982716
66,0.006032079102161664
67,0.00505165168177984
68,0.00015952583786690388
69,0.006106226226576874
70,0.00015485785577193744
71,0.0050393398845750255
72,0.0061041471321378596
73,0.006445677573677836
74,0.0064432429529301324
75,0.00015733248868822247
76,0.0063951959647247465
77,0.00015512223621885301
78,0.006446200060386474
79,0.0001602654623546411
80,0.005124292193328945
81,0.00015688785705657076
82,0.006279023604060913
83,0.00015236010036666955
84,0.005089283913043479
85,0.006317163619648017
86,0.006278272320391987
87,0.00015362858741744176
88,0.005142110572805689
89,0.0001513330625189528
90,0.00015370916833667335
91,0.00016532399718337216
92,0.006142814160593273
93,0.0060546781222264486
94,0.00016161390061499562
95,0.0001562731189897787
96,0.005034524497738508
97,0.00015452621703468115
98,0.005037132854587541
99,0.00016156147973700824
100,0.006145632122689938
