1,0.0001532098635364387
2,0.005968588924895158
3,0.0001684170722698973
4,0.00015878722746772545
5,0.00015690635884572826
6,0.0001562068366410008
7,0.00015270374070771635
8,0.006647296714721377
9,0.00016478829184806882
10,0.00016067973197164226
11,0.00015684089043062826
12,0.006650056299104068
13,0.006660159833492563
14,0.00015672247259942052
15,0.006664302122641509
16,0.005312700927018373
17,0.005412220792245629
18,0.006648444770971302
19,0.005955248885989355
20,0.006689287975826618
21,0.006548170297498309
22,0.0065219480821360806
23,0.006225816690590598
24,0.008208922372758916
25,0.005252966814587703
26,0.00015741193909757264
27,0.0075962357726130645
28,0.007271593708551609
29,0.007145744885473321
30,0.006075580430319545
31,0.006182974057450628
32,0.0051965877751963705
33,0.005267653308419433
34,0.00015552740282167413
35,0.006073309886890345
36,0.006022114728851869
37,0.006028859386441106
38,0.006113937417976092
39,0.006454409206479394
40,0.006384444171533528
41,0.00613085491939611
42,0.006152942562404484
43,0.005245325051759835
44,0.00613991637732959
45,0.0001541576376837995
46,0.006531461432494516
47,0.00534500974252305
48,0.006457644085358505
49,0.006356235358565738
50,0.005282097792062604
51,0.006644274059139785
52,0.00015580387004992112
53,0.00015485620756970953
54,0.008886535020321268
55,0.006099398741898588
56,0.006100509940932512
57,0.005276768468273408
58,0.006365674264026402
59,0.007916166385600778
60,0.006064216175726928
61,0.006098449346389503
62,0.005774545035438453
63,0.006372478727489407
64,0.0061388798614641586
65,0.006400811812341052
66,0.006073124393687226
67,0.00015521005121017212
68,0.0064292838832998
69,0.0061177963607594935
70,0.00015973779496133194
71,0.000156526598658772
72,0.0070873725071701815
73,0.006708239356055314
74,0.006763938619323808
75,0.00676490985370657
76,0.00015264148928143892
77,0.006452933455100956
78,0.00015337826281797194
79,0.00015956928098458085
80,0.006675448104330982
81,0.0066989489793657766
82,0.00016134547949423346
83,0.006473712688273264
84,0.00015705528387142628
85,0.005296341781540491
86,0.006474124028767307
87,0.0063993658900836315
88,0.006387011348640801
89,0.006439681066003496
90,0.006389485147651007
91,0.007138177638518976
92,0.0061817004084429176
93,0.005227949339484168
94,0.005612820430087639
95,0.005204317022441161
96,0.005243427768585419
97,0.00016035155486864084
98,0.007788624987990391
99,0.006057588282239675
100,0.00774098989772716
