1,0.00015826184773996328
2,0.00015148713906272011
3,0.00015421182119056918
4,0.00015508799651424635
5,0.00015106682380857755
6,0.00015731132021607307
7,0.00016899867227215958
8,0.00016046463112898637
9,0.011348465900435256
10,0.00015154236441347445
11,0.00015192379109958736
12,0.00015137289779266268
13,0.00015859590977835897
14,0.0001517706144935314
15,0.01270415486643745
16,0.00014789242899494102
17,0.00015451421929793202
18,0.008865572599078341
19,0.00015375430115448991
20,0.00015744474468155003
21,0.00015172887583398423
22,0.03050342283842795
23,0.00015378616847362613
24,0.027525168326359834
25,0.00015342626879239418
26,0.00015445316527020833
27,0.061367142778649915
28,0.00015848984007846593
29,0.0001631513056679076
30,0.00015850822711337479
31,0.04815335957854406
32,0.14180051362179485
33,0.0001533741223840293
34,0.00015655677586285803
35,0.16771371212871286
36,0.01803859097902271
37,0.00015470374147581061
38,0.026920593676716918
39,0.04970977473684211
40,0.09080076205250596
41,0.00015479572203063756
42,0.022195903189149564
43,0.014524810441706728
44,0.013482144558566434
45,0.035808193768844226
46,0.0649771761674718
47,0.00015146370832424852
48,0.1273100023809524
49,0.00016085851157547263
50,0.036009533087512285
51,0.00015288678418775905
52,0.03707803408045976
53,0.008857942955801106
54,0.013978270381062358
55,0.00014967402208303937
56,0.02285428769344141
57,0.029007360243055554
58,0.1843833085020243
59,0.0101670397702407
60,0.037773439123711346
61,0.07568709260948905
62,0.00765494191491045
63,0.5315524846590909
64,0.1350899569018405
65,0.030238852391696762
66,0.06392859094551283
67,0.04194370789473685
68,0.02043880590418353
69,0.05012774342105263
70,0.10424231536585364
71,0.041046989541387024
72,0.06771687433110368
73,0.0076155864749565495
74,0.01133512985915493
75,0.17508600038910505
76,0.022490358785175014
77,0.01990987983970407
78,0.006220504817470665
79,0.12451885070028011
80,0.026495104549114332
81,0.22274820748792273
82,0.00885230843451067
83,0.24064909322916664
84,0.2419753202631579
85,0.13650583865030677
86,0.08003732990476191
87,0.020987975034626037
88,0.12413662720994474
89,0.03648615408261288
90,0.049350289948783606
91,0.05308016563324538
92,0.009969734500514933
93,0.02648823856707317
94,0.07161385366269164
95,0.09201895597014924
96,0.14416750504885995
97,0.0063923704551612035
98,0.0428628985005767
99,0.1795028474
100,0.027900074352331605
