1,0.0001555739755862578
2,0.00015792161029967518
3,0.00015073654851776658
4,0.0001505800523155954
5,0.0001531657914764079
6,0.0001546285025383075
7,0.00015542751608970106
8,0.00015371593179624182
9,0.006161980006414367
10,0.000158777607670483
11,0.000150796742776344
12,0.000150944732178676
13,0.000153053265993266
14,0.04894678169642856
15,0.00015352447979374758
16,0.017754610843501755
17,0.00015889347424298132
18,0.00015142616575750342
19,0.0001518055427374161
20,0.0001696089630975015
21,0.00015928592302888534
22,0.00016075952943749697
23,0.00015098539842554466
24,0.00016431630563793143
25,0.00015694708438431922
26,0.00015355505308053225
27,0.0001511214769721257
28,0.025232959982777043
29,0.00015729428865322113
30,0.00015417298786250404
31,0.0001526304530940322
32,0.03653813192197907
33,0.010316941659547201
34,0.00015386666366507258
35,0.006702634464317487
36,0.00014794506175138089
37,0.00016162368264593127
38,0.00016095995998729998
39,0.03050246105022831
40,0.00015616738822150025
41,0.012353134586945435
42,0.013907555621046579
43,0.00015192249151783777
44,0.006110522863903811
45,0.00015936098539759451
46,0.016387539393425955
47,0.00014926672625601564
48,0.00015848347722393675
49,0.007562800825341927
50,0.029582397177759064
51,0.006774026919553075
52,0.030065156832579185
53,0.006304551880250701
54,0.00015051648895837775
55,0.05422699563994373
56,0.007614013826714801
57,0.00015169334352066647
58,0.00015590526485630984
59,0.008497539684803863
60,0.1645125
61,0.007630560156744777
62,0.00014819554440955544
63,0.008783489404154517
64,0.0001559851988846526
65,0.0001621625258722454
66,0.008841795670814735
67,0.00016137377251776945
68,0.00015374264985203937
69,0.006304093229029711
70,0.0001610194880567848
71,0.007497362567839974
72,0.0056788146251319956
73,0.036769911909448824
74,0.0063474688971171655
75,0.00015873785038506127
76,0.00015779841826844094
77,0.00015102107658476548
78,0.00015528118742899282
79,0.030246110975609763
80,0.00015942427215451523
81,0.0001598242346887701
82,0.006309904697148863
83,0.016083979493593494
84,0.00015693412540311857
85,0.00015123337225558413
86,0.0001588674434015806
87,0.00015531918648838393
88,0.00727127976115117
89,0.010077762231042406
90,0.01011376433067562
91,0.00015551727343065467
92,0.00015673769599939015
93,0.0100701253860601
94,0.0001553882481917183
95,0.0301506711828859
96,0.008814317575480329
97,0.00016028987829142232
98,0.00015943069087500595
99,0.000153574867815982
100,0.00016414998249876463
