1,0.0001532215820740599
2,0.00015212244662177508
3,0.0001563131081991088
4,0.00015246096626302517
5,0.0001534584424996713
6,0.0001548485755076852
7,0.00014984063370473535
8,0.000156111045571152
9,0.00015438139958915236
10,0.0001626560600932166
11,0.007614471671113309
12,0.00014826243156794934
13,0.0001549561386489324
14,0.00016406482833913527
15,0.006431780449895068
16,0.006402613580720807
17,0.00015251769858959946
18,0.00015835514725036592
19,0.00014804756876031042
20,0.00014790979651539557
21,0.00014992898995867175
22,0.00015160010231601978
23,0.000153539202449084
24,0.00015800985800000663
25,0.006987958543165468
26,0.00015114475685279702
27,0.006850705778352737
28,0.0001504808042129149
29,0.0001628861380955465
30,0.00016000640055243893
31,0.00015685664309443144
32,0.0001584553211405088
33,0.00015355151449513663
34,0.006539454326513213
35,0.00015922064313847085
36,0.0001583873279736984
37,0.00016853478859118047
38,0.0001563967180014466
39,0.000158236321530739
40,0.00015762733897256185
41,0.00014803866945396497
42,0.00015089268196897355
43,0.0001560371327659705
44,0.00015861594734740625
45,0.00015203133725725395
46,0.00015929455950427558
47,0.0001537641809391051
48,0.00015380698497132055
49,0.00015886596995827356
50,0.006862900000000001
51,0.00015425457593549075
52,0.00016060771788325043
53,0.000161822789886426
54,0.005366909777355887
55,0.00016364023516724074
56,0.00015089605604925692
57,0.00015195406850961542
58,0.00015699412463753102
59,0.0001515548185316915
60,0.00015789446397363336
61,0.000151758491091843
62,0.0070853745270383385
63,0.00015558157075619254
64,0.00015384413557144005
65,0.00016723530500788435
66,0.00015446227604747894
67,0.00016097420601315546
68,0.00014815366353273396
69,0.00015516401559688452
70,0.00015433019583252014
71,0.0060814080367321095
72,0.0001536465553871424
73,0.00015734086225370868
74,0.00016181195530106385
75,0.0001527376634992451
76,0.005045187753493748
77,0.00015780238380273608
78,0.005818693771460405
79,0.00015319744302952286
80,0.00015104973416619683
81,0.00015031625669422217
82,0.00014989436681480897
83,0.00015603226652275077
84,0.00015831301233491286
85,0.00015809370594263355
86,0.00015552195584408896
87,0.0068483269201801466
88,0.00014775260167017033
89,0.00665860895522388
90,0.006659651970495258
91,0.00016553537049737442
92,0.00016424170666739707
93,0.00015684786758825918
94,0.00015132199471765357
95,0.0001617872601512672
96,0.00015010194282247193
97,0.00015962121522593214
98,0.00015325523708309205
99,0.0001526266770019868
100,0.0001545646945967354
