1,0.00015683217989771245
2,0.00015002873857905178
3,0.00841260522542335
4,0.00015653947520755663
5,0.00015460011109940525
6,0.0001564770372093261
7,0.01008036321994992
8,0.00015417010760789782
9,0.00016385511279070163
10,0.006318203784886782
11,0.000147544446401696
12,0.00015440785288295563
13,0.00015098753128250385
14,0.00015273644697882987
15,0.0076055244622448
16,0.007652529503691954
17,0.00015514659720116802
18,0.025278705845181666
19,0.00882877329181169
20,0.00015164708285636587
21,0.007612758983264919
22,0.006121289493670886
23,0.00015976711564060338
24,0.00015667149063592267
25,0.0077842216153723495
26,0.00015934918952536609
27,0.0076072808591282366
28,0.00015934002684300335
29,0.00015067660224183497
30,0.009250539095238096
31,0.010604062852459017
32,0.009017066191709845
33,0.013904866353241938
34,0.00016303655150968726
35,0.0063038190676296775
36,0.006338035750432814
37,0.006311869418879831
38,0.008839446539379476
39,0.012644148538240668
40,0.019067252915360502
41,0.00015596103412852415
42,0.007001964825975591
43,0.006879763235083704
44,0.006734936617483873
45,0.006472038445068914
46,0.03681123932989691
47,0.006125843706514863
48,0.008839866886446885
49,0.006306113377238114
50,0.008830343122710622
51,0.06019366125186289
52,0.020223057402760352
53,0.03333720183270677
54,0.008825329853345554
55,0.006251184984256101
56,0.0323492481303931
57,0.01013016013406948
58,0.026499562759767246
59,0.0077010623665201006
60,0.010234863919798448
61,0.008833479468377634
62,0.0073189296871351865
63,0.035032147962226645
64,0.008836782060227689
65,0.013868939219064028
66,0.011369173475046212
67,0.006324810411207418
68,0.01882325149688958
69,0.006089085026905269
70,0.006367777997961004
71,0.006407303256218239
72,0.02781442642378559
73,0.006314538437746775
74,0.007633011922324127
75,0.006308664424592749
76,0.007380375990142644
77,0.021454761282410653
78,0.006157145107932047
79,0.006307637092748293
80,0.005086335893648449
81,0.007611830203311937
82,0.005054190755635516
83,0.007611343752969122
84,0.007608054060673092
85,0.005452596004776897
86,0.011705069565741858
87,0.014069229131571302
88,0.006200215412256633
89,0.00503106814410251
90,0.015085287279023378
91,0.011348904655537267
92,0.007614965571269137
93,0.007449871142901092
94,0.006329705755064456
95,0.006325990610636901
96,0.006129422837150127
97,0.006446156854460093
98,0.006387884415846921
99,0.00628342207460733
100,0.008826735943257185
