1,0.00015842884416924664
2,0.00015511476082522423
3,0.0001597328880180699
4,0.0001667881363344096
5,0.0001601227566684273
6,0.00016071246870252444
7,0.00015519631044192707
8,0.00015192539067546915
9,0.00015464827938362896
10,0.007667278638752946
11,0.00014964198744037136
12,0.0001574298375288676
13,0.0001577730825862182
14,0.00016088486954590124
15,0.033698676405038756
16,0.022723986525821596
17,0.00015441077546658706
18,0.00015316618409767416
19,0.00014729074924664412
20,0.006153846817129631
21,0.03735552341568206
22,0.005918045745334108
23,0.06276160873261205
24,0.006360880236236194
25,0.00015717055323762343
26,0.00015923202096627774
27,0.033182802828379675
28,0.00015546887270570067
29,0.035104800000000005
30,0.0001547999116847176
31,0.00014840610639047725
32,0.00014799697899542003
33,0.16056891061151077
34,0.04432805989336493
35,0.024272737588373918
36,0.00014734859746499368
37,0.01766273522634632
38,0.00014799714086664596
39,0.0745524428440367
40,0.00761943019164517
41,0.010132132205540285
42,0.00016251397503750132
43,0.03565736238195173
44,0.15269873656462585
45,0.032661365264650286
46,0.1609510385304659
47,0.026546457746478874
48,0.04948749075032341
49,0.026658372236076477
50,0.03304210857142857
51,0.005390799545852485
52,0.007618114756560228
53,0.007614004809208453
54,0.00014876354382555013
55,0.047354885985312116
56,0.05171643864541833
57,0.00014788823555379236
58,0.08462352148676171
59,0.0063316808580183865
60,0.03128805178899082
61,0.006176064297756452
62,0.028389602364574374
63,0.1929525582278481
64,0.006322363194627337
65,0.023973599733231706
66,0.00889681256193797
67,0.09065440267665953
68,0.3293586489285714
69,0.007617233151486402
70,0.009617724571713147
71,0.011401482717190388
72,0.008146135201530815
73,0.034858610109561754
74,0.03960669620535714
75,0.03155829765698219
76,0.007617871342717065
77,0.061557069667170936
78,0.025602039000000004
79,0.012653701665276294
80,0.008880449631743694
81,0.007574678801690354
82,0.0124513332990486
83,0.07651194439252337
84,0.006192672299043681
85,0.034968385682976964
86,0.15105644577702704
87,0.0063285771330607934
88,0.020515735608020697
89,0.11325291446700507
90,0.04063761750272628
91,0.08786888683673469
92,0.0668359796116505
93,0.21719977697674422
94,0.008871183520561867
95,0.05276667260563381
96,0.02713526463512429
97,0.015812708007175474
98,0.040023488840262585
99,0.06557763274760384
100,0.005080148919949174
