1,0.00015677840588183066
2,0.005050519851507424
3,0.0001475408630505171
4,0.000155240017528116
5,0.0001559429168335727
6,0.00505867180952381
7,0.00015748589320889052
8,0.0001612373677317385
9,0.00016036401472169272
10,0.005337689036469747
11,0.006139929541672
12,0.005074573763372525
13,0.0059317725457467855
14,0.00504076215946145
15,0.00015145565625529963
16,0.006113555766478043
17,0.0050332789169295475
18,0.00015679131614412245
19,0.0001478707583521967
20,0.00015717455036265296
21,0.006785348230088497
22,0.00014784411255326538
23,0.006616887282998072
24,0.006610732133480723
25,0.00016066256866969171
26,0.00015456247615739174
27,0.00015638561972479577
28,0.006624136869661063
29,0.006530369918533605
30,0.006624119123121467
31,0.005309074100998891
32,0.000155350782564364
33,0.00015508777114379562
34,0.00015628828358208957
35,0.006599219283252928
36,0.006604331925323322
37,0.006421940023361276
38,0.00630938025751073
39,0.005115962999250455
40,0.0001567901635766011
41,0.00015065120327454592
42,0.006389059902835086
43,0.0001492925937520027
44,0.00628849399151634
45,0.00016697663263855317
46,0.006294524312103136
47,0.00511047959730106
48,0.0001609891636881323
49,0.005065763867397378
50,0.0001498136251353213
51,0.00016285300548117229
52,0.0001535655226582751
53,0.007469424644618106
54,0.0064186699305370035
55,0.0001508095441521251
56,0.00016543584002185868
57,0.0001518711081685275
58,0.00015484600329572173
59,0.00015074869865230466
60,0.005206317835671343
61,0.0002945088534104935
62,0.005177443031811296
63,0.006431824641180416
64,0.006430897483399736
65,0.0001568247599122298
66,0.005174911079883255
67,0.005099768583106267
68,0.005954159471081102
69,0.0001596163504243034
70,0.006054706452224469
71,0.0001653929361388093
72,0.005075586277736489
73,0.006218696842006668
74,0.006333673998418556
75,0.0063326593395461915
76,0.0062942661079099
77,0.006324853760042144
78,0.005071774824320195
79,0.0050450058048470735
80,0.00015535962934843972
81,0.006280841452719878
82,0.00015493904524237903
83,0.00644607128559914
84,0.006426052008032129
85,0.00015255924541716305
86,0.00015582978529543845
87,0.00015739505684373779
88,0.00016510422393236488
89,0.00695672263864043
90,0.00015481172368349676
91,0.005088339210890142
92,0.0063024115419827356
93,0.006294602704379185
94,0.006282708823145244
95,0.006299137370168644
96,0.00016768943258836246
97,0.00016456807635162183
98,0.0001625531047407487
99,0.006295925650752166
100,0.005095548394571334
