1,0.005112850828759605
2,0.0001507582813357803
3,0.00016085249445498944
4,0.00015546350178407092
5,0.00015067924597974414
6,0.0001599520601280764
7,0.005031423228140071
8,0.0001532317109638223
9,0.0001484295042659309
10,0.00015465021401724947
11,0.005035873320304246
12,0.005038322578092022
13,0.00014826021142569796
14,0.00016757494483553935
15,0.00655030140575952
16,0.00014796238751407673
17,0.00015549208375052485
18,0.00015797246878556469
19,0.006943912536982249
20,0.006778344618973942
21,0.00669047004346607
22,0.00718013609116714
23,0.005055418063324539
24,0.00015677273611936187
25,0.006044805672040157
26,0.00015349787449003773
27,0.005042393136349647
28,0.005995944235570942
29,0.0061694592554424835
30,0.000155677016381175
31,0.00015168513427040294
32,0.005990321949870992
33,0.0001536800557115493
34,0.0001552122976176193
35,0.00015310653962782083
36,0.0001526203173605403
37,0.00015645265226003937
38,0.005036677164399451
39,0.0001549732271782728
40,0.00015673356929834777
41,0.00016099758216620087
42,0.000154982805089296
43,0.00015769153204234888
44,0.00015435781344093463
45,0.00631047547808765
46,0.006146328068592058
47,0.00015818838114302081
48,0.00015290789379698754
49,0.00874366223628692
50,0.00016125832710349257
51,0.007607489453248813
52,0.00015466911813766688
53,0.00015404280400774134
54,0.0001574696973641816
55,0.00015848553549079205
56,0.0059132131107338245
57,0.005038760848063973
58,0.006309247039863177
59,0.006112137795522789
60,0.0001524982842577798
61,0.0001631846078936661
62,0.0062983205657791705
63,0.0001609276679048058
64,0.0001507479348849567
65,0.006103666411012783
66,0.0001541443008320671
67,0.00015806387291198017
68,0.0061775271393325545
69,0.005437565405284371
70,0.00015626371446422993
71,0.00016571663356859553
72,0.00015551240297775342
73,0.006153011124647346
74,0.00015809785160002477
75,0.00015226840200998585
76,0.0001624989598041353
77,0.005036192981760508
78,0.0001480276427023954
79,0.00015703296359716033
80,0.005037392921702574
81,0.006045299347210248
82,0.00015603937937130319
83,0.006382522883158315
84,0.000160439799389316
85,0.006926130814309927
86,0.007609025943768756
87,0.00015106941940946713
88,0.0001543101072569357
89,0.00015911049284907984
90,0.00015082785467563828
91,0.006306813152359669
92,0.00016298109673946914
93,0.00015889501069488225
94,0.00015091299008689513
95,0.005868372155911974
96,0.00016454712850050198
97,0.006723458087529154
98,0.005042240181268882
99,0.005988084459695024
100,0.00015380703183179377
