1,0.00015040151586306845
2,0.00015519869046722403
3,0.00016770443347078628
4,0.00016012482427773473
5,0.00015637853696761107
6,0.00015140101899348396
7,0.00015620911943060682
8,0.00015533686370034175
9,0.00015725967636017664
10,0.000158902040832319
11,0.00016064716933107684
12,0.0001559424548196223
13,0.007609848522673408
14,0.006290116128184923
15,0.006335256978123352
16,0.00016040202269611826
17,0.0001637284434429308
18,0.0314421657051282
19,0.011311111785379569
20,0.00015209231854256512
21,0.0063029644282525926
22,0.00015908002906766215
23,0.010066788569044641
24,0.010071603192821368
25,0.040248784019501625
26,0.016357143716124664
27,0.006293041551792044
28,0.006555672010204081
29,0.00016412589885103095
30,0.0001535610983485283
31,0.006930862581991652
32,0.00015842013130260788
33,0.00014947963430717303
34,0.06565990973377703
35,0.00015008913940604392
36,0.0001476573426325086
37,0.00629948100301956
38,0.006295981452249408
39,0.005937617940199336
40,0.007610727479044756
41,0.00015335042485790598
42,0.00881923181046676
43,0.006306138281660537
44,0.02264950123546512
45,0.00015990868174363905
46,0.015112337735381565
47,0.00763417421103592
48,0.00015381288583455414
49,0.012763668459937098
50,0.008828603859520763
51,0.0001608260114124404
52,0.00894249330824307
53,0.023693826540460285
54,0.006071368686804853
55,0.006306265067772075
56,0.008817204091158702
57,0.015182142587939701
58,0.005582774136384029
59,0.007885618600164875
60,0.007641873137071161
61,0.008853481251146577
62,0.008893419886147369
63,0.00016103996059622545
64,0.006269393781887756
65,0.013347595086507782
66,0.0001512119414219855
67,0.01006703199498118
68,0.006357847986710963
69,0.00015377418668573485
70,0.031512879101019464
71,0.00884272785832263
72,0.00015091596601312954
73,0.06359469760765551
74,0.0001518760848555623
75,0.005801224653653215
76,0.005057270724867724
77,0.006582468235856793
78,0.005826228911768226
79,0.00761474086008447
80,0.013113986651276482
81,0.006316314078307714
82,0.006042539094936709
83,0.0001479580339783771
84,0.008836121326212318
85,0.02550362393092105
86,0.006317167364397034
87,0.00881979329614048
88,0.005809419736322714
89,0.0062995817507223535
90,0.005060943027175058
91,0.012658257234264822
92,0.00016259705292783673
93,0.011405853108076288
94,0.00016493793945816687
95,0.00015484323370901372
96,0.0068453916792544
97,0.00941904591575706
98,0.008835105920839052
99,0.006307998797160511
100,0.006334560949241924
