1,0.0001512830994717727
2,0.00015381236036988958
3,0.0001632992065071791
4,0.00015793016437411523
5,0.009166197201381685
6,0.00015667004091462274
7,0.005056089150893518
8,0.00016188093425395348
9,0.00016013147431951397
10,0.02270599609038737
11,0.0001542582197899662
12,0.00015790434426101748
13,0.006760930409356724
14,0.006322562174599001
15,0.00015544441845116347
16,0.00015414861284407378
17,0.0076335549340498295
18,0.006022730713718604
19,0.0001659373588829471
20,0.008842600833485988
21,0.00015990836164837084
22,0.00549837312123837
23,0.03653392762762763
24,0.00015223002846329685
25,0.03625257871385843
26,0.006318600361746907
27,0.006489214351385853
28,0.08909168640256959
29,0.006319515659087923
30,0.007608306012008217
31,0.018622731872356784
32,0.00015158993030376915
33,0.00015600944612681076
34,0.00016031747680948747
35,0.01145424685210312
36,0.005196065151589249
37,0.011414220542635347
38,0.03062161515544042
39,0.00015609571359288086
40,0.008848997028068245
41,0.07820096971153846
42,0.008318740279044926
43,0.018083690742814483
44,0.045379830929678185
45,0.005722407559534798
46,0.20580930625
47,0.04030300493421053
48,0.03402181604330708
49,0.027720890609348917
50,0.05359435908460472
51,0.006326197118554662
52,0.006150235242319063
53,0.051894337234042555
54,0.12833072784256563
55,0.010096412578550483
56,0.05441431588397791
57,0.0076223177600784914
58,0.036104491173570015
59,0.03950273788501026
60,0.006322214716708295
61,0.030668976344537822
62,0.032603416249999996
63,0.012531102191724703
64,0.02970554814658804
65,0.006323053560147408
66,0.005675847303047729
67,0.0629515060653188
68,0.007611116397849462
69,0.29107314720496896
70,0.006325497805684072
71,0.03384490051353875
72,0.09961729988532109
73,0.04570097047387606
74,0.050016592632241806
75,0.07552446998141264
76,0.03889161476906552
77,0.0668686185123967
78,0.022376265370506236
79,0.015136221466708545
80,0.006723780063987832
81,0.03797056882480958
82,0.011253825851609892
83,0.018661143058233704
84,0.05653763637026239
85,0.0138699033922029
86,0.05900206299852289
87,0.028000905060553638
88,0.007416356989282209
89,0.02436962582159624
90,0.006331133282384388
91,0.012649723624934522
92,0.041580582258064505
93,0.0060257231877327835
94,0.006972920603384211
95,0.04056544701576576
96,0.0171932188252058
97,0.014155493412017635
98,0.040550938824152546
99,0.02644017099921936
100,0.00573967066236239
