1,0.00015625407621419423
2,0.00015887284382650997
3,0.00015477817560205268
4,0.006838123255524876
5,0.00015196531354938985
6,0.006574006223353047
7,0.00015783735006689255
8,0.000155608966620538
9,0.008599712715599847
10,0.00015957694742368806
11,0.00016128154179154177
12,0.00014970410690035975
13,0.00016101956739209404
14,0.0001539765330095084
15,0.06465753215384615
16,0.0001568708700893527
17,0.01010875925498426
18,0.05814302109038739
19,0.00014800086448911833
20,0.00885275165562914
21,0.00016362199085529858
22,0.00015258371831486156
23,0.00880844978956999
24,0.03026257521777003
25,0.00016177741207438226
26,0.04353925491428571
27,0.008839749440879925
28,0.007616501320575677
29,0.00015248988907824563
30,0.009805180371070471
31,0.008470692461184282
32,0.006124660101010101
33,0.03068719436123348
34,0.010025186774193548
35,0.00867535213667508
36,0.0061007349473951086
37,0.022624630059084196
38,0.00015686894685358656
39,0.00629670710955711
40,0.006134211800325313
41,0.04550801211583924
42,0.0076378477017848695
43,0.04113837602663707
44,0.022660408487084872
45,0.10699559434889434
46,0.024089406059506536
47,0.00880533064958829
48,0.03677917794263107
49,0.008839053027254436
50,0.006490945985352862
51,0.01005414451054715
52,0.0125927502083876
53,0.00763585133280757
54,0.00760912879696874
55,0.007704598090192212
56,0.06885656666666666
57,0.03385569085422469
58,0.04399730849168647
59,0.0076914099271113935
60,0.02392445109540636
61,0.007610470554355652
62,0.011327967405582921
63,0.011324330213464696
64,0.011258664898577755
65,0.025375603444360333
66,0.01424252843252799
67,0.0076164799810546245
68,0.037492565825914946
69,0.008804186906951084
70,0.005046755372031662
71,0.006154449369024858
72,0.09215793755319149
73,0.007397624339228543
74,0.05040013713910761
75,0.012594971584006165
76,0.03736348537414966
77,0.03284434349816849
78,0.03261538342618385
79,0.02138737424778761
80,0.006141302766445691
81,0.031473157883082366
82,0.008837207902456914
83,0.006322972974750133
84,0.006336490166951492
85,0.0293311571366782
86,0.024172866906296483
87,0.1416935266561514
88,0.17592304254901958
89,0.020147165178571427
90,0.06478163213141026
91,0.008844296584649284
92,0.022662641702898553
93,0.03779569037656904
94,0.0066840505388814945
95,0.022679596426092994
96,0.005044828969716392
97,0.010088449817637762
98,0.03401439943714821
99,0.02949791989889706
100,0.05712707601683029
