1,0.00015651916249684604
2,0.00015756479715325834
3,0.00015827539731556983
4,0.00016124770408848535
5,0.0001541424207878609
6,0.00015768927908126594
7,0.00016593529849197566
8,0.00016742541667539099
9,0.0001594549296102153
10,0.006869689202657807
11,0.00015047279607001833
12,0.0067300562920875415
13,0.0001586580418516841
14,0.006536858268933539
15,0.00015026912823901448
16,0.0001605504624766329
17,0.006380027620887171
18,0.00015931356133339045
19,0.00015255917270962148
20,0.00015020254859144668
21,0.00015603202486470295
22,0.007417720827763489
23,0.00016609378323209373
24,0.005072536174625121
25,0.010124048289970626
26,0.00015290050217229133
27,0.006250365019556714
28,0.0101426499017038
29,0.006216987131020196
30,0.006153854783662812
31,0.000156455819204059
32,0.0001505884705161635
33,0.0001503161286920827
34,0.00016844759926585635
35,0.018355596953065864
36,0.006229649267565465
37,0.0001630143086946301
38,0.00015403889468487906
39,0.006431174724610424
40,0.006510590992622402
41,0.00016806637470973338
42,0.0074918837538411765
43,0.006234926185834958
44,0.00015224876377740787
45,0.005364782233088835
46,0.0001526278756033404
47,0.00016022149804829263
48,0.0073490387558236645
49,0.007474739592326138
50,0.006327508885959129
51,0.011422802541972097
52,0.00016248209391343506
53,0.006335112542842078
54,0.02254703394160584
55,0.019673794094993584
56,0.0353386368168744
57,0.018942008181894163
58,0.008927157797235024
59,0.0050735088387847994
60,0.013867782386689618
61,0.00016034971056224157
62,0.009348881381399443
63,0.00015842144160500986
64,0.02817044906199021
65,0.00884780202901212
66,0.007611641868183974
67,0.022802834114583333
68,0.015256449810844896
69,0.03291290678203929
70,0.013888458906605922
71,0.013978816536458334
72,0.008535942100516917
73,0.006326473782178219
74,0.017628005196052832
75,0.037762305733186334
76,0.04852809658385093
77,0.006446102714935795
78,0.007389303482080679
79,0.0925708369379015
80,0.019267275188716727
81,0.005758014284069982
82,0.010144614999999997
83,0.017343000385265973
84,0.00015943975416254328
85,0.008813976246575343
86,0.00015204513721836087
87,0.01010700120238934
88,0.012651621884816753
89,0.04282967563073394
90,0.02903773589634664
91,0.035491206952662724
92,0.010144219587628865
93,0.014858055565805658
94,0.010082218016321406
95,0.006307086235881273
96,0.018026091433670434
97,0.02158489664045747
98,0.005104482635069557
99,0.005880664643606021
100,0.006311432301931415
