1,0.0001548920244732344
2,0.00015535719445003817
3,0.00016464215730926354
4,0.00015392166436973173
5,0.0001522540019349109
6,0.0001564480827442081
7,0.00015977115721065545
8,0.0001592531585132226
9,0.00015492921027561937
10,0.00015885505874197316
11,0.00016005417330225592
12,0.00014771891386511008
13,0.0001579570306751288
14,0.00916571097537917
15,0.00015077830389683208
16,0.011316038184849928
17,0.026561167763157898
18,0.011323612150735296
19,0.00016251378985276266
20,0.01142491383450314
21,0.00014839618688336094
22,0.0001516238500493909
23,0.00014785328196477847
24,0.007626558868832731
25,0.05898831114369502
26,0.0001579851399779546
27,0.13396048634969326
28,0.058495503664495116
29,0.010087447681219969
30,0.020680979960578185
31,0.0063423164255654915
32,0.00016613450981832427
33,0.0702316877342419
34,0.00014760982994885976
35,0.07871214180633149
36,0.03542737884043608
37,0.01264242245807128
38,0.011245229377477267
39,0.024908130220197416
40,0.01012722796218487
41,0.0001539215376088423
42,0.048102807187112774
43,0.024054081365030674
44,0.05503178587412588
45,0.05034960654613466
46,0.059543939427312786
47,0.0076070506215813035
48,0.010211443050598363
49,0.00015395842403435558
50,0.030759192023172902
51,0.007614005646054087
52,0.1840061602
53,0.00015802171987018272
54,0.4386091115740742
55,0.019728126911220716
56,0.024068879071597167
57,0.022785261761205294
58,0.036345848446601936
59,0.2068876884615385
60,0.0076085915783646995
61,0.06439756262057877
62,0.09842612349537037
63,0.29256294565217394
64,0.10517678277108433
65,0.10093058217592593
66,0.11719540210526316
67,0.04008306735261402
68,0.03414408043902439
69,0.1227797107142857
70,0.48055757806122446
71,0.006369919645448889
72,0.01566732927184466
73,0.016896908685036627
74,0.00015090716330510724
75,0.10960550077319588
76,0.019246673468575975
77,0.005433560463956967
78,0.1608329854092527
79,0.06004253642433235
80,0.11757304112903223
81,0.01394515157287157
82,0.008852129897191115
83,0.04065391274403471
84,0.3449187259124088
85,0.010068470484443516
86,0.22655882722772275
87,0.033588720571428574
88,0.012666187831104117
89,0.027539035869565222
90,0.08644916352705412
91,0.040473047880434786
92,0.00885314009937431
93,0.02697872289879931
94,0.058805528008595995
95,0.006351339768671513
96,0.011299909173882516
97,0.015287194255050505
98,0.019218579821580824
99,0.14619139311475407
100,0.016386929905116907
