1,0.0001596042725546375
2,0.0001560737872854823
3,0.00015655937642841284
4,0.00016078265338990392
5,0.0001520256868171237
6,0.00761312868321214
7,0.00014798535133866102
8,0.00015199194296915312
9,0.00015878639564182492
10,0.00015251288171602524
11,0.00015500569286897104
12,0.00015028181403423972
13,0.0001544456853773904
14,0.00015156163627154612
15,0.00015371305465936494
16,0.0001631745584425248
17,0.000151127358189424
18,0.00015208050221448912
19,0.00015261307231744542
20,0.0001546819246472133
21,0.0001504479467256869
22,0.011993776564440273
23,0.00016367005061080836
24,0.00014983556913213158
25,0.00015937105081669694
26,0.007817786269597542
27,0.011227027114078239
28,0.00015220063544642607
29,0.000153594885213347
30,0.00015815871801721387
31,0.00015761634873824712
32,0.007851584851729819
33,0.00015929414314428905
34,0.0001539387779190996
35,0.00015397762761071374
36,0.00015591729153754215
37,0.00015786113851212495
38,0.00016174144295926228
39,0.0136454431674481
40,0.0001538110945980251
41,0.0001559899993304043
42,0.00015733172157600663
43,0.008530984973763806
44,0.00015374772777173554
45,0.007851821151027932
46,0.00016035051051090744
47,0.006185216454475308
48,0.00015544276742467393
49,0.01678565605406592
50,0.00016517230542003743
51,0.00015873301087706378
52,0.00015390983317744436
53,0.00015646992643847946
54,0.000150075626264466
55,0.00016485886894229611
56,0.00016414372376149331
57,0.0001554145966738958
58,0.007089056704631739
59,0.0069478162743282995
60,0.00015072105116875487
61,0.0001524990793877389
62,0.006828536267584921
63,0.00016268218880517843
64,0.00016286766293177048
65,0.0001597076915485423
66,0.008432111844431349
67,0.000155115378912606
68,0.0001509490112896694
69,0.005255932072997486
70,0.0001589911642115482
71,0.0001537983077542362
72,0.0001562839588174521
73,0.00015307713004711487
74,0.011008178183498724
75,0.01410541487591241
76,0.013176337153622064
77,0.05202349176788123
78,0.016702567927819323
79,0.00015656523056550864
80,0.0001578733579256149
81,0.00015271256392864746
82,0.0001601764726800201
83,0.010851709293656253
84,0.00015322543414299342
85,0.03668273548895899
86,0.00015813260100552867
87,0.007858360214787533
88,0.00014867948007428922
89,0.00956822692069393
90,0.00016007745070020004
91,0.00015327134090974262
92,0.00015950879033547924
93,0.00015399245356286577
94,0.00015708559605068153
95,0.007915949676884838
96,0.00015150928257002204
97,0.007436493117628802
98,0.00016478264114349478
99,0.0001601990566833196
100,0.00015954933968715274
