1,0.00015318570145761532
2,0.00015147876454016775
3,0.008833113881253437
4,0.00015720507502377858
5,0.00014766360939988396
6,0.00015443094645635716
7,0.00015172419667084533
8,0.00016338740214127978
9,0.01377320923974943
10,0.0001513793184993237
11,0.00016071587890498974
12,0.00015557556628644344
13,0.00015267567735257156
14,0.006874855339295108
15,0.00015997420746818484
16,0.0063990452732644015
17,0.00015886016668933836
18,0.007669346056705231
19,0.0001646991080420509
20,0.00015133231091535884
21,0.00015219299436443326
22,0.0001479108508860172
23,0.00015981941197905873
24,0.007009306003177483
25,0.0001527307915302513
26,0.00016011459826417468
27,0.0001567667856816043
28,0.017663141018619932
29,0.0001563353942982871
30,0.006321544900644822
31,0.00015105872654353825
32,0.000152006162979414
33,0.0001578001736819252
34,0.00016037489437714582
35,0.0001522617570171047
36,0.00015449266702609866
37,0.0001507564670051401
38,0.00015735437605668084
39,0.006318750709872486
40,0.00015136611569335236
41,0.00015126294989805848
42,0.005059822558139534
43,0.000154540526720455
44,0.00015360725012167716
45,0.00015720374997405936
46,0.00016191747237532703
47,0.00016428481597283647
48,0.0001573239618850519
49,0.00015472855907376322
50,0.00015035529983441095
51,0.00015672778909987703
52,0.007973918024824608
53,0.00016076349973934335
54,0.00016020787383948343
55,0.00015487221676783056
56,0.00014938361914447338
57,0.0001539046713454066
58,0.027835985443037975
59,0.0001506399235874541
60,0.00015583664668214947
61,0.00016013676867168312
62,0.008844271497447532
63,0.00015619452350895273
64,0.00015566065917576143
65,0.00015733860647993228
66,0.00016356954287237132
67,0.0001642474718045431
68,0.00015206658204389384
69,0.006107409856384026
70,0.0001503671650723595
71,0.00016021730434047772
72,0.00016165938386828043
73,0.00015141187160326084
74,0.00016022445346921372
75,0.00015477072100780734
76,0.00015739537493604443
77,0.00014849412682412422
78,0.00015322310324137315
79,0.0001610651741987228
80,0.00015065644414965517
81,0.00015009505834294218
82,0.008979975152985861
83,0.006531594375830015
84,0.00015631738115698607
85,0.00015638484981406796
86,0.00014851965697645415
87,0.00015355360379671265
88,0.0001574913227977573
89,0.00016529677962396152
90,0.006324897566429886
91,0.00016015922013585317
92,0.005056483858308375
93,0.00015472577312570046
94,0.000162511663596372
95,0.0001586628581564011
96,0.00015692924935783238
97,0.00015135632419911442
98,0.005055679762156448
99,0.00015379685652290205
100,0.023349644926470587
