1,0.0001576725786747459
2,0.00015840743041109457
3,0.00015216615941276271
4,0.0001532014617516414
5,0.00016236286235752267
6,0.00015283661330962859
7,0.01586056076742365
8,0.00015168101064443764
9,0.00604604807524957
10,0.00015038117576272978
11,0.007611098797087685
12,0.012587286116176091
13,0.00016117309245088887
14,0.00016473271819217103
15,0.00015485210143862652
16,0.00015704624656310033
17,0.0001567457148363116
18,0.00015869281150159744
19,0.00016191989312343136
20,0.0001607425171820438
21,0.0001562334132404454
22,0.0001578553606814197
23,0.00016008534979793744
24,0.00015655839748039596
25,0.00016276524429601773
26,0.0001644134541761075
27,0.03406925272140221
28,0.00015209849311150156
29,0.00015524885749260432
30,0.048908383015267176
31,0.005053317823976361
32,0.0001585126971044641
33,0.013862352770208902
34,0.0076110348609431675
35,0.007617423553323647
36,0.00015026931726227442
37,0.00016589155245227513
38,0.009931093121275937
39,0.051428423694779124
40,0.00015676145594391435
41,0.0001537866730462948
42,0.00015942833573166586
43,0.00015649359177137627
44,0.00015557060714449725
45,0.00015990153891994285
46,0.0001596540762628583
47,0.00015792810480577606
48,0.00016405385828342236
49,0.009924804200454104
50,0.007614816234587417
51,0.00016078352913459197
52,0.0001532489627362851
53,0.036239789122137406
54,0.00015361751741649844
55,0.006134437616423043
56,0.00016035819066631253
57,0.00016269844416573714
58,0.01803790766961652
59,0.0001596847750275316
60,0.00015079455739721488
61,0.005876407887606033
62,0.00015377153277693333
63,0.00015249702908236016
64,0.00015285277768994847
65,0.00016004503226080765
66,0.00015984197860406066
67,0.00015039497774048836
68,0.005063479488797047
69,0.007609204147574656
70,0.0076213921556223295
71,0.00016663951606735636
72,0.035120769958202715
73,0.008835101173450677
74,0.00015077613567919583
75,0.006282489274162247
76,0.010110368
77,0.00015544680347397575
78,0.00015336182837362268
79,0.007615272059572567
80,0.0001653131409890509
81,0.00016604922580964316
82,0.0001623860573680589
83,0.0001569602887128059
84,0.008124458066080717
85,0.00016155168504242368
86,0.0001591460785717139
87,0.00016731312976197505
88,0.00015415673521028002
89,0.008839411743674367
90,0.00015741493412905707
91,0.0001525986142464574
92,0.006319467844453218
93,0.00015727501007297738
94,0.00016299304373702177
95,0.00015394388431350429
96,0.006322107984465509
97,0.008843718595744681
98,0.0001549338949684381
99,0.00015754220839460362
100,0.0001546723650931557
