1,0.00015788456966600394
2,0.0001656274939946427
3,0.00015323868755792768
4,0.006065435591519257
5,0.00016617707588752908
6,0.000152224607730301
7,0.00016343693174828805
8,0.0001598056751386013
9,0.0001627866231194512
10,0.00016125892340605042
11,0.00015636906384208785
12,0.0001557341294547016
13,0.006034212906069001
14,0.00015422167759146095
15,0.00015693626663286465
16,0.00015886185267869585
17,0.00016421752409722293
18,0.00016232650811286175
19,0.00015838503675708068
20,0.0001601982948632112
21,0.0001616420128626487
22,0.00016740179455769494
23,0.00016157485588391755
24,0.00015581734033786568
25,0.00015821553165694697
26,0.00015422159396496054
27,0.00015752896781844758
28,0.00016150284066672352
29,0.006877196490963856
30,0.00015881530847045638
31,0.00016178495615924113
32,0.00015648037286326977
33,0.00015552454185168343
34,0.00015517745978785758
35,0.0001508146962995979
36,0.0001603272896794042
37,0.006527238314070784
38,0.006436217929927415
39,0.00015513797584689056
40,0.00015643564790344182
41,0.00016207271192038864
42,0.00015323598585663132
43,0.0001594360859392248
44,0.00015351589150055356
45,0.0001557144739224333
46,0.00015553940665113486
47,0.006304827843379257
48,0.006449793853866226
49,0.00609284809848642
50,0.006324307252660622
51,0.00016083890828052504
52,0.006297528441933789
53,0.00015892119602946644
54,0.0001621473082214882
55,0.0061872466433385166
56,0.0001535222900829247
57,0.006063658779820102
58,0.0001559819812079265
59,0.0001609673478173473
60,0.008835498303997066
61,0.00016186035424964557
62,0.0001590200077026262
63,0.00015987995795117076
64,0.006102138403958385
65,0.0001662799563114799
66,0.00015419173351137238
67,0.000150705677986099
68,0.007613172912055954
69,0.0001597512408172402
70,0.00015913215494071142
71,0.006133920558895001
72,0.0063073172443331585
73,0.0001614724516402489
74,0.00016105298273521112
75,0.0001598018778596111
76,0.00015753703362047012
77,0.006302134478906559
78,0.0001628273734552628
79,0.0001555890474066326
80,0.00016593021905494376
81,0.005232827704527403
82,0.00015455215990942313
83,0.00015420354135268875
84,0.00015718857972859136
85,0.0001605664487220604
86,0.00015402486502052846
87,0.00016046088194990527
88,0.00015799807526384338
89,0.00016625084967410945
90,0.006850025627536451
91,0.000159223041177037
92,0.0001625867409544319
93,0.006611977966685021
94,0.00662081975283071
95,0.006499870421295043
96,0.00015766590867301037
97,0.00015083056309671188
98,0.00015747190686304707
99,0.00015364401418144569
100,0.0001537099089492117
