1,0.00015730424620681124
2,0.00015215358067403336
3,0.0001497691855968588
4,0.000155889700724676
5,0.0001598377992549518
6,0.00015601880530631784
7,0.00015379773875074244
8,0.00015938418691038516
9,0.0001507176309135601
10,0.006317856715338069
11,0.006141890763439965
12,0.007640331450466109
13,0.00016065053981530978
14,0.006231366094866796
15,0.00605921508970263
16,0.007477901768978445
17,0.0060786630401027135
18,0.010097374126020516
19,0.0001607590816924029
20,0.007608958613861387
21,0.0001616862311289869
22,0.006326170411517223
23,0.0001582355498317914
24,0.00015047716737850558
25,0.006865074857271634
26,0.010469170070026977
27,0.006200810327783558
28,0.00016329802957093818
29,0.006173733491547465
30,0.0001568027206353006
31,0.0001558499499839818
32,0.005925602831318089
33,0.006375197768802966
34,0.00016222236828187874
35,0.007613006960227272
36,0.006323038096176586
37,0.007612449123084214
38,0.008842497513305195
39,0.012597731535648997
40,0.007613088925278991
41,0.008831211577211943
42,0.00015468705105586738
43,0.0065960586901427235
44,0.0063234037818995
45,0.005967580587028944
46,0.0050797931517715484
47,0.005103872973416476
48,0.00015752285680834782
49,0.006042630356563412
50,0.005829185161692411
51,0.0076259172367379256
52,0.005057199222797927
53,0.007609506156156156
54,0.005857199101576409
55,0.00631861733298264
56,0.006115314950862184
57,0.005359755207172806
58,0.00632614179163378
59,0.007616513216937905
60,0.007576566296995437
61,0.006321968372184905
62,0.007623070933135645
63,0.00015546269127351473
64,0.006193928737864078
65,0.006242524206608332
66,0.0001479887102706074
67,0.00015615651082095307
68,0.0001599879350665381
69,0.01178576872967745
70,0.010099636344581848
71,0.007612692726267574
72,0.00015439371653395908
73,0.007618300712560385
74,0.006326333269636268
75,0.00015488710999115768
76,0.008853772777619997
77,0.00014939715920703043
78,0.00616186934754522
79,0.006309415189623386
80,0.00015277934821550214
81,0.006898503554868624
82,0.00826092344666043
83,0.005071032599025629
84,0.00033139192126100276
85,0.007007599737079328
86,0.00016262759900860125
87,0.00948892514292248
88,0.0076123541745580815
89,0.006136289141641964
90,0.0001548455819015067
91,0.006030501515151515
92,0.006236513564524556
93,0.0050615729283226005
94,0.007512911696178938
95,0.007615536509314808
96,0.0001478398638595732
97,0.000160996518401293
98,0.006325320221023549
99,0.006193998351576753
100,0.00016388743467448693
