1,0.0001543420661297677
2,0.00014978740088641211
3,0.005772458678256315
4,0.00015256014629349253
5,0.00015396153235168326
6,0.006202862176401717
7,0.00015606896573962112
8,0.00016108450910127243
9,0.00015722355495406825
10,0.006317435712877145
11,0.005048235650981219
12,0.006156925168088958
13,0.00015495951780139327
14,0.005974197056917525
15,0.0001506572777403288
16,0.005059287049651831
17,0.006312155161544523
18,0.0001481465453623938
19,0.0001524373968684082
20,0.00682188556922522
21,0.006573841414348063
22,0.007308607970529137
23,0.005938153503718403
24,0.0076154004455213364
25,0.00015482713059117499
26,0.00015480885239160049
27,0.0001519172107047302
28,0.006045995396923075
29,0.00015449682120359084
30,0.00015515507330941008
31,0.0062085097367049
32,0.005057209928065164
33,0.006320974104791995
34,0.011346255726716839
35,0.006173928296774192
36,0.00015278188431494232
37,0.006179135249612001
38,0.006326062565754866
39,0.00015238189394851422
40,0.00015977455652472667
41,0.006326124884883567
42,0.0063201887990002635
43,0.008838916189689966
44,0.005718951206546731
45,0.006322244198895027
46,0.006235514249313995
47,0.006419856871725249
48,0.006412114010664208
49,0.01814570940077139
50,0.00015225018773645286
51,0.00015358953992681017
52,0.00015482116626564315
53,0.007508872856700714
54,0.006172752807669731
55,0.0125937755086072
56,0.0063208482627007114
57,0.006496080760342297
58,0.008832781677360221
59,0.006150210872085534
60,0.007545742374048744
61,0.007612316010747589
62,0.0073720969950051025
63,0.006311326290894759
64,0.005073922222222222
65,0.006321597311933833
66,0.005956321922440491
67,0.0063116603064982905
68,0.011876686799248396
69,0.007830304688473943
70,0.006350329523558138
71,0.0050540953816954875
72,0.006053273637349334
73,0.006398757670396744
74,0.0076506771109030956
75,0.010095813500656166
76,0.006321961951797709
77,0.006099929838459897
78,0.008853014583716227
79,0.006072318657086223
80,0.00624095510420687
81,0.01008716044588654
82,0.006219718640865259
83,0.0074005984934997935
84,0.0063257762937062945
85,0.010089781672597867
86,0.006566248350817959
87,0.006327917850019944
88,0.006166033185099253
89,0.005059002111111112
90,0.008839193698551177
91,0.0059797187159956475
92,0.005063478742736398
93,0.012506784092674087
94,0.010099675895663105
95,0.0063211315578087955
96,0.005060679940815896
97,0.006351223740912095
98,0.006335051669526197
99,0.008671203496503495
100,0.016397662139708374
