1,33.145748
2,61.20761
3,83.349495
4,99.861371
5,123.037941
6,146.435339
7,167.552464
8,185.508106
9,208.784133
10,229.506209
11,254.44071899999997
12,273.940022
13,296.862869
14,317.116745
15,338.302734
16,361.322198
17,382.262678
18,402.740391
19,424.669411
20,445.768942
21,471.12308
22,491.845091
23,511.350648
24,534.239543
25,554.499235
26,577.644175
27,600.128345
28,623.088251
29,645.422676
30,665.460476
31,689.545889
32,711.316656
33,732.398776
34,752.989995
35,777.324019
36,798.176354
37,819.892186
38,841.842533
39,866.155286
40,885.459962
41,907.803628
42,931.666524
43,951.38795
44,972.942881
45,992.810046
46,1017.0914600000001
47,1041.529871
48,1061.318391
49,1083.995825
50,1106.850756
51,1131.571019
52,1145.494191
53,1174.461248
54,1190.152137
55,1216.674553
56,1240.472328
57,1263.542256
58,1280.50324
59,1304.931621
60,1327.247677
61,1349.481569
62,1368.090184
63,1397.798806
64,1419.010263
65,1432.347776
66,1460.442574
67,1485.635132
68,1505.601747
69,1526.726611
70,1551.805187
71,1570.681596
72,1599.928952
73,1601.037177
74,1636.615066
75,1657.835484
76,1685.046516
77,1706.240936
78,1726.588324
79,1743.907775
80,1770.695512
81,1795.971513
82,1817.884211
83,1841.4076
84,1856.816997
85,1884.804103
86,1907.492796
87,1927.715458
88,1953.629232
89,1964.038696
90,1998.704684
91,2014.2356170000003
92,2031.650679
93,2059.444121
94,2080.377694
95,2102.924485
96,2131.034625
97,2150.017552
98,2177.467176
99,2192.221561
100,2222.247675
101,2232.659355
102,2267.739182
103,2277.531732
104,2307.08193
105,2324.189474
106,2344.82186
107,2378.651466
108,2394.610919
109,2423.366437
110,2440.278251
111,2460.436775
112,2482.605895
113,2514.748531
114,2528.499409
115,2548.394003
116,2572.706663
117,2593.428758
118,2610.384467
119,2648.170504
120,2657.807536
121,2676.55714
122,2714.708706
123,2726.233976
124,2750.671836
125,2780.774415
126,2802.046357
127,2806.010975
128,2843.276685
