1,28.838898
2,33.824463
3,38.295976
4,46.429587
5,50.695462
6,55.595103
7,61.442779
8,67.954812
9,71.602846
10,84.707815
11,90.095413
12,98.523455
13,103.428156
14,118.254711
15,123.592413
16,130.548884
17,135.765783
18,140.250781
19,152.218864
20,158.734201
21,164.198198
22,169.647692
23,176.358005
24,181.494946
25,186.562034
26,190.961875
27,204.351071
28,212.743469
29,223.653248
30,231.351017
31,238.193523
32,241.983648
33,247.415719
34,254.39017600000003
35,258.673813
36,263.880602
37,269.386793
38,280.528487
39,288.493393
40,302.7669
41,308.462942
42,314.482494
43,319.71318
44,325.611882
45,330.552046
46,337.021998
47,350.528066
48,357.339822
49,362.641146
50,367.559945
51,372.941031
52,378.330992
53,390.285406
54,398.844339
55,404.240448
56,409.769991
57,424.406333
58,430.74351
59,434.17506
60,442.16007
61,448.246933
62,451.650174
63,457.965046
64,463.207319
65,470.131149
66,491.478622
67,496.317553
68,501.88415900000007
69,506.795075
70,511.85577699999993
71,518.646522
72,523.712785
73,529.454771
74,535.741781
75,540.83547
76,555.937596
77,560.055037
78,567.690182
79,578.932166
80,585.973884
81,592.394076
82,597.385785
83,603.347032
84,609.321445
85,618.306593
86,629.127056
87,633.596068
88,639.32368
89,646.360308
90,655.382293
91,662.745998
92,672.831912
93,682.613662
94,692.117255
95,701.776421
96,707.491117
97,715.175772
98,719.932665
99,720.776055
100,728.198739
101,732.008141
102,741.504637
103,749.640954
104,761.911653
105,768.14458
106,781.311641
107,783.21283
108,789.25178
109,796.500558
110,801.249796
111,809.803317
112,820.528982
113,824.558078
114,831.892977
115,841.072313
116,846.666746
117,850.75409
118,854.892157
119,869.87829
120,881.027314
121,889.701443
122,898.787186
123,907.250624
124,914.280654
125,915.597836
126,920.248395
127,927.814475
128,935.081148
