1,23.60195
2,25.074603
3,31.392389
4,34.271546
5,39.975686
6,42.768148
7,48.376038
8,52.492521
9,54.100365
10,60.386948
11,63.317631
12,71.122544
13,72.954439
14,79.109939
15,81.700908
16,94.259813
17,100.571174
18,103.447555
19,113.769205
20,115.784175
21,122.294275
22,124.812676
23,128.88478
24,134.234991
25,136.272505
26,142.920746
27,145.592849
28,151.002812
29,153.536579
30,156.789484
31,171.063889
32,174.299669
33,180.052418
34,183.229731
35,188.99904
36,192.194376
37,197.733617
38,204.154687
39,207.843695
40,213.074413
41,216.033505
42,222.213355
43,224.904698
44,229.669564
45,234.210623
46,246.133002
47,251.18367899999998
48,253.80635
49,260.05436
50,263.387359
51,268.752776
52,272.973109
53,276.293528
54,280.617448
55,284.414927
56,288.772349
57,295.830115
58,301.789048
59,305.169814
60,310.793397
61,322.282443
62,326.939194
63,332.653542
64,335.679755
65,341.112213
66,345.532726
67,348.820954
68,353.588444
69,357.841847
70,361.15896
71,365.208513
72,370.218569
73,373.933486
74,378.669371
75,384.194698
76,399.253942
77,402.210195
78,407.039017
79,412.541513
80,415.625246
81,421.940537
82,423.801196
83,429.58913
84,433.581172
85,437.674313
86,441.07579
87,444.655171
88,449.622248
89,452.359299
90,459.174674
91,471.049426
92,474.516689
93,480.411788
94,487.67544
95,492.519911
96,495.475529
97,500.7356040000001
98,504.2155460000001
99,510.084917
100,514.112181
101,516.646743
102,524.009677
103,526.612562
104,530.726862
105,534.814737
106,546.169275
107,549.937463
108,554.882562
109,561.330278
110,563.721796
111,569.305028
112,573.975677
113,579.628565
114,584.785057
115,590.92478
116,596.279542
117,598.275925
118,601.868646
119,608.392183
120,613.683874
121,623.471247
122,628.522357
123,633.822021
124,638.534408
125,642.831521
126,646.850347
127,649.975064
128,655.943642
