1,36.42649
2,36.351203
3,35.219538
4,37.532919
5,37.761523
6,38.160271
7,38.467021
8,41.763777
9,42.516007
10,43.274463
11,45.175191
12,48.277983
13,49.093203
14,49.784309
15,50.799905
16,64.807946
17,66.40284
18,67.61623
19,69.944549
20,70.896682
21,72.753052
22,73.287937
23,75.272452
24,76.297484
25,76.820356
26,77.63067
27,79.474512
28,80.351089
29,81.554961
30,83.096569
31,98.650363
32,100.256556
33,101.114511
34,102.807279
35,103.727087
36,105.084894
37,105.951634
38,107.981113
39,109.332307
40,110.874892
41,113.747367
42,115.648145
43,116.074971
44,117.514623
45,118.565593
46,130.988651
47,133.571762
48,135.089648
49,136.689022
50,138.234825
51,139.891912
52,143.402085
53,143.669709
54,145.768709
55,146.653895
56,148.215063
57,149.336274
58,150.623754
59,152.089705
60,154.1155
61,177.481446
62,180.3128
63,180.829502
64,182.641339
65,183.946345
66,184.457737
67,186.874081
68,188.387479
69,189.731709
70,190.75531
71,193.911967
72,193.760112
73,195.38094
74,197.453029
75,198.411812
76,209.981551
77,212.498493
78,214.175904
79,215.340848
80,217.438624
81,219.961436
82,222.180954
83,223.559309
84,225.007083
85,227.1946
86,229.338086
87,231.168687
88,231.401766
89,233.115014
90,235.480949
91,247.16047
92,250.01511799999997
93,251.606184
94,254.429117
95,255.747094
96,255.914176
97,256.958155
98,259.10435
99,260.974219
100,261.862606
101,264.162742
102,264.547277
103,265.899936
104,266.994178
105,269.631149
106,281.581817
107,281.112381
108,283.404589
109,285.225509
110,286.396238
111,288.487618
112,289.188248
113,291.482519
114,293.017495
115,293.603252
116,296.493426
117,296.729399
118,298.549778
119,300.551215
120,305.043468
121,319.8152
122,324.476866
123,325.127559
124,328.550715
125,330.149778
126,331.922414
127,334.660516
128,337.585947
