1,35.514459
2,35.73785
3,35.57173
4,37.972538
5,38.890549
6,39.913928
7,42.238426
8,45.93808
9,47.042141
10,47.963628
11,48.796052
12,52.831895
13,56.343414
14,59.054758
15,60.170081
16,72.279968
17,73.593813
18,74.944927
19,78.505555
20,80.052896
21,80.993047
22,81.971328
23,96.10873
24,97.297488
25,100.633597
26,102.181152
27,105.314267
28,106.516471
29,107.788387
30,109.277712
31,124.247481
32,126.329199
33,127.91888000000002
34,129.779655
35,130.897359
36,133.017453
37,136.274623
38,138.477244
39,140.013335
40,142.062481
41,143.038455
42,144.887522
43,146.853863
44,147.91431
45,150.049181
46,172.521311
47,174.288537
48,176.172809
49,179.793864
50,182.137184
51,183.607407
52,184.621746
53,186.835586
54,188.403102
55,190.572516
56,191.178313
57,194.226833
58,195.897456
59,196.516551
60,199.513812
61,214.443295
62,216.381718
63,218.307499
64,220.079864
65,221.633494
66,223.672754
67,225.914085
68,238.117288
69,239.960542
70,241.340655
71,242.995913
72,245.499465
73,248.462441
74,252.71450300000004
75,252.380404
76,262.703626
77,265.175408
78,266.612297
79,269.434196
80,271.27852
81,272.59291
82,273.630401
83,275.112482
84,276.999451
85,279.505232
86,282.094855
87,283.973718
88,285.474656
89,286.95764
90,289.880287
91,313.793306
92,315.843703
93,318.264126
94,320.952017
95,322.522554
96,323.323319
97,326.495595
98,328.205508
99,330.14912
100,331.625881
101,333.504721
102,336.1898
103,337.558603
104,339.541028
105,341.361268
106,351.77811
107,353.476131
108,356.168278
109,359.086558
110,361.247467
111,362.421854
112,364.780754
113,377.421918
114,378.977549
115,380.397694
116,382.737908
117,384.346369
118,386.517604
119,388.779035
120,391.219554
121,403.194845
122,405.827915
123,408.265563
124,409.801535
125,412.745177
126,414.712078
127,416.360895
128,418.08117
