1,38.322483
2,45.366244
3,55.939541
4,79.686332
5,89.883154
6,93.858363
7,109.53679
8,126.12061499999999
9,132.709084
10,140.27408
11,158.34283
12,180.563971
13,187.304241
14,202.100997
15,215.848579
16,226.29824
17,234.844603
18,251.58554100000003
19,262.005071
20,272.07495
21,283.990945
22,297.314051
23,317.450978
24,325.76021
25,343.538923
26,352.195651
27,361.09492
28,373.537401
29,385.658977
30,397.17813
31,404.378134
32,421.913722
33,433.531965
34,450.109052
35,468.701512
36,481.219132
37,489.132768
38,495.485729
39,508.94677499999995
40,524.120952
41,531.403979
42,549.066706
43,558.840969
44,568.881093
45,577.222436
46,607.264684
47,619.189053
48,620.561655
49,638.879382
50,653.564602
51,653.617749
52,664.325296
53,683.12095
54,695.136422
55,700.966214
56,719.312546
57,742.106403
58,749.380589
59,760.396248
60,778.909169
61,790.430008
62,792.884641
63,811.787195
64,815.993844
65,832.073656
66,845.736435
67,857.520831
68,876.739802
69,889.998911
70,903.755395
71,915.346373
72,922.756975
73,927.870042
74,946.236773
75,956.419295
76,962.972394
77,989.429767
78,998.013234
79,1015.045604
80,1030.552903
81,1037.65301
82,1051.759708
83,1054.353747
84,1068.113684
85,1083.044972
86,1085.386296
87,1111.809496
88,1123.84552
89,1132.806109
90,1139.278154
91,1168.081621
92,1179.795596
93,1187.287925
94,1201.318887
95,1216.843534
96,1220.404845
97,1235.246051
98,1235.80891
99,1247.894344
100,1267.281731
101,1281.062105
102,1302.537229
103,1315.107157
104,1317.537604
105,1336.549893
106,1339.312292
107,1356.393475
108,1366.950007
109,1381.49613
110,1396.170194
111,1406.064889
112,1423.537999
113,1437.914229
114,1446.421926
115,1453.06052
116,1470.709024
117,1486.167614
118,1484.695331
119,1513.850719
120,1509.800029
121,1530.745586
122,1544.653441
123,1552.080151
124,1569.665471
125,1582.808622
126,1599.514122
127,1608.90678
128,1613.72757
