1,27.939833
2,39.738653
3,49.312692
4,60.744395
5,73.307996
6,85.494248
7,107.159451
8,119.734115
9,129.975028
10,139.274859
11,151.944018
12,161.899525
13,182.894182
14,195.179655
15,206.351186
16,217.760784
17,227.260229
18,238.127913
19,257.147365
20,269.793927
21,282.505234
22,293.831688
23,302.274664
24,312.644105
25,324.798602
26,346.932045
27,357.429708
28,367.901496
29,377.198884
30,387.759679
31,401.070694
32,422.496135
33,432.539844
34,442.915065
35,453.008173
36,468.026696
37,476.618027
38,495.818238
39,506.301909
40,520.09222
41,529.549846
42,539.693748
43,554.433308
44,571.036608
45,583.531241
46,594.328859
47,605.379806
48,615.376554
49,625.970888
50,639.064952
51,657.50228
52,671.074412
53,679.5064
54,688.871677
55,700.621209
56,714.777809
57,734.357291
58,745.818035
59,755.162449
60,769.069924
61,779.165013
62,791.144504
63,809.693366
64,821.264099
65,830.16132
66,843.758796
67,852.459217
68,864.945855
69,882.657792
70,898.089987
71,906.183181
72,918.21191
73,928.761202
74,944.178372
75,956.631573
76,973.225596
77,983.414503
78,994.067573
79,1006.8639740000001
80,1019.2194290000001
81,1030.179832
82,1048.470553
83,1059.235692
84,1066.721964
85,1078.646188
86,1096.062616
87,1104.287052
88,1121.30466
89,1135.734176
90,1144.83785
91,1154.99777
92,1167.631488
93,1179.567145
94,1198.315151
95,1209.966838
96,1220.411524
97,1232.135953
98,1242.993444
99,1254.835848
100,1271.720707
101,1286.16589
102,1294.478895
103,1308.30893
104,1322.57843
105,1330.27161
106,1346.675105
107,1361.837839
108,1370.992277
109,1386.880687
110,1393.148021
111,1414.435027
112,1421.197366
113,1434.765876
114,1447.883337
115,1459.023514
116,1470.156813
117,1485.324409
118,1495.242417
119,1508.897771
120,1523.664607
121,1539.940558
122,1546.188025
123,1557.083469
124,1573.95374
125,1584.756229
126,1602.157
127,1612.157375
128,1623.055458
