1,28.038809
2,30.439845
3,33.565306
4,38.971941
5,42.66176
6,46.490694
7,48.635267
8,54.669608
9,58.345283
10,62.430589
11,64.900567
12,71.66929
13,74.422123
14,78.598147
15,83.491735
16,95.148056
17,100.133979
18,103.086787
19,116.817067
20,120.446484
21,124.564649
22,128.03709
23,136.419187
24,139.192723
25,141.796304
26,144.199293
27,150.631933
28,153.543096
29,156.482501
30,159.939253
31,173.079217
32,176.481004
33,179.934317
34,184.694357
35,187.421155
36,191.550271
37,194.947811
38,206.225194
39,210.931671
40,215.497338
41,219.764536
42,224.267972
43,227.842713
44,231.521565
45,235.723565
46,247.80624
47,251.936132
48,255.50316800000002
49,260.722227
50,263.633491
51,266.168889
52,269.244895
53,274.129256
54,278.489508
55,280.910996
56,284.750136
57,296.413331
58,301.027555
59,304.881809
60,310.711322
61,322.133319
62,326.46903
63,329.119176
64,334.895682
65,338.673324
66,341.597069
67,343.812122
68,349.906373
69,352.620775
70,356.150989
71,361.148472
72,365.16162
73,367.096714
74,371.436773
75,378.48542
76,393.825546
77,401.099855
78,404.410835
79,408.986584
80,412.918213
81,415.633796
82,419.626092
83,424.044383
84,428.056182
85,431.194444
86,434.578345
87,439.663377
88,443.890408
89,446.291088
90,452.366505
91,463.236081
92,465.745865
93,470.459021
94,483.446719
95,487.522799
96,491.895782
97,495.629281
98,501.25176999999996
99,503.348071
100,507.10442099999995
101,509.749431
102,515.100838
103,519.264413
104,522.43825
105,528.101449
106,537.254631
107,541.856662
108,545.544469
109,551.216375
110,553.783405
111,556.957238
112,561.322239
113,573.571052
114,578.470408
115,581.915276
116,587.77447
117,589.657289
118,595.677328
119,598.589647
120,607.883751
121,614.210409
122,618.737094
123,622.489642
124,626.660918
125,628.897769
126,633.249098
127,637.463866
128,641.502701
