1,34.265001
2,36.724632
3,40.556104
4,50.03935
5,54.876971
6,62.65859999999999
7,71.570303
8,82.561074
9,86.626348
10,91.094808
11,103.386817
12,110.014576
13,114.275295
14,123.222812
15,127.978764
16,151.279821
17,160.820721
18,165.256151
19,170.113818
20,175.866136
21,187.226984
22,191.27792
23,201.171597
24,209.480374
25,213.994521
26,221.759615
27,231.204997
28,236.163701
29,240.124397
30,244.863858
31,269.850288
32,275.854636
33,281.587164
34,290.106502
35,295.044664
36,303.249357
37,311.041983
38,320.005444
39,324.924351
40,331.492964
41,341.802776
42,347.675881
43,352.451854
44,359.719017
45,365.483662
46,387.351486
47,394.450187
48,402.018808
49,406.400384
50,411.77177
51,422.718981
52,426.95453
53,436.747241
54,444.010384
55,449.016186
56,458.97727
57,467.805096
58,471.756152
59,476.056461
60,483.270514
61,507.085757
62,512.00924
63,518.199794
64,525.972314
65,531.321354
66,539.69392
67,547.246602
68,556.002096
69,560.794382
70,569.146708
71,579.087808
72,583.68575
73,589.416964
74,596.563761
75,602.935389
76,623.546706
77,630.96588
78,635.986718
79,642.242093
80,650.358969
81,660.121815
82,664.5587
83,673.902601
84,682.743856
85,686.703108
86,698.134048
87,702.263891
88,709.132988
89,716.189074
90,723.382809
91,742.886528
92,748.158663
93,755.261676
94,761.31426
95,770.995656
96,778.46411
97,786.677594
98,791.923794
99,797.361344
100,806.563642
101,814.909572
102,819.808488
103,828.160312
104,834.140913
105,845.520173
106,860.240994
107,868.628684
108,876.135872
109,880.408325
110,886.507257
111,898.888288
112,904.681076
113,912.386246
114,922.031079
115,928.206271
116,932.59047
117,943.718515
118,950.016622
119,955.723005
120,965.861277
121,981.801299
122,988.005743
123,996.62233
124,1003.6234939999999
125,1005.636714
126,1015.8821010000001
127,1026.701025
128,1032.996435
