1,35.5995
2,36.414341
3,36.88678
4,38.214101
5,41.372657
6,42.759459
7,44.878551
8,47.911213
9,51.994226
10,55.067566
11,56.833315
12,59.796392
13,62.319309
14,65.692109
15,68.18679
16,72.431052
17,74.08866
18,78.273162
19,82.416952
20,84.547229
21,86.031073
22,89.424893
23,109.510577
24,112.76876
25,115.741137
26,120.487921
27,125.909236
28,127.364681
29,131.226694
30,131.712364
31,141.2147
32,140.544946
33,144.802346
34,149.679395
35,153.189604
36,153.737413
37,155.619786
38,158.277842
39,160.902218
40,163.028514
41,164.856794
42,167.439026
43,170.197841
44,171.957576
45,175.18061
46,193.538429
47,198.026191
48,201.217954
49,202.827785
50,206.123719
51,211.333193
52,212.039972
53,216.48366
54,219.993347
55,223.782868
56,227.502965
57,229.796936
58,231.225486
59,233.672235
60,235.339663
61,244.305518
62,246.190484
63,249.081711
64,250.33455300000003
65,253.2723
66,255.68405500000003
67,260.319081
68,277.758834
69,281.558393
70,282.940388
71,287.511409
72,296.15193
73,299.146989
74,297.335023
75,302.633207
76,301.391328
77,306.698697
78,312.902012
79,319.146135
80,316.417807
81,322.884114
82,322.256608
83,326.226214
84,328.177501
85,330.33061
86,332.183528
87,345.023939
88,339.837176
89,348.391115
90,344.42255
91,366.383869
92,374.543279
93,381.87498
94,382.582454
95,391.959452
96,389.976736
97,396.12143
98,401.08782
99,408.639684
100,394.542568
101,409.475917
102,407.132348
103,416.854709
104,409.91258
105,423.051306
106,425.768847
107,434.891862
108,420.527123
109,432.065899
110,428.166657
111,435.799177
112,446.609208
113,465.530407
114,459.138138
115,459.902811
116,471.049094
117,471.673856
118,481.902103
119,482.674544
120,488.483451
121,495.985186
122,501.142803
123,515.280891
124,509.12586500000003
125,521.233636
126,516.612896
127,519.5477
128,510.88062499999995
