1,0.0001384649932039087
2,0.0001393252563646362
3,0.00013268809930042325
4,0.00013264852590956887
5,0.00012978984531172437
6,0.00014612018839652192
7,0.00013226082117114864
8,0.00013527484787557116
9,0.00013375969287779136
10,0.00014285184843268873
11,0.05307917427440634
12,0.00013706199177021232
13,0.00013951027867223099
14,0.05531990972222221
15,0.00013158306954707134
16,0.0001431725057754925
17,0.00013237055064034298
18,0.0033711517932448467
19,0.00013736570168253643
20,0.00013255575418626113
21,0.00013430552328158414
22,0.08001874255121044
23,0.00013139018915820508
24,0.00012836054659538744
25,0.00013496409666257395
26,0.00013523700645188912
27,0.00014316806453902597
28,0.006066646328228202
29,0.00014694624415804422
30,0.0001367178311047004
31,0.00013733744286958136
32,0.00013554254532085826
33,0.00013433961343219366
34,0.0072748938564714365
35,0.0028755138222089196
36,0.0030306374701820466
37,0.00012862019525609075
38,0.05033339434673367
39,0.024634404571634273
40,0.14858049511400648
41,0.00595548923105406
42,0.029772181972514144
43,0.0068325383491923
44,0.1404872818027211
45,0.30574224935483874
46,0.00969230956439394
47,0.0031126845755157046
48,0.0001332063327589837
49,0.11755618842105263
50,0.0029057060125541948
51,0.03088102839506173
52,0.4976071278947369
53,0.05402312736842105
54,0.17160639741697417
55,0.002889967041563524
56,0.00014032806079737695
57,0.006528467973869963
58,0.1788523968871595
59,0.06839599812398042
60,0.0028931633707730917
61,0.004779820998423024
62,0.002976852405941202
63,0.13861946584615384
64,0.007987989920390343
65,0.31920810272108846
66,0.0028937143241919688
67,0.09670440995623632
68,0.0452415998281787
69,0.0407816177983539
70,0.052525951021711384
71,0.023928132305084747
72,0.0001357026393225254
73,0.007606303486943296
74,0.006201387371778834
75,0.005486841147540983
76,0.06230378291605302
77,0.030464067071197413
78,0.08329611514285715
79,0.04468495507812499
80,0.024238505431754872
81,0.027109209807692304
82,0.00012643327498708956
83,0.0033849694074626568
84,0.1375870932024169
85,0.025802122193690387
86,0.07124103219633943
87,0.06014428149210903
88,0.04363421971830986
89,0.007629788739847402
90,0.1241816429166667
91,0.008900519620798622
92,0.1953496552742616
93,0.007940881794228359
94,0.0049408947199918694
95,0.14364600567823346
96,0.13313517337278108
97,0.002908041245217599
98,0.04643855125714286
99,0.039819136281407035
100,0.04900690811455847
