1,0.0001427186028993072
2,0.00014510254103417512
3,0.00013589301435311616
4,0.0001381475707055315
5,0.00013225696568739236
6,0.00013167404560163616
7,0.003271839081041057
8,0.00013396394418200338
9,0.0001352152439313649
10,0.00012657832272011942
11,0.00013660554611079521
12,0.00013782132763556892
13,0.00013345420460708884
14,0.0001320120322576247
15,0.00013035174095477455
16,0.00013210706319702602
17,0.00014775137442814927
18,0.000140875601763392
19,0.0031863594208247394
20,0.00013562844937905154
21,0.003098325573337659
22,0.0028900912589949804
23,0.00013252423728351287
24,0.003167883360617172
25,0.002895460738377393
26,0.00013707708255351005
27,0.004490209803035467
28,0.005902378549683391
29,0.0029049320763986984
30,0.00013307592049793083
31,0.003101241309833609
32,0.0029005874525413356
33,0.006316393550893551
34,0.003931504298612928
35,0.0028947178481168708
36,0.0028777343679147007
37,0.0029117528463112287
38,0.0029070085822972725
39,0.0028969141228818726
40,0.0028985513034188023
41,0.0001319891263558672
42,0.015752563742752853
43,0.0028783222748100805
44,0.005589056334449705
45,0.00014833950198260787
46,0.00013444159326483118
47,0.003682433155242982
48,0.0028894536868870322
49,0.0028921459752132036
50,0.0028935049146985607
51,0.0029024649328859057
52,0.002895699017717247
53,0.003550478781785925
54,0.002893206100217864
55,0.002884249948180211
56,0.00013506277875730338
57,0.003039290131424548
58,0.010230543873193167
59,0.0028902339184001978
60,0.0028833672068779583
61,0.00288872052195627
62,0.00473505453543307
63,0.004346877079781028
64,0.002895928854212271
65,0.019391089585870887
66,0.002887553535631341
67,0.004649091384778011
68,0.0029017260387643852
69,0.0036032008666220332
70,0.005506920471213789
71,0.04348989946294307
72,0.020658145764394446
73,0.0028950719271763907
74,0.0036167338901345286
75,0.0030530316238509
76,0.0028836543142266033
77,0.002971203451338274
78,0.0029007506373639595
79,0.0028919135139197885
80,0.003083718071637613
81,0.004095626543105631
82,0.002888191701043436
83,0.002889406066881891
84,0.0029006430888315515
85,0.0075142424081815476
86,0.002894282905451607
87,0.0028884523107926825
88,0.003106926553871837
89,0.005954566234802899
90,0.0028919114440433213
91,0.0028781158409545145
92,0.002902974470746141
93,0.0031438326164525752
94,0.00561777662601626
95,0.004871710636746598
96,0.003602529755606885
97,0.002912731332639569
98,0.0028937129889455783
99,0.002888330963414634
100,0.06153860400291121
