1,0.00013982280309861466
2,0.0001340967347553424
3,0.0001368690693803197
4,0.00013623301745987044
5,0.0001385403941805434
6,0.0001362346930958609
7,0.00013828493532965083
8,0.0034222878942764567
9,0.0001470074350161117
10,0.00013951932855740186
11,0.003379761017164136
12,0.00013271362899759933
13,0.00013208037155566844
14,0.0001358606195634473
15,0.00013988001819249335
16,0.00013577192270896834
17,0.003208164289746086
18,0.002895198094297852
19,0.00013515328124169904
20,0.00012751490608900785
21,0.030638923100172716
22,0.0001471962805519573
23,0.0032067474347702153
24,0.0029923052598894617
25,0.0028819224063042935
26,0.002897754833468725
27,0.002894593964665184
28,0.00014180871136945664
29,0.007494129990009526
30,0.002895652894066254
31,0.005826643470257702
32,0.004855858107015843
33,0.00013715791318057844
34,0.003024522125029158
35,0.003587648096578285
36,0.00014222131490668557
37,0.0029000224459451085
38,0.00013300085448423785
39,0.0031009497346243865
40,0.036837845267686416
41,0.004867865548533463
42,0.005266069209008813
43,0.002885922113097054
44,0.0028997497416974167
45,0.015230474859287052
46,0.004529931773906529
47,0.004840123276464132
48,0.04486677265536723
49,0.0036522037824614226
50,0.006866051225045372
51,0.004645987018907766
52,0.0028924310689820935
53,0.00356413781759436
54,0.00431035267094017
55,0.0028844482976504507
56,0.0028857945173390146
57,0.0028857768584768374
58,0.0028928533453887887
59,0.0028867726245164413
60,0.003587553561643836
61,0.004013679856859176
62,0.01973717562062381
63,0.039895726826826836
64,0.07509568128249568
65,0.002890537569125439
66,0.0028972604626078618
67,0.0028752880996809724
68,0.0028949393531164645
69,0.004215744871502316
70,0.0028835435111002382
71,0.0028895651062660318
72,0.01858494350688211
73,0.005988117846460617
74,0.028309436902050112
75,0.0028945915186367193
76,0.005993498012340834
77,0.028354585027365133
78,0.0028947825247190324
79,0.0028864362292562997
80,0.0035889051451481182
81,0.005479250248447205
82,0.0028929156723201707
83,0.03230379139100933
84,0.011888923129119813
85,0.0028982059789910836
86,0.002881593719042788
87,0.007128650979396402
88,0.0029041788889581643
89,0.004995626782769992
90,0.025240341973969627
91,0.011542922124719942
92,0.0035891357270803046
93,0.0042295664411557445
94,0.0028991879015847566
95,0.0030768208573967127
96,0.002878684160922345
97,0.002875317758517633
98,0.002899841635140112
99,0.005749579722354058
100,0.0028945640707964595
