1,0.00014077969348031555
2,0.0028946213457631174
3,0.0029022989628216178
4,0.00013064740450364717
5,0.00013146327204990424
6,0.00012920092047934704
7,0.00305321548954108
8,0.00013333828030696724
9,0.0031437515409403686
10,0.00013779787034128274
11,0.0028931384638998035
12,0.00013770764793686794
13,0.003137263186048564
14,0.0028802318250789024
15,0.0028856348640067097
16,0.0029003912847805208
17,0.00014706457261408245
18,0.003087274788608807
19,0.0029068061710282047
20,0.00014401299198527504
21,0.0030288978933722256
22,0.00014148065381659275
23,0.00013863890627752065
24,0.003293626125027376
25,0.0029098663603079663
26,0.0029063484781422415
27,0.0029018022649776273
28,0.0028991394186669846
29,0.00014041724064024538
30,0.0029651668231173373
31,0.0030086993959689535
32,0.00014389600801909075
33,0.0053958549338094484
34,0.00014815613300447553
35,0.00014181852714519974
36,0.00014070896509861666
37,0.0029887976110645437
38,0.0029141820083555346
39,0.00015263646304820356
40,0.00013953286726011338
41,0.00013255599491548715
42,0.003660256099918084
43,0.0029044750090492276
44,0.0001317633792792024
45,0.00014215585547602128
46,0.003150471837488355
47,0.002922797335268662
48,0.00014297502491008785
49,0.003066581000079498
50,0.002897024645024272
51,0.002906072054274979
52,0.002886483793822228
53,0.0029017645632820016
54,0.0028970429729400296
55,0.00289249878384855
56,0.002892945254412032
57,0.00014295259028132386
58,0.003091722449789632
59,0.002894359723094778
60,0.0028790192538671517
61,0.0029074416174520914
62,0.0028981770387072536
63,0.0029039179225822105
64,0.0028965116146549264
65,0.002898492060375506
66,0.00013184972845905866
67,0.0030989505904364047
68,0.0001314654675345791
69,0.00013198845053068935
70,0.0032943776432264957
71,0.0028965226408668725
72,0.002900234367283021
73,0.00013183057504560167
74,0.003046438715805471
75,0.0028922533271202237
76,0.0028790651440279615
77,0.00013052826736466094
78,0.003027943951039944
79,0.002882225668124393
80,0.00013657711800876132
81,0.0029968707480370164
82,0.0028877108317907686
83,0.0028866592528304495
84,0.0028830207081199724
85,0.0028977048669854115
86,0.0048915060853367345
87,0.0001449879494603444
88,0.00013585690965231515
89,0.003169354865668447
90,0.0029056726175856564
91,0.0029267388912450776
92,0.0029127128345694
93,0.002894387929852704
94,0.0028946654557624432
95,0.002897857426861482
96,0.002893271763060269
97,0.00013554452456490164
98,0.00013756701260076476
99,0.0031837129627221845
100,0.00013420262553028673
