1,0.00014443670315498949
2,0.0001369572663961884
3,0.00014283860358858946
4,0.00013961282618316965
5,0.003147320229572146
6,0.00013144689909496223
7,0.00014579082178145758
8,0.00013114638272776572
9,0.00013453023860003272
10,0.0029644888936658067
11,0.00013191748474449805
12,0.00013552544776308993
13,0.0030635880281149183
14,0.002902831778913427
15,0.0029051343573724747
16,0.002892703841997839
17,0.002891860229439809
18,0.0029063459773284316
19,0.002900602481321751
20,0.00013632437966400765
21,0.0031083043620859304
22,0.0001376196248926599
23,0.0031931614799988644
24,0.0028982478271574537
25,0.0029090971060504304
26,0.002898597303101676
27,0.00012936071580047667
28,0.00013554499688349318
29,0.0032141900735720135
30,0.002908697972727273
31,0.00290793191430673
32,0.00013498886670183105
33,0.00014379277302637816
34,0.00013431473223027217
35,0.003058679314595661
36,0.002893238063933201
37,0.00289290681076179
38,0.002917698200497898
39,0.0028988843945942653
40,0.00014730879861866165
41,0.00014322502320100562
42,0.00012920988707258425
43,0.003110076807996201
44,0.000142292761512742
45,0.00291755951932135
46,0.0001369794656108001
47,0.0031201292611546527
48,0.0029017490414878395
49,0.002915263295161305
50,0.00013447614886614445
51,0.00013443634106774852
52,0.0030713541291524375
53,0.0029014399520223494
54,0.0001435789532029417
55,0.003127683900119006
56,0.002890351193497703
57,0.002917046043698309
58,0.00013687035788633188
59,0.0036733321269186553
60,0.00013236438351018094
61,0.003134605521899304
62,0.002889230603074253
63,0.002911244965383214
64,0.002889401102719033
65,0.002891093229009931
66,0.002894222866383183
67,0.0029036445917944463
68,0.0028833761045743787
69,0.0029056093314593014
70,0.0028900968203068806
71,0.00013510617122179964
72,0.003657874198322604
73,0.0028954527083461276
74,0.00014447737310376694
75,0.0031492792790094562
76,0.0029056937075036425
77,0.002893829927441418
78,0.002897018413228155
79,0.0028871237840466927
80,0.002911814713209382
81,0.00288215112109798
82,0.0028936914780924266
83,0.0029016885103058704
84,0.00013851953993951186
85,0.0031301550169109357
86,0.0001435554847885601
87,0.0030968620134369873
88,0.0028887119953554846
89,0.002898480331243854
90,0.0029148383917738416
91,0.002892287103821773
92,0.0028977280107539923
93,0.0028881075802972196
94,0.00014411050575713049
95,0.0030051081358609794
96,0.0029075238211879973
97,0.0028965090827837024
98,0.002888119717239283
99,0.0028799322446518925
100,0.0029085284988375993
