1,0.00013714408585164249
2,0.00014518244840948282
3,0.00013873952937795207
4,0.00013297061693544996
5,0.00013202120757318037
6,0.00014605089423233298
7,0.0001330698593356127
8,0.0031321973627283237
9,0.0001554987258672323
10,0.00013956374005863294
11,0.0001480071659167552
12,0.0001401154587049693
13,0.0001274868984974323
14,0.0032816091832166584
15,0.0028944037039289627
16,0.00014534724601833978
17,0.00014222863618765453
18,0.00014473392436684798
19,0.0030825569794667084
20,0.00014159944208237422
21,0.00014012407810307817
22,0.003210431842419917
23,0.0001369458899293772
24,0.003084010086473327
25,0.002887736875230259
26,0.00014654196259259147
27,0.02607390467252396
28,0.00013053187227527648
29,0.00014467021945162434
30,0.00014008680597441117
31,0.003222076063488234
32,0.006291870808885164
33,0.0029106740940284133
34,0.0028921076969918406
35,0.00013255372897032588
36,0.003943021715295308
37,0.008649842604948568
38,0.004093173910785013
39,0.0029101600130119584
40,0.004732468775574442
41,0.0028901513709180533
42,0.0028805100233375573
43,0.0029057776420086485
44,0.003051916169984879
45,0.005654037573375591
46,0.0028912944536599824
47,0.00013004734983783925
48,0.004044673725263012
49,0.00014220153658658788
50,0.004396179969213898
51,0.002898880216141929
52,0.0028957751174823075
53,0.0028823320588593714
54,0.0028918236195856917
55,0.00013434693006687028
56,0.002898927276858753
57,0.002908330650071634
58,0.002901748217441648
59,0.04332957979957806
60,0.003005647313664596
61,0.0028930987086623525
62,0.04565604575892857
63,0.0028928700030599755
64,0.00013587940465488883
65,0.002904921456579954
66,0.006102982804632427
67,0.002894645746669078
68,0.006017745610877825
69,0.03327920470793374
70,0.002897021987276583
71,0.0030871688073686896
72,0.021581701799485865
73,0.002876023516324935
74,0.07654620079787236
75,0.00013353174104293287
76,0.05283378730053191
77,0.0028963560945121955
78,0.00290291130198915
79,0.0028959316189841188
80,0.0028895443956376853
81,0.0030894863372278617
82,0.005819925532945736
83,0.0047341672937657436
84,0.002957724888174424
85,0.006067935157035176
86,0.002879153684534398
87,0.002874660487685031
88,0.0058465212910752485
89,0.002905680632423553
90,0.007459797887667887
91,0.003708226681637861
92,0.002902993718470796
93,0.05805520984528832
94,0.002901816670696325
95,0.01201731313833613
96,0.007344400452165635
97,0.0029442683753016148
98,0.002894790988004099
99,0.04405342983050847
100,0.0029034062469074713
