1,0.00013888269997300111
2,0.00014369177226335208
3,0.0001397435356311809
4,0.0001510540328574552
5,0.00013673224190656968
6,0.0001434032538737299
7,0.0030481788433771562
8,0.0028822795890913536
9,0.00013980367961169212
10,0.0001370598912712181
11,0.003333537544113852
12,0.00290347143520583
13,0.002906370200144649
14,0.0028949293278223613
15,0.00013840609454439078
16,0.00014319242590772924
17,0.0030901785382644893
18,0.00013612596047909956
19,0.004715896606593265
20,0.0028810828826359705
21,0.0028947958666506344
22,0.000137080913030571
23,0.000126430278122046
24,0.0032689153054089753
25,0.0030884386177174946
26,0.0001371853270796702
27,0.004728186936673699
28,0.00013543492098959636
29,0.002898596884461669
30,0.0001374784365774758
31,0.00013937994719632162
32,0.004869824347001279
33,0.00013257172504983213
34,0.00012674057990411035
35,0.0001361316285520828
36,0.003042260583660583
37,0.0035024801639462664
38,0.00013421660209103964
39,0.00013728572962371058
40,0.00013912722879772695
41,0.0029785153320683114
42,0.00013908996196845537
43,0.00014028372626408807
44,0.0031736936597740618
45,0.00013543906027447291
46,0.00013009943681193163
47,0.00014255096309003968
48,0.00014215317378613913
49,0.0031150762738218645
50,0.0029089969939327083
51,0.002890671569108183
52,0.00013030607411073104
53,0.00013266714655444417
54,0.0001321060812668389
55,0.0031185542155741843
56,0.00013173275464677456
57,0.00013533550896125906
58,0.00014325264294454978
59,0.0034152606377299195
60,0.00013669368051492096
61,0.0001324576578230081
62,0.0030968219463989245
63,0.00014523029237402318
64,0.0001351212320331234
65,0.003007333362475293
66,0.00012647668885622173
67,0.00013640163044095923
68,0.005831308132473214
69,0.00014080635001236742
70,0.0001427024552858154
71,0.0030770005120471905
72,0.0028809680701120345
73,0.0028988967013363976
74,0.00013391289865275245
75,0.00013805729208265347
76,0.0031711528692253024
77,0.0001404696895269548
78,0.00013751802543209455
79,0.0030196349391691064
80,0.00014173965908450309
81,0.00013937834099579094
82,0.00013730799072945868
83,0.00304835595542419
84,0.00013363262603444231
85,0.005146900013180492
86,0.00014395068579928932
87,0.008133926205223551
88,0.0001402018186187837
89,0.00013756436300406784
90,0.0001312164561196649
91,0.0030553832902637376
92,0.0028908832683675876
93,0.002897179354110942
94,0.00013349172003841882
95,0.00401023666005455
96,0.002900621695569581
97,0.0028948159369202226
98,0.00012642084693965732
99,0.003057084757628796
100,0.0001370320690103117
