1,0.00013430616280493915
2,0.00014401417488186217
3,0.00014195564161340092
4,0.00013184799198050378
5,0.00013834529616724736
6,0.00013544965805816425
7,0.00013800222760552508
8,0.0001337815404809525
9,0.00013882379453836064
10,0.00013356795478574712
11,0.00014007156174634963
12,0.002998605462905237
13,0.00014154901456209142
14,0.00014005737762154294
15,0.00013918825207199026
16,0.00013727945030728432
17,0.00013268550608449086
18,0.00012661517519088787
19,0.000145139698214279
20,0.0001432788070322059
21,0.00013834482649462712
22,0.0001352602438015761
23,0.0001323042407419831
24,0.0032796211558461926
25,0.000138044411790873
26,0.00013635700293969212
27,0.00012627000701849597
28,0.00013444080369627676
29,0.0001372408355244336
30,0.0001390953319928844
31,0.0031416170137887446
32,0.00012851102221422044
33,0.00013771062909310783
34,0.0001318363082106669
35,0.0032693491834462365
36,0.00012663885832001016
37,0.003187836314604127
38,0.00013026956714102652
39,0.0001268067034831214
40,0.00307019244749349
41,0.00014234370785060933
42,0.00013131686114496526
43,0.00013211277519181377
44,0.00013623987993768274
45,0.00013567443787432752
46,0.0001299642228493498
47,0.009090264539794198
48,0.00013551022286404
49,0.0031156052618607575
50,0.00013390895644718986
51,0.00013322343729745882
52,0.003023210322204969
53,0.0028957009763033175
54,0.002993912929118301
55,0.0028892711587513663
56,0.00013844893735243008
57,0.003033713713409336
58,0.00290530492401509
59,0.00012895431841122845
60,0.00013376939770728187
61,0.012885371857114674
62,0.0029044344037816405
63,0.0029142777046502694
64,0.0001413773786330622
65,0.004089171999144225
66,0.0029050708783165597
67,0.0029096959747089016
68,0.00013122851507848025
69,0.002971585844428872
70,0.00012665637499276164
71,0.00013345559317533027
72,0.0032373119808405256
73,0.00013131019379548483
74,0.003314635709963569
75,0.00013686628109538406
76,0.005813685517066075
77,0.0029297600741742583
78,0.00013462948202595614
79,0.0029645180259241246
80,0.0028971347972322854
81,0.0029044115706235232
82,0.002892354395305221
83,0.00013159889439708978
84,0.0036354570974053463
85,0.00288512613657312
86,0.00013179809632160987
87,0.0029985712476411665
88,0.0030841915558556202
89,0.00013555652142602977
90,0.019422776304275167
91,0.00013984859623700297
92,0.00013133647897807171
93,0.0001305889109218434
94,0.0031763758686068184
95,0.002979737648735746
96,0.0028933111036607397
97,0.0035365365181091253
98,0.004659655261384422
99,0.0001418739249664075
100,0.00013326569870553175
