1,0.00013539940962429105
2,0.00013438090656272338
3,0.0001439680987150932
4,0.00013745673068652915
5,0.00013511499417168037
6,0.0001374873823475918
7,0.00013565748650104872
8,0.00013448129005127118
9,0.00013991149526743025
10,0.0001366874092318145
11,0.00014029273140535838
12,0.0029728313921888352
13,0.00012931544547346486
14,0.00014172224036009288
15,0.0001351643170894061
16,0.007903119906876982
17,0.008640141296928328
18,0.00013460576153422488
19,0.0001290313329601577
20,0.0032333229228844297
21,0.0028920591084204733
22,0.0028990540087936493
23,0.00013827851675052682
24,0.00013683252024640613
25,0.0001350581014256699
26,0.0030020314332374213
27,0.00014109477586536534
28,0.000129135768023065
29,0.00013510220564552205
30,0.003611135643125002
31,0.0001374371420377264
32,0.0001363979194452994
33,0.003533408710232028
34,0.002995808646079284
35,0.00014563139837329682
36,0.0001332376575340653
37,0.00012911449021014648
38,0.01712700114110892
39,0.00013635481658547121
40,0.00013893980452691357
41,0.00014110032388837986
42,0.00013823709655207475
43,0.003665489099041277
44,0.004879423729501542
45,0.0001350909814642101
46,0.003781826722342247
47,0.0029027517306965305
48,0.020430659246575344
49,0.0001485892944377448
50,0.003052512131933349
51,0.002985589747555995
52,0.002906579681410132
53,0.00013739441722630173
54,0.004197794937094346
55,0.005772677083084992
56,0.005486195380526971
57,0.0035591710638549928
58,0.0028904438178269263
59,0.00013893520477304902
60,0.003312640099253629
61,0.00013065004932966468
62,0.00013314566690917078
63,0.003990737682623695
64,0.0028958349921250305
65,0.0028906128928332625
66,0.00014038917054034136
67,0.00013270714957040595
68,0.0037943927788505177
69,0.0001423669934937695
70,0.0001408103799445896
71,0.005538514674924938
72,0.00014243953116077027
73,0.0001422907665093294
74,0.00013773328162179483
75,0.003474428717154807
76,0.00012979586684310146
77,0.006582521239478686
78,0.0028818705682987352
79,0.0001350667845969966
80,0.003015152661596958
81,0.0001310018092784679
82,0.0001328260005776641
83,0.00013516152178732072
84,0.028876585824081986
85,0.0028903537353680204
86,0.0001355400067261903
87,0.0038997736193614745
88,0.00013426881779526596
89,0.00014208137034017637
90,0.003050993814593209
91,0.00012974078162566414
92,0.0001327345215998232
93,0.004868293835800531
94,0.0001387514731729411
95,0.00013399096798103898
96,0.003528378636897181
97,0.0033030344039509537
98,0.005844661623616236
99,0.00013403404792644054
100,0.0001344462221675345
