1,0.00012960956652653265
2,0.00012658272308066547
3,0.00013942694341764617
4,0.00013286283870344293
5,0.0001308943234741096
6,0.003145926246215254
7,0.0001391651980044385
8,0.0001320736751843127
9,0.0030470350330718352
10,0.00012977804626728608
11,0.0029921345838549054
12,0.0028871214350866528
13,0.0028943651381148536
14,0.00013776826942523155
15,0.00013657126188653716
16,0.003171980825908626
17,0.0029035455298319066
18,0.0028908917813135543
19,0.002885720844436549
20,0.002890352561173571
21,0.00012982826081665768
22,0.003192375689971747
23,0.002901949117051935
24,0.00013243016537653403
25,0.003209637400572285
26,0.00289203817831826
27,0.00014829816007623308
28,0.0031470585123991816
29,0.00013544773214181882
30,0.0028976979822140907
31,0.0029062833807936995
32,0.0028854195194922935
33,0.00014238471413410863
34,0.00013936859644018935
35,0.00014011170916299975
36,0.0030242382472878354
37,0.0028805386255635434
38,0.002893962090832226
39,0.002889355804454422
40,0.0028751957983447107
41,0.0029011587125620138
42,0.002892181789460769
43,0.0001398702335997449
44,0.0030898395651262314
45,0.002889265119412125
46,0.0029068404012158053
47,0.0029038268770236425
48,0.0028891088805199543
49,0.00014378674132006165
50,0.003182396004472941
51,0.002907097678680513
52,0.002890455758122743
53,0.00290373767056232
54,0.0029021930821784775
55,0.0028883462618494006
56,0.002902118637894093
57,0.0028841472676090817
58,0.0029077353639336318
59,0.00014663600244054574
60,0.0033249634658002254
61,0.0029099888079294383
62,0.00014088028307491235
63,0.0030347306138757716
64,0.00013879371863047998
65,0.0033389911212182827
66,0.00013617896273668606
67,0.002996018168843217
68,0.0029015510088058042
69,0.002890845464554407
70,0.00013920705482324197
71,0.0001422280491938721
72,0.0031111345792222927
73,0.0029244428779776374
74,0.0029155581861055237
75,0.0028926913160305344
76,0.0028788319972041575
77,0.002881510220392347
78,0.00013851483774264092
79,0.003021077703950707
80,0.0028789183045942364
81,0.0028991476035007116
82,0.0001364036893474938
83,0.003144952545439592
84,0.002900054594805351
85,0.00014049009569183632
86,0.003159707548233163
87,0.0028903248444390743
88,0.002891840153067374
89,0.00013943440502889803
90,0.00013424078396928084
91,0.0032414262325801075
92,0.00013433348537661956
93,0.0029149406071406624
94,0.0001442691308403972
95,0.0030324481813543257
96,0.002917513234395994
97,0.0028902151679912136
98,0.0028978558144545684
99,0.002903913967933419
100,0.002886167426886509
