1,0.00013278060995579265
2,0.0001380943610434933
3,0.00013487120293559037
4,0.00013476576926309833
5,0.0001312073987361321
6,0.00013471759181969952
7,0.012667733260957145
8,0.00013864145843955523
9,0.0001382958131468919
10,0.00013883511678859544
11,0.00013274368476267598
12,0.00013218687591393357
13,0.00014046858688779445
14,0.00013094299489544863
15,0.00014073299371127672
16,0.005291063044232014
17,0.00013054589328894724
18,0.015720536434650857
19,0.00013799872178581231
20,0.00012977840276985508
21,0.003311547518115835
22,0.00014339409303722918
23,0.014349285879969236
24,0.00013251887276507276
25,0.032145485957066185
26,0.010683732573983395
27,0.004587243818765281
28,0.003604526374308387
29,0.0028954799661850598
30,0.00014027408381602768
31,0.00013403431930218392
32,0.004775454750657643
33,0.00013422426688582053
34,0.0032936495197446016
35,0.05356169730458221
36,0.003603929983617544
37,0.006599689072487421
38,0.002943303416209867
39,0.002899026689748147
40,0.00013632142269944504
41,0.07554971834264432
42,0.02959508183640738
43,0.003145999733766234
44,0.09796265572687224
45,0.008544676881872005
46,0.0001401036739758232
47,0.04139674036996736
48,0.00014198360108193196
49,0.007491687496934112
50,0.02337210368421053
51,0.0053307350538106734
52,0.0037575427121270826
53,0.0001321437328613589
54,0.008851539550289791
55,0.03796883203740157
56,0.015541271132953954
57,0.02968249155574043
58,0.0042393837734783215
59,0.0047775879118169265
60,0.0028916405176097177
61,0.0029066413525205
62,0.02473612075940383
63,0.0028968974532696144
64,0.0029954086733104952
65,0.04135040491299898
66,0.0001307842265172453
67,0.03300655714932127
68,0.0031412263538961034
69,0.006632627566791787
70,0.04510752718006795
71,0.01213747064547918
72,0.006218748795793456
73,0.14771219822006473
74,0.003001853608825729
75,0.004577316524455279
76,0.11045011250000002
77,0.0029074213307146964
78,0.11361242175572517
79,0.0377804704567079
80,0.003704099389115144
81,0.0029051403697150876
82,0.06394707126524392
83,0.011297422829700775
84,0.004866287086440209
85,0.006880865446608464
86,0.006016531297581164
87,0.0038340679500396516
88,0.003734377285146714
89,0.08801678423694778
90,0.002902592239096038
91,0.07666148893884893
92,0.004607320876657445
93,0.0028817065609184045
94,0.07072920208333333
95,0.007553625802892867
96,0.0036326327645951027
97,0.013670324268360021
98,0.0028918016472034417
99,0.002881703731886255
100,0.004346944930007178
