1,0.0001371128507312809
2,0.00013498222000594151
3,0.0001369473176853052
4,0.00013848575330575674
5,0.00013525050207479356
6,0.00013984929548460453
7,0.000126402056108725
8,0.00014134733574074944
9,0.00013697039021920448
10,0.00013696695544413587
11,0.00013192034024633647
12,0.00013973946255310465
13,0.00013605814958450344
14,0.0030894818105271084
15,0.00014161358281084433
16,0.0001343108125843654
17,0.0001351225412969572
18,0.0001400600781799016
19,0.00013746079129685159
20,0.0031477731789730044
21,0.0029115943842174213
22,0.0029170111350924127
23,0.0028924025335046815
24,0.00014229218643857917
25,0.003808940995460973
26,0.0029017790534366897
27,0.00014092458349849603
28,0.00014691561710306387
29,0.0032359617597631867
30,0.00014272659283210803
31,0.0001369621507387053
32,0.00013850423348675116
33,0.003123364096854876
34,0.0001444314284413278
35,0.003553925424595773
36,0.0028999456156944105
37,0.0001264974255147636
38,0.00012643506449189486
39,0.0031540513717498823
40,0.00290484443004924
41,0.0029079301331162615
42,0.0028829501771544743
43,0.002896566996960486
44,0.005590656111562102
45,0.0033746351497880036
46,0.0001363102461414883
47,0.00013424487294032508
48,0.003145050895129258
49,0.002892783606898603
50,0.0028866558526271166
51,0.003013198229590241
52,0.0029089711114596854
53,0.00014202137938282899
54,0.00013567654846355638
55,0.0032133529468248148
56,0.0029035183216439032
57,0.002900198370321099
58,0.002896118668002915
59,0.00013680264452652405
60,0.003253241278975991
61,0.0029142156064398874
62,0.0028835972264646586
63,0.004748226625019769
64,0.0029063000952556537
65,0.0028955897131049354
66,0.002893705904699115
67,0.002897624904074548
68,0.004265022861608412
69,0.003729714042380067
70,0.004208871826464208
71,0.002897859010238908
72,0.003076433538676489
73,0.00290142816914556
74,0.002900352403788153
75,0.002905474146370943
76,0.002982976295104289
77,0.03213161608212147
78,0.00290832110116708
79,0.002894722219849936
80,0.0028958234140940018
81,0.002924819751302323
82,0.002899505277297431
83,0.0028941604517000123
84,0.018943300840171942
85,0.005746580438147399
86,0.004782184531450578
87,0.0030781187888790145
88,0.004329637018672385
89,0.002889167466113369
90,0.0028965583777950965
91,0.00287912255738493
92,0.0029024651336923804
93,0.002901717443507173
94,0.002893629162647635
95,0.01722992282689028
96,0.0029156555118597886
97,0.0030015523622782445
98,0.0028966384828552284
99,0.0028935498554913297
100,0.0029065392534176207
