1,0.00013814815004035652
2,0.00013647800581421813
3,0.00013657723345466064
4,0.0001394600298183192
5,0.00013362385240117916
6,0.00013975944169725883
7,0.003074843745334669
8,0.000135643221720972
9,0.00014227139547769497
10,0.0001296579976663214
11,0.00014274877385963053
12,0.0031246013465995367
13,0.002898904647293041
14,0.002902149946694309
15,0.0001305261809916534
16,0.00013362370134142678
17,0.0031810649114740667
18,0.00012653402797764112
19,0.0030219403404592245
20,0.0029041922725346575
21,0.0028905971052154474
22,0.0028833363255033554
23,0.00013951224199124226
24,0.002903579072160497
25,0.0001312873871594378
26,0.0001354066961387801
27,0.00013853751300848201
28,0.003463484759113569
29,0.002893440836371647
30,0.0001325469505754233
31,0.00013845538429987467
32,0.003125956292599805
33,0.002891973594999098
34,0.00013582410455658352
35,0.002999207141150231
36,0.0028879773707810702
37,0.0028921690040401567
38,0.002884957630398722
39,0.0028953317281232805
40,0.0028976071632896305
41,0.00289577551032881
42,0.002888228839904347
43,0.0028979041008025293
44,0.0001323233858213668
45,0.00014120251129546828
46,0.0001458655403067375
47,0.002930649937849596
48,0.00014720339573383106
49,0.0031107978948419403
50,0.00013901550236522826
51,0.0001293129702844713
52,0.00014508659557740684
53,0.00014577099971239848
54,0.00013278994776800448
55,0.003007200910258917
56,0.0001441399097670283
57,0.003080537831488413
58,0.002908302458916616
59,0.00013551365614152222
60,0.00014025010624205692
61,0.0030089910017588742
62,0.002890394963447747
63,0.002880200824964132
64,0.002878664776552125
65,0.00013310259774603197
66,0.00013187142283054633
67,0.0001405593487204925
68,0.002994294573967193
69,0.00014110433466550006
70,0.0030414244027711416
71,0.0029020139010010443
72,0.002915194356907292
73,0.002899378740374037
74,0.0028955150836855958
75,0.0028875090370324877
76,0.002892934457867714
77,0.0001393021125820191
78,0.0001341059733342295
79,0.00014112145999941412
80,0.00013908557639089075
81,0.0031186461245568888
82,0.00013264408771477876
83,0.00013485887148212904
84,0.00013643376866600234
85,0.0031338527773318342
86,0.0028819077130888783
87,0.0029016925716900547
88,0.0001416469339580076
89,0.0032273197568573925
90,0.0028836258460133903
91,0.000136272711013101
92,0.0030587637695078033
93,0.0001342454174280414
94,0.003339833066360763
95,0.0028992813457594403
96,0.00013702178809426834
97,0.003150480163181256
98,0.002901174223526535
99,0.000131996157358026
100,0.003010073315096733
