1,0.0001328927696890854
2,0.00014515030171307827
3,0.003930111231112577
4,0.00013495653146242183
5,0.00013025592110926974
6,0.00014186629611250432
7,0.005594706020204871
8,0.00014228562621253305
9,0.00014875241637861777
10,0.00013767604445031207
11,0.00013380426675059758
12,0.0001359778175214616
13,0.010316981096650553
14,0.0001402731628082281
15,0.004681413263405546
16,0.0001351891151802488
17,0.0001389646328653816
18,0.010450698277133389
19,0.00013678996193661872
20,0.00014241289523465018
21,0.0066514570941768394
22,0.00013892646657598614
23,0.0031252190473023884
24,0.002954317253693078
25,0.04530541925223214
26,0.0028854951069518715
27,0.00013572654524390352
28,0.003273572169065175
29,0.0028960011417466297
30,0.0028976259930378564
31,0.003643900018799819
32,0.002900413598519889
33,0.007555087950116914
34,0.0029521118277888946
35,0.002960079148845167
36,0.02932154626391097
37,0.0059840484021021515
38,0.002903186023334954
39,0.004144540706828684
40,0.00917874145782396
41,0.00015134257271494201
42,0.0029051321866105685
43,0.002876838007070525
44,0.0059335476861538455
45,0.008446155595011258
46,0.00014026308127545122
47,0.05340451094364352
48,0.0029020307935824934
49,0.005381271822128228
50,0.02249972294448348
51,0.004096642382779342
52,0.004776434419361199
53,0.0038865638734308272
54,0.041404465897435905
55,0.00014404630400274574
56,0.04984246779661017
57,0.00014027786242761114
58,0.0001458867969922635
59,0.00340934996726183
60,0.02639024016152717
61,0.006567558597991313
62,0.05334532866323907
63,0.00013476729576095448
64,0.007197886145654894
65,0.014138940527542993
66,0.010255033969474742
67,0.02139540804862024
68,0.0590324475
69,0.00288635738049595
70,0.0001329550807120631
71,0.00013321347094544012
72,0.0385086512562814
73,0.030214892282696998
74,0.0029001424993958438
75,0.005492945312863429
76,0.003527399583382232
77,0.06868338523654159
78,0.003403435066334052
79,0.00013331108291170585
80,0.0071537426215022085
81,0.00290346998594905
82,0.004715831853826851
83,0.008934656884917016
84,0.00892578891107078
85,0.12021768270777478
86,0.00014146798115632447
87,0.034881023578431376
88,0.00289317377858939
89,0.0418315368336887
90,0.003635897372372373
91,0.0574171695441989
92,0.002889301093892434
93,0.0001439204193158683
94,0.0035660241880936163
95,0.0028888512254686715
96,0.005465279591836734
97,0.002926301679070054
98,0.00013563160171502946
99,0.03533503265204387
100,0.00498140306206754
