1,0.00013306827089138413
2,0.0001386933652676662
3,0.00013407407815876833
4,0.003158375021519174
5,0.00012663576373709518
6,0.002854244810599106
7,0.0001385789931396465
8,0.00013558819043261246
9,0.003174676741864426
10,0.0001273063849556816
11,0.003113875265415877
12,0.00013550891922056995
13,0.00013654921158829278
14,0.0033371521522125086
15,0.0001450291383927199
16,0.00012646410243956227
17,0.00013898286229730136
18,0.00013549263923171587
19,0.00014509379444478207
20,0.00013161965333039144
21,0.00013845388060853016
22,0.00014230245586056283
23,0.0001379994304890087
24,0.00013071273953631316
25,0.003064293128949168
26,0.00013255341329929438
27,0.0001429665311861016
28,0.00013555981404410965
29,0.00012955564806504835
30,0.0001364433166520885
31,0.00012651224978156643
32,0.0001286296215157399
33,0.00013716267518978597
34,0.00013791951787638014
35,0.0001420635695841304
36,0.00013747163323782233
37,0.0001350899502962187
38,0.00013350985244106448
39,0.0001264818220703713
40,0.00013040055255575657
41,0.0001286369914274051
42,0.003066923243450818
43,0.00013531307685888343
44,0.0001301573646325012
45,0.0001407721340508192
46,0.0001323207223627849
47,0.00013825921430413228
48,0.00013295635078127164
49,0.00012859300116398553
50,0.00013159877607675036
51,0.00012649297063803687
52,0.00013978719943715597
53,0.0032807114521952257
54,0.00013712663655113982
55,0.00013560683817262652
56,0.00013785825394529904
57,0.00014157199613082716
58,0.00013456133945365852
59,0.0030940773800973587
60,0.00013769835805039246
61,0.00013006637157700554
62,0.00013554397265902002
63,0.00013672306800939643
64,0.00014668060992331213
65,0.00013325558567548092
66,0.0001315363944132382
67,0.00013889067736043832
68,0.0001373285113749473
69,0.0001294432159094635
70,0.00013445889621705451
71,0.0001363299641943734
72,0.0001462257373897343
73,0.003060978789561354
74,0.0001336238449767688
75,0.0001327844760052591
76,0.00014015130013253634
77,0.00013947039098642143
78,0.004140251566763736
79,0.00013152828639967763
80,0.0001366585717893566
81,0.00013344354181914233
82,0.00013684709641800677
83,0.0001353969351435544
84,0.0001329469333263635
85,0.0032017464161036243
86,0.00014233384891489278
87,0.0001362680718387786
88,0.0031361907080715325
89,0.0029184979612518623
90,0.00013668237114990663
91,0.00013399008340163814
92,0.00013807050237732934
93,0.00013780983599817267
94,0.003195693492837539
95,0.0001423406882818197
96,0.003323678825297376
97,0.00013300855912343518
98,0.0001387457149846743
99,0.00013870212518061513
100,0.00013642623301036674
