1,0.0001378636396390706
2,0.00013561279713854242
3,0.003017137269366409
4,0.000135667290500436
5,0.00013971511631192973
6,0.00013363302988010775
7,0.00012648730444943102
8,0.0029359566217150757
9,0.00013063583665292038
10,0.00014582623704418422
11,0.0001421267768265052
12,0.00013614590840367894
13,0.0030293140727611495
14,0.0029018539693694318
15,0.0001281984462906308
16,0.0030950787959786166
17,0.00013636388035560205
18,0.00013965420660666964
19,0.0031281051454045677
20,0.002900062589547125
21,0.00013703525734266533
22,0.00014722313919958134
23,0.003270965054074795
24,0.0028969957629730063
25,0.00013012146580716736
26,0.0032089271811044226
27,0.0028977314116594376
28,0.00014758010830479845
29,0.003045476267299975
30,0.0028839783211766115
31,0.002897120863128584
32,0.002966679235203558
33,0.0001359042224654628
34,0.00013078526409241725
35,0.00013829553736538022
36,0.0031605767723229625
37,0.0028962658726734867
38,0.0029020578553462977
39,0.0029077624214406575
40,0.0028949583171206227
41,0.002870222481769135
42,0.00288835288595905
43,0.00012797764169466497
44,0.00402590311921548
45,0.003571185149750416
46,0.0029944704601758947
47,0.002899343853750152
48,0.002890376412533926
49,0.0028839758205756274
50,0.0029032310725457173
51,0.002978510943078144
52,0.00013328198896377146
53,0.00013240275335926933
54,0.0031545535209845706
55,0.0029017233448474385
56,0.003734609129062067
57,0.003441605727788448
58,0.0029014332806593544
59,0.002903328533604786
60,0.0029004989913544665
61,0.002893827106117054
62,0.0028879765814637734
63,0.002890863925649663
64,0.0028769164207211656
65,0.002886250290051839
66,0.0028982486286068883
67,0.0028958028976758224
68,0.0030380050009447632
69,0.002891985161887142
70,0.005935029287031347
71,0.0028886941731476458
72,0.004179491122704147
73,0.013000272137912673
74,0.002898439401856519
75,0.002887220256051575
76,0.0028789532045517237
77,0.002887764144280109
78,0.0028889148498635123
79,0.0028920871343789743
80,0.0028833737471526196
81,0.0028827846050625194
82,0.002896157630993202
83,0.0029071380362630608
84,0.002888107629082246
85,0.0028889051069164303
86,0.0028803037015911145
87,0.0028974274461900052
88,0.0029019474867321413
89,0.0028856362030166647
90,0.0064510498536048955
91,0.002893390421513371
92,0.0028921370493871666
93,0.0028959323144768863
94,0.002887429622826516
95,0.004028471120193472
96,0.0028874240728274173
97,0.002901338003319604
98,0.0028850502421678623
99,0.0028909722486433753
100,0.0028971237957610787
