1,0.00013558827773001657
2,0.0001357159972406414
3,0.002928456324110672
4,0.00013694179016369076
5,0.00013016204667208554
6,0.00013451928412492746
7,0.00013030311654095054
8,0.00013492711359133414
9,0.00014189270684778122
10,0.00014543217327544155
11,0.00012939821044263136
12,0.003148786862411158
13,0.0001380995387144246
14,0.0030758755346875144
15,0.0028909115918317884
16,0.0001409394911192352
17,0.00014235533836846317
18,0.00013215584549431514
19,0.0032972520109072066
20,0.0001328202098128092
21,0.0001367919955942312
22,0.0032589682243800394
23,0.00013261459988139684
24,0.00013421711200148592
25,0.00013963686964023174
26,0.00013859894105653806
27,0.00013558001086404626
28,0.0001351357862118045
29,0.00014809795907693915
30,0.0001362707021802102
31,0.00013619477920201798
32,0.00014223189951009395
33,0.00012863860345058178
34,0.00013703792750836716
35,0.0001422425926449895
36,0.0001312391247706621
37,0.0031423500380339904
38,0.00013200744901356863
39,0.00012641985349550182
40,0.000126534270645831
41,0.00013372106138981337
42,0.0030133575042916704
43,0.000129026859717514
44,0.0001464443075278725
45,0.00013251425053876237
46,0.00013789434758694976
47,0.0001340015328365485
48,0.0030699987237806673
49,0.0001399304465666761
50,0.00014262625389687626
51,0.0001322039926301724
52,0.00013274503093252383
53,0.00013032633922756284
54,0.0001328235232838352
55,0.00013988306615222147
56,0.00012781274239146304
57,0.0001398577555378618
58,0.00014269881561718845
59,0.00013649482509990414
60,0.000140319803117692
61,0.00013655658714002196
62,0.0001384866301268097
63,0.00013741025447845082
64,0.00013291227682818026
65,0.0001354788642006241
66,0.0001374095385291616
67,0.0001353176894081223
68,0.00014071274027774525
69,0.00013656735902827893
70,0.0030614734431368214
71,0.00013031762073539385
72,0.00013251714069850636
73,0.00014310587684183631
74,0.0001356506295996457
75,0.0001380956462825498
76,0.003154727811165396
77,0.00014505340906688572
78,0.00013781562915779195
79,0.0001342008404815672
80,0.00014489595914702716
81,0.00014183099395662327
82,0.00012642279681962862
83,0.00012687630799917678
84,0.00012649724748236383
85,0.002973453161568249
86,0.0001345069470130135
87,0.000145438838097303
88,0.00013734557561337915
89,0.0030981897947600845
90,0.00013481410017058114
91,0.0001337505106756313
92,0.0001318829506635671
93,0.003220335728418668
94,0.0028994463989169676
95,0.0001395446669545193
96,0.00013381905947989646
97,0.00013360419263804547
98,0.00013279806947766594
99,0.0031808122828236416
100,0.0001380815510201746
