1,0.00013669635964186038
2,0.0001296947440118987
3,0.0001296090662336653
4,0.0001358933103154854
5,0.0001358732282532408
6,0.0001404766700641208
7,0.000135930843513312
8,0.0001353570188871277
9,0.0001350349515455376
10,0.00013334941324650649
11,0.00013495218286667247
12,0.00012687340526415609
13,0.0001408494213521778
14,0.00013778524645374318
15,0.00013748081703239136
16,0.00013203939641086903
17,0.0031083963259896244
18,0.00014042337659350948
19,0.0001359260223073305
20,0.00013922449620974776
21,0.003498220217622405
22,0.00013788614771156183
23,0.0032529116454604653
24,0.0029035767385946986
25,0.002900747266398608
26,0.002888302663124073
27,0.0029010992621784997
28,0.00013091264972075336
29,0.0031792122193116893
30,0.00013987895407353544
31,0.00012692314075155175
32,0.0033135200890711133
33,0.0001353904535137111
34,0.003243899462610365
35,0.0029453864047501842
36,0.00013560947716867038
37,0.0030712814149377594
38,0.0036454305847865307
39,0.0028928281317795825
40,0.00013440057894634541
41,0.00013161890721576373
42,0.0031460242466094177
43,0.006222785729005667
44,0.0028890517888280924
45,0.00013335769465124523
46,0.0032149902676500285
47,0.0029002551858900586
48,0.0029001937999999995
49,0.002902835417305451
50,0.002881223041488529
51,0.0028759056951073985
52,0.002905253064178369
53,0.0029057886927862995
54,0.00014369851116577886
55,0.0030490153024083067
56,0.0029005450904076003
57,0.0028862587674188442
58,0.002884818289514383
59,0.002902527088363109
60,0.002912242873328731
61,0.0029021526018654883
62,0.0028800232933914303
63,0.002894071667846446
64,0.0036944840196681
65,0.002901257206902905
66,0.0028976878191298095
67,0.002907420697716784
68,0.0028980901471741356
69,0.0029149733705208267
70,0.0028913712483729
71,0.0028959661407617406
72,0.004226576539333137
73,0.003654121843196381
74,0.0029122734062211274
75,0.002907161642835412
76,0.0029172539553266657
77,0.004103434151175506
78,0.002907828720610687
79,0.003536422325417352
80,0.00291816040957743
81,0.002885482002898375
82,0.002891536049405762
83,0.0028996475746289273
84,0.00289839983014862
85,0.008922440540141676
86,0.0028950960941305404
87,0.002897089484209738
88,0.0029036488452149965
89,0.004726444707219021
90,0.007048170796715171
91,0.0029031746181355316
92,0.002903291861175608
93,0.0028963453074135493
94,0.002891697203907936
95,0.002905691830847603
96,0.0029008177699686583
97,0.011390210473901098
98,0.002897187013650851
99,0.0028947107473245057
100,0.002899689275318375
