1,0.00014230886551675368
2,0.003109777411990082
3,0.00013834485314034693
4,0.0001360886814062139
5,0.007867075124282731
6,0.00013911466827914876
7,0.0001405049098496961
8,0.00013240292007396753
9,0.0001410697764626381
10,0.0001377684039513894
11,0.011208850651904976
12,0.006004597233872578
13,0.00014001444510835509
14,0.00014102661859784332
15,0.005057208934904548
16,0.0001452265215896401
17,0.0038117936154288385
18,0.00013778155961740498
19,0.00014681309214631042
20,0.005795986417920605
21,0.00013499411026548266
22,0.0001417437853405096
23,0.0032932786065432546
24,0.000135143572979192
25,0.00013186168951412683
26,0.003108520174038001
27,0.030322015672268908
28,0.00013233590818603248
29,0.03227742157039711
30,0.00013801468314951512
31,0.003209849873097264
32,0.00013553874986870754
33,0.007796457195351972
34,0.00013789728823139817
35,0.00014145738923209035
36,0.015771207332887067
37,0.0028970454637779284
38,0.004801259178313015
39,0.00013133645392313193
40,0.014801165077641796
41,0.00012954021393151287
42,0.00014211963538562314
43,0.02070638351755713
44,0.005358065382557518
45,0.11001282587064676
46,0.00013998111499205094
47,0.03086368151801029
48,0.006153444820993094
49,0.0029111262696335733
50,0.004625005569330536
51,0.004221610352825414
52,0.00013624406076996409
53,0.00930920993504588
54,0.0028975411048804533
55,0.049275105205811146
56,0.002893534385614936
57,0.004209797539062501
58,0.0028936179916574656
59,0.002962497724329325
60,0.005214001640055536
61,0.002882706827885753
62,0.0028956797751798864
63,0.03114262423868312
64,0.0089985050980755
65,0.002867772363861386
66,0.016598704836926482
67,0.002891844162343607
68,0.002902233470975464
69,0.02306823669724771
70,0.00013507875622947106
71,0.0001305732558396195
72,0.014158098638559704
73,0.004238495430827809
74,0.002889879211217694
75,0.03176978080133556
76,0.10813646634146341
77,0.06288185842026825
78,0.0035612150195818357
79,0.036081636936090226
80,0.004740168094482447
81,0.06471490754147813
82,0.002893210023850465
83,0.004273994392153413
84,0.00501535636788516
85,0.014924376048822274
86,0.02142344167754569
87,0.005521000752155568
88,0.004850755756499274
89,0.004311011986484083
90,0.025485532608695648
91,0.1492745728476821
92,0.037094337929389314
93,0.08212189647619048
94,0.01630607085776278
95,0.04131689744136461
96,0.004199617763442722
97,0.002893900789425927
98,0.0028942882270392924
99,0.010044013074603017
100,0.0028974346900042178
