1,0.00014159131372457978
2,0.00013199595016697774
3,0.00013068371583724783
4,0.00014371998156055327
5,0.00013576954158029406
6,0.00013571753555570578
7,0.00012647651009015386
8,0.00012830420424238088
9,0.0029917919716555058
10,0.00012752313492442576
11,0.0030430387165328856
12,0.0001426213413408977
13,0.003247759089543803
14,0.0028998405577062665
15,0.002889230949621859
16,0.0028743279056281284
17,0.00012952368019864102
18,0.0032173332230038053
19,0.00014122978794102039
20,0.00013248694992121858
21,0.00012737815243415803
22,0.0029716973934496567
23,0.0028788268949432915
24,0.00014550807154423224
25,0.003192524435989479
26,0.0028963064399335227
27,0.0029011702184125435
28,0.0028939410605051175
29,0.002883732953374159
30,0.00014452648997234063
31,0.00013551677991063208
32,0.00319152458340504
33,0.002895229137763174
34,0.002891999758963543
35,0.0029052839471771265
36,0.0001382649825798959
37,0.003006433069306931
38,0.0029012811549875843
39,0.00289564561678524
40,0.00013720373189650891
41,0.0036051666259350225
42,0.0028873239956597138
43,0.002893190928505107
44,0.002896430807258697
45,0.0029121803665218696
46,0.0028963469694240716
47,0.002893209349031592
48,0.0028898018900869993
49,0.002887348313194628
50,0.0028900076480910027
51,0.002882943656604453
52,0.002883659359590917
53,0.0028935190062900694
54,0.00289125300140167
55,0.0028741189236217105
56,0.0029022758206537222
57,0.0028942834706137555
58,0.002889418097251586
59,0.0028949513303975685
60,0.002911399839423135
61,0.002889597171032358
62,0.0028978003062447655
63,0.0028974670002448284
64,0.002913360850805227
65,0.0028993922732463784
66,0.0030181219576719573
67,0.0028925641407226616
68,0.0029039130984407956
69,0.0028953084044971433
70,0.0028929893488259502
71,0.002887732555475157
72,0.0029102569212555397
73,0.002885281892769129
74,0.0028909493951860495
75,0.004229905420951716
76,0.002879251087354918
77,0.0029213142240464007
78,0.002887893994057725
79,0.0028937702967609625
80,0.0028758053495349534
81,0.002880325833179326
82,0.002892868875321721
83,0.002894414547758402
84,0.0028936420266783744
85,0.002991959344221418
86,0.002886647923507236
87,0.002898944751448612
88,0.0029050751665253725
89,0.002889803073981914
90,0.002889076899565988
91,0.0028856477427852954
92,0.0028780169894366196
93,0.0028824661044348195
94,0.002888989231946145
95,0.002909570838551918
96,0.002886668817951196
97,0.002892535465849703
98,0.0028913824989406133
99,0.002903268241632498
100,0.002906410899404876
