1,0.00013735322126983226
2,0.00013467912746738603
3,0.0001312235699324016
4,0.0001307477772670705
5,0.0001403777811298536
6,0.0031832861793753713
7,0.00013131889726205315
8,0.0001453913257360841
9,0.00014123392997612185
10,0.00013788020893431728
11,0.00013344770709090544
12,0.003312120632448004
13,0.0001265449358058592
14,0.002922892043399638
15,0.002901887721650113
16,0.0028930438493176293
17,0.00013853711995201224
18,0.003235062673940803
19,0.00013065176253207215
20,0.0001388832816474794
21,0.03081329225171233
22,0.00013184237890292395
23,0.003260544036316143
24,0.00013346440984213464
25,0.007709074889931808
26,0.0029919593199623945
27,0.00013246355312408447
28,0.00013249369016500348
29,0.0035208643313736116
30,0.0035059724166083507
31,0.00013960322322761497
32,0.00725940342944588
33,0.005099992697811448
34,0.00013544254285867432
35,0.09275780868644067
36,0.00013762984189667093
37,0.00013727825419516468
38,0.003200806198244723
39,0.0030331985279347146
40,0.025888139133681858
41,0.003610885929809341
42,0.07669074138543516
43,0.0001413195446956917
44,0.007035696024690374
45,0.000141476235535197
46,0.009123556629434695
47,0.00013363145717695381
48,0.00012883496260632736
49,0.007182987399796769
50,0.0029068386771439175
51,0.0035861692709104366
52,0.002900375288158214
53,0.00289276151463622
54,0.05355108322368421
55,0.08821114290060851
56,0.005005711058140741
57,0.004236982642102506
58,0.008313693241787828
59,0.007414795442339251
60,0.002904419443566191
61,0.002901023922323093
62,0.004187897287257019
63,0.08822500242424243
64,0.002914247553858571
65,0.005609098620769587
66,0.0001367941234495529
67,0.006093472721629175
68,0.04434360319634704
69,0.002924564987428712
70,0.06329174455370651
71,0.004129437780441856
72,0.010367728244662826
73,0.0028968029785450245
74,0.002960123464184789
75,0.02931365473251029
76,0.002901131041463129
77,0.0028998370698580175
78,0.0029025684645909646
79,0.004195764264069264
80,0.002917731620941509
81,0.01996049660691421
82,0.0028896223582235534
83,0.005193103544260027
84,0.0035556144997039665
85,0.011743436425855514
86,0.0029023230851519042
87,0.002907554376407572
88,0.005987462466207912
89,0.011195324881689114
90,0.0043842204121081006
91,0.0029048719365119048
92,0.06871897853618422
93,0.018597260612623765
94,0.03194329767649687
95,0.006309270406088019
96,0.002906393354578166
97,0.04328278218579235
98,0.0029075873912503105
99,0.006610060707151418
100,0.004653928783196523
