1,0.00013462045100743768
2,0.00013969750896480893
3,0.00013430800495390198
4,0.00012658581572310286
5,0.00013788384005336706
6,0.000141405996461057
7,0.00014945713738243228
8,0.0032122207552808878
9,0.0001444229475409338
10,0.00013778949979306704
11,0.00013193837315735672
12,0.00013226466428971492
13,0.00013600800992684446
14,0.00013746686754161384
15,0.00013654261243063514
16,0.000136241922508434
17,0.0001426364215386907
18,0.00014050345761570994
19,0.00013521462823079468
20,0.0001382599121201348
21,0.0001355187757010863
22,0.00014007895404972556
23,0.0001359012513679804
24,0.00014279061091918387
25,0.0001408922976071975
26,0.00013004407290455124
27,0.0001388176816298069
28,0.00014249882389498863
29,0.005119252905562666
30,0.00013528450025673908
31,0.0032634567972959273
32,0.0028929038781077563
33,0.0028911072921910283
34,0.0001277707814266509
35,0.0001318191962568377
36,0.003110024628214727
37,0.00680067712448353
38,0.00013712810400183466
39,0.0001316684581548693
40,0.0001334168219561516
41,0.0039676245104002614
42,0.0001403696919467611
43,0.0001264812721932286
44,0.000138903776808997
45,0.0001343524916805854
46,0.04896537962962962
47,0.0028995748769064496
48,0.005493745164125893
49,0.00013340646873010297
50,0.005804756649484634
51,0.002896198119530814
52,0.01607330175894263
53,0.0028974604288967403
54,0.006244632627557627
55,0.036135390836466164
56,0.003079164464308436
57,0.0029006489646141663
58,0.00013318280718035448
59,0.019557585098532126
60,0.05315404478092784
61,0.0028936459935562497
62,0.0028944310296673288
63,0.0028908514428177753
64,0.0034586646515443326
65,0.010452931772069933
66,0.004948725827441337
67,0.03858356821821822
68,0.0001331391467880006
69,0.029030650831146105
70,0.005606347435748343
71,0.003585195527290099
72,0.004820168002784961
73,0.0028958845417986837
74,0.0028830708525276697
75,0.002899015844810625
76,0.0030295737752342616
77,0.0028993314424832625
78,0.002889329524852467
79,0.0029052723718851403
80,0.005778078907833551
81,0.006901914861209965
82,0.047610323696682465
83,0.002966083233165706
84,0.002896406656992563
85,0.06872030120192309
86,0.002892190217391305
87,0.055322242533333336
88,0.004922645026390581
89,0.06062317729257642
90,0.006746688755215576
91,0.0029361992269163082
92,0.0028863438780192324
93,0.01462880747686313
94,0.002879903747751897
95,0.06443320693597561
96,0.011897720170731707
97,0.0778727336996337
98,0.002898598579794155
99,0.0035684541427731223
100,0.0028875647484618164
