1,0.00014770018506382625
2,0.00012954612003427126
3,0.00013679665090249183
4,0.00014250997037988322
5,0.00013445562554385417
6,0.00013630784879112168
7,0.00014370002387047916
8,0.003007561464585835
9,0.0029133533293956722
10,0.00012991580190418908
11,0.00013698362082552654
12,0.00013011576986121429
13,0.00012970041515698462
14,0.00012981864632195445
15,0.0030379249137479744
16,0.002894597524451734
17,0.00013771822341288666
18,0.00013576349703272632
19,0.00013333728486884087
20,0.00013194433474679506
21,0.00012975372560136066
22,0.003219368501594483
23,0.002900108927906688
24,0.002892618090261563
25,0.00013532909481491845
26,0.00013561639907019502
27,0.0001283542482183347
28,0.003324657134661191
29,0.00013675488519891766
30,0.0001353215841139844
31,0.0001357901209170401
32,0.00013833369760345317
33,0.0001350848942074228
34,0.0001418742523642675
35,0.00013942130542300352
36,0.00013074846119681967
37,0.0030133387160344105
38,0.0001321644241753534
39,0.00013258191893865292
40,0.00013030553305973846
41,0.00012636980095357005
42,0.00013168243547433283
43,0.0001380906658811443
44,0.003037339209268312
45,0.002897194055922848
46,0.00013221235849004983
47,0.0001406109201482235
48,0.0030840458344697074
49,0.00013803853232548157
50,0.00013156232769706423
51,0.00013987474385127418
52,0.0029898871624016447
53,0.00013024995894854254
54,0.0031583857074348014
55,0.0001304240356677975
56,0.003164681750386824
57,0.00012645517942593172
58,0.0001314584501492863
59,0.00013901410845574717
60,0.00013000054918514502
61,0.00012720703916925186
62,0.0029331534461409185
63,0.0001314858771308184
64,0.0030010295741956135
65,0.00013901170967349323
66,0.00013074490988078784
67,0.003045630024223912
68,0.00012976090740198832
69,0.00014152757396172083
70,0.003075479820484412
71,0.0028876500479357663
72,0.0029002352141278822
73,0.00013010079074590286
74,0.000132976521415783
75,0.0001335838673497646
76,0.00013672865561589835
77,0.00013567656961547788
78,0.00013559587398143957
79,0.00013862606979964283
80,0.002977922484729341
81,0.00013305815037268132
82,0.0030455993427419355
83,0.00013672253311277036
84,0.00013233090527791313
85,0.0001325750950904082
86,0.0001343604375501412
87,0.000135637757731595
88,0.00013915816304909412
89,0.003132116460357509
90,0.00013239980711301534
91,0.00013969641139630626
92,0.00013560217222956857
93,0.0031256174006873954
94,0.00012848784380283
95,0.0001275052515302929
96,0.0001360950542523991
97,0.00013771782374637806
98,0.00014299472770056625
99,0.0001406878680902614
100,0.0001362546134350169
