1,0.0001441600921105927
2,0.0001327444145527665
3,0.00013461736504096972
4,0.00013959103051156146
5,0.00014197429180867185
6,0.0001387277445118354
7,0.006757519746649075
8,0.0001386628447484751
9,0.009753849947987352
10,0.0041620697189755935
11,0.00014087305249090417
12,0.0001286701951202634
13,0.0031047644746653403
14,0.0028855371098512558
15,0.002907712664302744
16,0.0028927031882409297
17,0.002893051123555045
18,0.00013749647408750618
19,0.0032994209441022013
20,0.00014625659816914935
21,0.002973334874759152
22,0.0029075130475957724
23,0.00013528491968181372
24,0.003160946560265534
25,0.0001475226082338574
26,0.00014018311467564644
27,0.0035306125214681055
28,0.0028932218910491564
29,0.05229452992376112
30,0.005464328884236732
31,0.0028875912926608275
32,0.0029099300499445067
33,0.0072736420587809466
34,0.002909200311061342
35,0.002892770272886791
36,0.00013712840529599122
37,0.00013704157773199215
38,0.0001383190128405852
39,0.0051479781630103345
40,0.00289587549132948
41,0.00013848908208257971
42,0.003557725168646872
43,0.0029125877740251763
44,0.0029033410489251303
45,0.00013188595115075965
46,0.0028912184523809527
47,0.0001409465180629725
48,0.00013445598624539578
49,0.007091193426930832
50,0.0028810341567974337
51,0.004182289049016224
52,0.0028850626361655767
53,0.0001329749110999482
54,0.0028802004183972637
55,0.002887535115998795
56,0.0028968595197927335
57,0.00296652912118581
58,0.003719660178398109
59,0.0001336788674687447
60,0.008204715507572798
61,0.037393873234732825
62,0.0001451340845701827
63,0.0029814325110881583
64,0.00013792596906885745
65,0.00014983736122436481
66,0.021984300010766802
67,0.0035477234648086916
68,0.0028828443699237018
69,0.0035806578641715187
70,0.004950769121249234
71,0.00014382931186365366
72,0.026415481547139404
73,0.00013497479960215445
74,0.00013961738429951967
75,0.0001362906439474018
76,0.00013337773815919927
77,0.009142352318747231
78,0.00013553373979292158
79,0.0033508371213273073
80,0.002883245591504075
81,0.003105023603459321
82,0.0029621487584983743
83,0.0028964352030176645
84,0.00012917632619192118
85,0.00013117320219452065
86,0.003161314319781157
87,0.00013829637995129196
88,0.010268693388580746
89,0.00013838128246241948
90,0.003801992249942839
91,0.00013423118196370217
92,0.00013372088482966634
93,0.003120974140128556
94,0.0029120632449777723
95,0.0029077928273359534
96,0.0028930737452896485
97,0.0028983125280338897
98,0.002912836417595662
99,0.00013778200113600468
100,0.0034641326625106665
