1,0.00014924433720658192
2,0.00014183748210119104
3,0.00014100029329981335
4,0.0001330653236761266
5,0.00538137753554759
6,0.00013775664244940325
7,0.00013812941220663787
8,0.00013905047419366916
9,0.0001377274770948365
10,0.0001367487472109855
11,0.0001423158319478433
12,0.0031706865019493894
13,0.00014122383791128108
14,0.00013433676616593585
15,0.0001406804617544063
16,0.00013819423426663982
17,0.00013418374156874864
18,0.00013937603250056558
19,0.00013828604344856744
20,0.00013952333762979916
21,0.034157618204121686
22,0.00013680227631810766
23,0.00013225329191277245
24,0.0092814992520096
25,0.00014028491329124663
26,0.04135381769147789
27,0.00013616546456514668
28,0.00013059131244596122
29,0.0001302216601386003
30,0.00616471759885336
31,0.0034798253603442095
32,0.0001440076568186207
33,0.00014575136876596412
34,0.007006546029203409
35,0.000134510125556212
36,0.013930276513604902
37,0.07697702322695035
38,0.0034584384970642993
39,0.006627564307458143
40,0.0030035452572748844
41,0.03558299871794871
42,0.0029893458698064357
43,0.07941817568807338
44,0.3096210503289474
45,0.07651844607843139
46,0.0028965879645169025
47,0.10544371524822695
48,0.00014605219132358553
49,0.0028851826969550506
50,0.0424322894874477
51,0.00013523263312417087
52,0.00012936337165973049
53,0.00012762230084727608
54,0.0033090542926098
55,0.07845883508137431
56,0.06365390397897898
57,0.009195923691989358
58,0.002886991835671428
59,0.00014271108485518623
60,0.03726905511022044
61,0.011230339728752262
62,0.00013227240043987986
63,0.010705373059710874
64,0.2503825775132275
65,0.2540096391304348
66,0.012785336871035943
67,0.024470092693905824
68,0.01952527714460784
69,0.04664214691428571
70,0.003466723228403048
71,0.15896149895833334
72,0.0028954692424829178
73,0.17956493599221787
74,0.005257613626982403
75,0.006689779804347825
76,0.08714448658051689
77,0.05273545921717172
78,0.0144331496471626
79,0.027412159618320615
80,0.004196758311721992
81,0.003594066849558835
82,0.23882354768041233
83,0.03213959798109965
84,0.027617681943351693
85,0.00013953141285491625
86,0.004628340346512409
87,0.11898282539473685
88,0.003559745678207256
89,0.0042403438647274794
90,0.00014545387257412017
91,0.00389060988094744
92,0.0046784760246889765
93,0.003717758881654538
94,0.1561929308219178
95,0.010403400537815126
96,0.0034747833177871854
97,0.0038765795549023244
98,0.0028956341980281345
99,0.00014498859632706287
100,0.051682256184210525
