1,0.00014458705923030667
2,0.00014345245545857317
3,0.00013204744098197578
4,0.0032663598835410814
5,0.00013465750842911556
6,0.0001387775845182622
7,0.0001267922957425962
8,0.0032084397460789907
9,0.00013835415106617935
10,0.00014746383306841107
11,0.00013188802431021832
12,0.00013570504693460588
13,0.000139948108753578
14,0.00013679269911252053
15,0.00013288069964396504
16,0.0001339843845923693
17,0.00013745940089520095
18,0.00013421351931748054
19,0.006622105791597034
20,0.002891420459756245
21,0.00013824826079444837
22,0.00013716313986386283
23,0.005127124842977674
24,0.003589968683226293
25,0.0028823693295816
26,0.002886328957209417
27,0.0028812232137509735
28,0.0029009758281164527
29,0.0029016884333262255
30,0.002889922478754383
31,0.0001364462919741645
32,0.0001397236571173437
33,0.00014615234669236056
34,0.0001267028184375102
35,0.003352135763983741
36,0.0051903942360871065
37,0.002886596725153227
38,0.0028919095926138953
39,0.0028873969533830908
40,0.0028871633511468714
41,0.0028990357251490444
42,0.0001341404209021107
43,0.004072537172619641
44,0.00012916991534982504
45,0.0033684078263767716
46,0.0001446215048098322
47,0.003966071915789548
48,0.0030170795284197374
49,0.0028985916425626193
50,0.0029150229999391616
51,0.0028974970024279404
52,0.002967292024859172
53,0.004720372614563716
54,0.00290556134295294
55,0.00290739249045919
56,0.0028905710964142405
57,0.0028912275989551395
58,0.002894221443125974
59,0.0036001220153137076
60,0.00663794207524877
61,0.0029031057449689208
62,0.0033514295324262723
63,0.002898015824751691
64,0.003482625555954089
65,0.002891994462824832
66,0.0036455111808478655
67,0.0029219908555467846
68,0.003571312409866578
69,0.002892395374570868
70,0.0029058406941525525
71,0.004608172124904798
72,0.00288960262597371
73,0.0030774740546884913
74,0.002938997425541099
75,0.002885609772319495
76,0.002891946999034865
77,0.007523745835374817
78,0.002891049444652439
79,0.00289430980032818
80,0.002890658103175569
81,0.003935980245861733
82,0.002892744808427956
83,0.0029053363432670174
84,0.0028993862785041047
85,0.002899976090343839
86,0.002894960351340008
87,0.0029061135427010925
88,0.005646536179618428
89,0.0028871969605051375
90,0.0028931970698939536
91,0.006077591997744079
92,0.004334617959165398
93,0.002902956503237742
94,0.017696809335405045
95,0.0001358524661287654
96,0.003180428359277285
97,0.0028913953140067505
98,0.004738629106945977
99,0.002890543146879627
100,0.002898346734178774
