1,0.00014163086065307478
2,0.00013981305311088892
3,0.0001360872013742963
4,0.00014567359525860255
5,0.00014105607616727754
6,0.00013114486453374437
7,0.00013340755853779616
8,0.0001325809170744955
9,0.00456476309595294
10,0.00014388758674378576
11,0.00013702899463967342
12,0.00013134011612093895
13,0.0001448149288349239
14,0.00014029250358648746
15,0.00014383905468293772
16,0.0031714329010633633
17,0.00014219554604632325
18,0.00013747193480818424
19,0.00014068096204740744
20,0.00012955984323224077
21,0.004838977854665433
22,0.0028841618392395824
23,0.06065715160349855
24,0.0001331609640051924
25,0.004672672465368757
26,0.00013846384067117083
27,0.003885673932354653
28,0.007434882529105391
29,0.0030937890773448957
30,0.07379108825561312
31,0.0035918113846723433
32,0.003071699292602461
33,0.00012643844158151467
34,0.004617268705711933
35,0.16422917715827337
36,0.06676446066978194
37,0.00013959385908964976
38,0.17179340754716982
39,0.00290484040935321
40,0.0029078116456862147
41,0.0029172198596836727
42,0.0028987501442654484
43,0.002884679335681322
44,0.040833908584807496
45,0.02775713038073038
46,0.024371764187725634
47,0.007337804098608592
48,0.005829538546511628
49,0.0029847143438328297
50,0.00014326236533423878
51,0.04186758667413214
52,0.0029060128828611123
53,0.15076667383333336
54,0.006894589765458422
55,0.00617559269547325
56,0.004279722187858973
57,0.0042341921568627445
58,0.00013372986082731055
59,0.008707404616470146
60,0.13136468793604653
61,0.08853684447791166
62,0.019181337711598745
63,0.002895611415437655
64,0.08565656502946956
65,0.028451134727272728
66,0.07749273727915194
67,0.06513198856060606
68,0.002896351438688722
69,0.0028927795805540535
70,0.07724534840142094
71,0.007659857619890666
72,0.023981805874125874
73,0.00549425646104025
74,0.0001415149814659867
75,0.0035595499483952408
76,0.044121373291571744
77,0.004745615288082084
78,0.0029001870515818627
79,0.06989228303715671
80,0.023984263330975954
81,0.16917807930402934
82,0.2508498449197861
83,0.1653062029304029
84,0.01141365672786428
85,0.03719273569364162
86,0.08641818379446642
87,0.005918264820468978
88,0.006491176666666666
89,0.03166700975609756
90,0.012285058254367728
91,0.05672406872455902
92,0.12862369815340907
93,0.002883375897960411
94,0.005854541562864929
95,0.005682982769695824
96,0.002899402468496987
97,0.11402074720101779
98,0.314288033
99,0.044984707601351356
100,0.002894500915954945
