1,0.00014106088726495176
2,0.00013867905530274896
3,0.00014046382749247787
4,0.0033506505858247842
5,0.0001317363055810598
6,0.000135656707526972
7,0.00014190933992288805
8,0.00013296577138811457
9,0.0033646828632439745
10,0.0001355191244849249
11,0.00014159913760691792
12,0.00012660810312708449
13,0.00014553546753077456
14,0.00013276560804548516
15,0.0001279859272786818
16,0.0001431949113599427
17,0.003482049584160765
18,0.0001263701685847511
19,0.002903013857044698
20,0.0028988081735104912
21,0.00013449768164601746
22,0.00012957375115407594
23,0.0030612180519180407
24,0.005610013421725984
25,0.0001414325674809549
26,0.00014387210567927885
27,0.0030678898792484326
28,0.003699828459738981
29,0.00013651494781248422
30,0.004221881909198168
31,0.004964210111031151
32,0.0028889138807384586
33,0.0028999912202919537
34,0.002911782841129608
35,0.0065476760860766325
36,0.00013421003513486448
37,0.0032044008815885075
38,0.011949425240206948
39,0.002888905771321575
40,0.0029017169438296337
41,0.00357673170175452
42,0.002901114397301076
43,0.0028989335446543978
44,0.00013648642030985474
45,0.00689172641412566
46,0.003058837066136564
47,0.00013257844091647618
48,0.003369753543098288
49,0.005357430036427861
50,0.00290584164985018
51,0.00014132647150213068
52,0.0035932537305192014
53,0.002903129055302377
54,0.0029137164838550656
55,0.002910765598355204
56,0.002895197016969707
57,0.0028979509285584656
58,0.002902195296894861
59,0.0029097482554986446
60,0.002904133972636208
61,0.0029103708445804093
62,0.00290776848043676
63,0.00013257126212629525
64,0.004055695269046119
65,0.0029001348848633713
66,0.002891633673284654
67,0.0028972577989495544
68,0.0029003129514932236
69,0.0029086979654419196
70,0.0030932782856596805
71,0.00012985352703697063
72,0.003118887827130215
73,0.0028938066762211868
74,0.0029189203935270323
75,0.0029074147108052815
76,0.005376678640429338
77,0.00013453717628846687
78,0.005241159461787946
79,0.0029049160357164697
80,0.004188323821672576
81,0.0060985383925186406
82,0.0028900154338719333
83,0.0029094137938655046
84,0.004722886885117084
85,0.00290075625194015
86,0.0001369202108878837
87,0.00013204969858983607
88,0.0030664056064054783
89,0.0029028573525813556
90,0.0076901104073838315
91,0.002890859292008508
92,0.00013421799649240122
93,0.007747582761483476
94,0.0028952860723291713
95,0.005678501123489426
96,0.0028975801808541024
97,0.0028903891661613093
98,0.00014190023629260138
99,0.003360093123762977
100,0.0028939277301067968
