1,0.00014944728468141669
2,0.00014174737617915928
3,0.00012943299178288527
4,0.00013291747130453113
5,0.0030793737014324436
6,0.0028890114266561036
7,0.00014094717163615775
8,0.00013015462142476711
9,0.00012644111557725662
10,0.0001336390872210386
11,0.0035021013870334783
12,0.00012929215067443032
13,0.00013380380928600165
14,0.0035290415299692227
15,0.00014087964372995598
16,0.00013569130078319592
17,0.003606258295666214
18,0.03633175766961653
19,0.00013337244595807386
20,0.00013497304174566393
21,0.025004080329754604
22,0.0030437839748427673
23,0.0001310155569404537
24,0.003020440089918464
25,0.00014097974687226388
26,0.0001459290861600549
27,0.0049280447664874555
28,0.0034779691112068337
29,0.0030364605225191316
30,0.00013781812019610763
31,0.0035981318750361473
32,0.004308182669092846
33,0.0028907391646235724
34,0.002901540156279186
35,0.00013650288122183133
36,0.010534877063516631
37,0.0055070998443223435
38,0.0036394301486598088
39,0.004268601883024735
40,0.0030159287344139656
41,0.00013048454711743138
42,0.00638505783287959
43,0.0035359838669805767
44,0.009933323512690355
45,0.00012913064814078863
46,0.0034916520443767423
47,0.006617516977453444
48,0.0001355218999920705
49,0.003081734461143124
50,0.034944969754768386
51,0.007100638795434979
52,0.0028857412978993886
53,0.00357102716135678
54,0.005320008823521569
55,0.0029097440891058903
56,0.02656526051632498
57,0.00013901367252094275
58,0.002888016742617572
59,0.002900159825514002
60,0.07037915636363638
61,0.0001379168748719583
62,0.00014251323341598298
63,0.003096809065167105
64,0.0029025051234196266
65,0.002912642203473334
66,0.00731999710024228
67,0.0028901908100580943
68,0.0028558161650045328
69,0.00013127838818715535
70,0.003068394681039637
71,0.004928401667683546
72,0.004066650411660604
73,0.036443662207031255
74,0.006268330744900593
75,0.03010401862416107
76,0.0036208131704945005
77,0.0029086062050869632
78,0.00013073303912733533
79,0.009060141414136911
80,0.0028873695983670533
81,0.0047101781984948245
82,0.00013819330917693326
83,0.00013656816293821535
84,0.003769937894606255
85,0.011292411760596182
86,0.0028900722035760055
87,0.0029012208868624124
88,0.022132788047138047
89,0.00014072597079680717
90,0.007804557542599896
91,0.08873500917338711
92,0.003572336017822949
93,0.02379800688005887
94,0.032871536968325794
95,0.0001342719420094216
96,0.005122270881880085
97,0.08233976811175339
98,0.00012896187834880387
99,0.0032029501396701136
100,0.03471429042950514
