1,0.00014203196096452484
2,0.00013875726502474934
3,0.0001465224004268514
4,0.00014088428734588686
5,0.0001394137409444109
6,0.00013016321390680729
7,0.0031278676590372244
8,0.0001347477330702558
9,0.00013740095105656014
10,0.0001409486133079511
11,0.00012957568866378268
12,0.003244676586085796
13,0.0028778583087783914
14,0.002910092431458753
15,0.00012702637559440093
16,0.0030783637955982025
17,0.00291907775563582
18,0.00289990670895246
19,0.00012936743355534673
20,0.003145021619203515
21,0.0029206322619843247
22,0.0028926821362962965
23,0.002907565060613558
24,0.002890889224299065
25,0.0001318824669641643
26,0.00013391373411174559
27,0.00014107127932316368
28,0.00012906457255059084
29,0.00013745819279610983
30,0.00013701944875078157
31,0.003019478643629432
32,0.0001362884001017497
33,0.003077204231097987
34,0.00013261228006199288
35,0.002962211452494394
36,0.00012831276792611395
37,0.002913414212615518
38,0.0001349390074332452
39,0.0031191488929210648
40,0.0001398877594587967
41,0.0030905577486278787
42,0.0028923277368516393
43,0.0028909792135171078
44,0.0001300269244269389
45,0.00014064859885504422
46,0.0030861996833933705
47,0.002912415184985632
48,0.00013087623385364902
49,0.0033147890790071574
50,0.0001330030057893392
51,0.00013306046878442827
52,0.00013901046224205007
53,0.0030225852659210226
54,0.0029014696971566027
55,0.0028879614846708196
56,0.00013769851282343073
57,0.0030275366975151203
58,0.002896497699433238
59,0.0001463668304570395
60,0.00013683968842123352
61,0.003266250864839359
62,0.00013850902727769945
63,0.00014252961113779637
64,0.0030774986354378817
65,0.00013907095932597324
66,0.0031420705764002035
67,0.00012710555540899535
68,0.0001339110489278308
69,0.0001354471619780282
70,0.00014178686627840516
71,0.002994793142044626
72,0.00013695349564732683
73,0.0031782295794768023
74,0.002915649883406971
75,0.00014198345683767645
76,0.0001349847081997455
77,0.00014051428116041846
78,0.002952522044696465
79,0.0001438964323823472
80,0.00013800588546776824
81,0.00014097161985116079
82,0.003184639479939511
83,0.00288811198074193
84,0.0028950444213881876
85,0.0001398258767933236
86,0.0001353984628996661
87,0.00013526076672127325
88,0.00012947037743137673
89,0.00012916720859425143
90,0.00013526344970941125
91,0.000134204594794922
92,0.00013629952287505704
93,0.0001370265511199593
94,0.00014141430491781265
95,0.00013580771091342356
96,0.0029862821048433383
97,0.0028836982587519024
98,0.00013015753651210142
99,0.00013937813451248037
100,0.002987202811916615
