1,0.00014417610095259943
2,0.00013614513573482082
3,0.00013128467161048732
4,0.00013461218507967597
5,0.00014567441436376044
6,0.00013972216831619331
7,0.00015008240456201486
8,0.003347115472709323
9,0.00013411805758940944
10,0.00013211105855587816
11,0.00014409962804549058
12,0.0001329369679604207
13,0.00013564280652441897
14,0.00013659696322271397
15,0.00013851250106912538
16,0.00013159802453527704
17,0.00013203797263833518
18,0.004039186560579713
19,0.0001424738954891131
20,0.00013700810266979355
21,0.00013494997806459908
22,0.003238168391791301
23,0.0001410966438030627
24,0.005093535952507585
25,0.005960844723247232
26,0.00013868385132170905
27,0.00014261363455072944
28,0.00013491146530245885
29,0.00014030730973162096
30,0.0001290024567565476
31,0.003051470648084159
32,0.00014231294680754194
33,0.0051530275937462285
34,0.0029953309566563466
35,0.0029035292229113462
36,0.023091522972051807
37,0.0001465983268989156
38,0.00013364630941073275
39,0.00013654045445405538
40,0.006346933819321537
41,0.002892583998302207
42,0.002892798606175714
43,0.00014981016113965436
44,0.00013111727129828281
45,0.0031931524040512346
46,0.025271141410818713
47,0.0001407062545742953
48,0.003124994943617472
49,0.000140531190157084
50,0.0045737954537550425
51,0.0046945829920275114
52,0.00013234258455114826
53,0.0001366155115675259
54,0.003087466118839729
55,0.029179799341595664
56,0.002894318800949021
57,0.00013729422966985853
58,0.0031633923405710884
59,0.002899216250518253
60,0.0028814450006026996
61,0.002875827207777428
62,0.03513623921832884
63,0.0028917324575436863
64,0.0028841962185665294
65,0.003019177124672407
66,0.004507639586630668
67,0.04180837065556711
68,0.004836165536835809
69,0.00013524924928399104
70,0.0034347675436677658
71,0.00014033914312857706
72,0.00012926370694447414
73,0.00013607978478812248
74,0.030805769750889684
75,0.00013566228974257766
76,0.00336242195889365
77,0.0001326003217282528
78,0.004889673168043435
79,0.0047856000346054965
80,0.004315135588235294
81,0.0028886222980062954
82,0.004251892122414281
83,0.0028802147898445095
84,0.013633374383684447
85,0.03243097694323144
86,0.022263120624571038
87,0.008920659498259861
88,0.03060514596707819
89,0.008342987222678719
90,0.0029091058910472975
91,0.0029529776604806813
92,0.0029179807149021593
93,0.034237985502693004
94,0.007949382628661917
95,0.004504694968816904
96,0.003600798127090301
97,0.0028824378890758323
98,0.004651428054407382
99,0.0028955088393613163
100,0.0028828961476098968
