1,0.00013809082474877256
2,0.00013844075240376956
3,0.0001400016655553173
4,0.00013565370623458967
5,0.000138203701654097
6,0.0001373524566010044
7,0.0001440186275390018
8,0.003110664212123633
9,0.002899172073312527
10,0.002892711611345437
11,0.00013045512644321153
12,0.0001368341386762338
13,0.003000076798460462
14,0.0028917340765309265
15,0.002903308849982012
16,0.002895929153090869
17,0.0028921356315947193
18,0.00014132137988284678
19,0.0031033019173840257
20,0.002900125013845302
21,0.0035427115629420095
22,0.002906542959823074
23,0.0028967947607640805
24,0.002913935884166084
25,0.002901748714153561
26,0.0028902037698056793
27,0.0029081055575779636
28,0.0028819616910793614
29,0.002910904935000924
30,0.0029062066079818334
31,0.002896251517061358
32,0.0001310035646177866
33,0.0034569807778138174
34,0.002897320326617827
35,0.0029000243709931053
36,0.0029044962539624478
37,0.0001381384662962362
38,0.00013727076694051513
39,0.00013405878070202253
40,0.0032619856134893503
41,0.002898803408340834
42,0.00289703023797841
43,0.002893103241346497
44,0.0029066351770262256
45,0.00014726920766456775
46,0.00301317909161001
47,0.00013560936684513632
48,0.003402988316146491
49,0.0028894418436264074
50,0.002889654016139044
51,0.002894607305210618
52,0.002898194978492054
53,0.002910250299742221
54,0.0028934012689890796
55,0.0029115089544449906
56,0.0029051327579841246
57,0.00290534363831747
58,0.002922689253695178
59,0.0028976238077858883
60,0.002888583999034633
61,0.0028977666242347095
62,0.00013610709616492303
63,0.002962723607974881
64,0.0001304573305799877
65,0.000137156924357538
66,0.003017047836154583
67,0.00013476056365240702
68,0.0030524730243161094
69,0.002905225952380952
70,0.002902101950549451
71,0.002887075778316172
72,0.00014048741385091088
73,0.0028866992142641285
74,0.0028964500181378476
75,0.0028924947959623314
76,0.002905133618310535
77,0.00289652075872254
78,0.002902055055977691
79,0.0028918763106559374
80,0.002894865447425935
81,0.0028985201169908215
82,0.0029029021423012035
83,0.0029045971622193986
84,0.002897059474386987
85,0.00013173021336647622
86,0.00322093721607392
87,0.00013895771138277923
88,0.003027974437490097
89,0.0029037040030441405
90,0.0028953407088760977
91,0.0029086385462951843
92,0.002891090347920525
93,0.00013810205951325535
94,0.0033385185459311895
95,0.0028993415358710686
96,0.0028936700589970504
97,0.0028925438088314593
98,0.002896710889579904
99,0.0028848177825147115
100,0.002906843040193412
