1,0.00013354121164788264
2,0.00012672908815199402
3,0.00013575631337888846
4,0.00013172867404914415
5,0.00013250538629396103
6,0.002958260491570938
7,0.0001416662735485148
8,0.00012723392924814046
9,0.0033173590759737965
10,0.0001402812637967496
11,0.00013388306106368005
12,0.0031621823943596633
13,0.0001381983810063681
14,0.00013101809882154423
15,0.003182071343320233
16,0.00013239887473237552
17,0.0032259052021217176
18,0.0028868166956157165
19,0.00012645863933374968
20,0.00012927560689705294
21,0.00014293322205623512
22,0.0030913709790675163
23,0.0028927763367359344
24,0.002901615406833825
25,0.0029086769240668974
26,0.0028834601542261583
27,0.0001352918058626403
28,0.003270833285837083
29,0.0001461065356628038
30,0.0030361002599227703
31,0.002876189168471972
32,0.0028929641835092113
33,0.0028917046555569322
34,0.00013819898188751739
35,0.00013496910965218607
36,0.0031803063725830724
37,0.0028883877902864557
38,0.002901438254046101
39,0.0028977730972547604
40,0.002888007629918895
41,0.002892923686791296
42,0.002890943834238458
43,0.002875723249985081
44,0.0028838706812137336
45,0.0028917159626393497
46,0.0028944694088729747
47,0.002888785321888412
48,0.0028844588426256853
49,0.0028992929977711733
50,0.0028984157655428397
51,0.0028890263594962625
52,0.002879024170800215
53,0.0028929802871105687
54,0.002902148904557284
55,0.002899519151145038
56,0.002887616661307513
57,0.0028808414877024595
58,0.002893364196477543
59,0.0028923401020969617
60,0.002883171271850513
61,0.0028848351010410285
62,0.002899475819473109
63,0.0029003779199880046
64,0.0028870583479470276
65,0.002887161724179247
66,0.002888065646517354
67,0.00289059286946179
68,0.0028940171355193215
69,0.0028942402904362616
70,0.002890325641748445
71,0.002897449718336016
72,0.002887551992019644
73,0.002900344050038947
74,0.0028910402765414517
75,0.0029083942258024847
76,0.0028936685709136786
77,0.0028791616723054616
78,0.002896875115347256
79,0.00289687977415231
80,0.002884165211459755
81,0.0028912202410290317
82,0.002908773014800712
83,0.0028853995360607334
84,0.0028935638774903356
85,0.002889311751429431
86,0.0029014892412479597
87,0.0028875022777202853
88,0.002902238957200284
89,0.002889144062069253
90,0.0029028664956901786
91,0.002893449228728327
92,0.0028830394713018287
93,0.0028988786500456065
94,0.002896224251091837
95,0.002883350763499784
96,0.002904331762749446
97,0.0029044333309464735
98,0.002892392198409326
99,0.0028814701313140834
100,0.00290560571793935
