1,0.0001398300570090308
2,0.00013504476070268714
3,0.00013738271443140083
4,0.00013406142378605832
5,0.00310359176071763
6,0.0001299436580625765
7,0.000149516827333135
8,0.011063704272788527
9,0.0028854557481472407
10,0.00013126631371924695
11,0.00013593591264331339
12,0.00013936904250152284
13,0.00642471211420633
14,0.00013558469206657167
15,0.0001387961474569171
16,0.0001400773678514749
17,0.006138848902671667
18,0.003437648683837094
19,0.00013466531553646025
20,0.00013729144055700467
21,0.0001311093359909135
22,0.009143588319442963
23,0.0035106149474299067
24,0.00013329090609941102
25,0.00952777408101203
26,0.0001396278572508972
27,0.02136563131147541
28,0.00013619057953253205
29,0.004114864150371094
30,0.0001370091556911723
31,0.00014409250606558661
32,0.00013770200815952616
33,0.003231520396490472
34,0.0028784165105601466
35,0.002875867092908327
36,0.0001340513288292027
37,0.00014125021269805951
38,0.00012640496762030738
39,0.13642486625766873
40,0.008163368811720903
41,0.002886714471264843
42,0.04384697616468039
43,0.005829609835111543
44,0.04666354218203034
45,0.00477640195701469
46,0.0028779492122871044
47,0.0001361487337053521
48,0.12991499234104048
49,0.002895929197777911
50,0.0029164565487160583
51,0.0028837066109698513
52,0.00013028623899265546
53,0.00013071790995002337
54,0.05429793107734807
55,0.09250608608786609
56,0.00013397690247122143
57,0.26930732601156065
58,0.0028890040424761673
59,0.1111309402255639
60,0.0001404479554795872
61,0.04858502080246913
62,0.006983500308641975
63,0.04544228163841807
64,0.027060260806809764
65,0.004819618141153082
66,0.0028886655643421996
67,0.00013667391452674768
68,0.202697360745614
69,0.0034552515995133473
70,0.005570881883808869
71,0.0028819787416004892
72,0.004701933975563909
73,0.053352792191601044
74,0.013871915962333486
75,0.0028983404686258934
76,0.0030525978622777143
77,0.0029050739813844535
78,0.0052460803856957654
79,0.007480655272727272
80,0.00013102215844184738
81,0.0032710206694020745
82,0.002888373909622556
83,0.18213926976744185
84,0.18094409862204724
85,0.00014144414988603613
86,0.010063655844687184
87,0.0028902149046371333
88,0.03399720927419355
89,0.02551956707137601
90,0.31106426933333337
91,0.013134320461471487
92,0.08314816905222437
93,0.15773836332179927
94,0.017339322391767206
95,0.004217208261639048
96,0.029368223817034703
97,0.06431611327300152
98,0.00013157191248004373
99,0.00013464851879397654
100,0.02775439836134454
