1,0.0001323398416611593
2,0.00013230912062368915
3,0.00013252688263056008
4,0.00013448170706179964
5,0.00013383487053950514
6,0.0001475786786226963
7,0.0001388883086438585
8,0.00013987731310000757
9,0.00013768275438477972
10,0.0001332595479683082
11,0.00013541869357031554
12,0.00013549138319053205
13,0.00014107884117963365
14,0.0001419620490080247
15,0.00013612711539849517
16,0.0030679826250484686
17,0.00013186744885131308
18,0.003492594233258693
19,0.00013285041783842294
20,0.003252910821381873
21,0.0001388166609321167
22,0.0028944840187086194
23,0.00013242187543365574
24,0.00013355986320487067
25,0.003097650540481259
26,0.00014171948322121256
27,0.00013559953411843264
28,0.00311306493480481
29,0.00013617170843083034
30,0.00294574262553802
31,0.0001419725675454109
32,0.002969937881834352
33,0.00013199967429889707
34,0.00013512327840564266
35,0.0001344589944317958
36,0.000143751564360286
37,0.0001352364003883714
38,0.003088790248252278
39,0.0001368024494971904
40,0.000143243172273892
41,0.0031337905973310054
42,0.0001346334224909329
43,0.00014522422766360325
44,0.0030762967655648993
45,0.0001329382733190758
46,0.003004600823310424
47,0.00013954817973120756
48,0.0001409680487876175
49,0.00013342087312771873
50,0.00014264174024832698
51,0.00013405407500997104
52,0.00012988628510710354
53,0.00013560236339466873
54,0.0001355079253391913
55,0.00014905234153293458
56,0.0030676870467130674
57,0.00013982421123148522
58,0.0001398116953461808
59,0.0029790699725672476
60,0.0001369011954792635
61,0.0001343437903153557
62,0.003298282971615031
63,0.00013456038354717957
64,0.00014029635931168486
65,0.00013711092739108382
66,0.00013446526022299607
67,0.00013071035724874
68,0.00013411038380777566
69,0.0032385075215774248
70,0.00013477432436681904
71,0.00013341783194018258
72,0.00014424311664993394
73,0.0032705336294662542
74,0.0001448439890800894
75,0.0001292940068061678
76,0.0001392075965668971
77,0.0031186678992342716
78,0.0029047751239669422
79,0.00012936175973860076
80,0.0030339154147122384
81,0.00013733016057140246
82,0.003228819689701911
83,0.00013747966037234343
84,0.000132151277378255
85,0.00013160826629978994
86,0.00313118090477017
87,0.0001366113278264425
88,0.00014679334844182096
89,0.00013296815276714563
90,0.002937474924828179
91,0.002892810105423117
92,0.00014343369285021572
93,0.00013194505754051772
94,0.00013786278457958112
95,0.00013101725065582762
96,0.00013662868694881377
97,0.00013208587198019226
98,0.003201379241931687
99,0.0001366170432958748
100,0.0001420069941732717
