1,0.00013383886409872161
2,0.0034174466212860298
3,0.00013921024123078339
4,0.0033429223924883677
5,0.00013569191046600555
6,0.00014728257039346967
7,0.0031679675252930216
8,0.00013086042689411143
9,0.0001325511477688771
10,0.00013214774451799293
11,0.00013550575402766546
12,0.00012656079911589415
13,0.003225051042060416
14,0.00014298109285051618
15,0.005807334044625088
16,0.0001485507429909282
17,0.00013613484758216412
18,0.000128358436934961
19,0.00013667579681417758
20,0.0037624946638732445
21,0.00014309869081893068
22,0.0032790307858832197
23,0.00013323737667366505
24,0.003072551496165131
25,0.002898334140568099
26,0.002892868377153218
27,0.004777738500591483
28,0.01127265411178364
29,0.0001368237844436098
30,0.003124556852998696
31,0.0037193932381500423
32,0.00013848159498368713
33,0.003173478930331281
34,0.0001309457500804909
35,0.00013504922001357825
36,0.00015047042847738
37,0.014495627049251149
38,0.0028856556103911825
39,0.0028884345181910505
40,0.004175556846186987
41,0.0029008892464917634
42,0.002891837795582763
43,0.04579398704545455
44,0.00013965547892358276
45,0.003250797057108861
46,0.0028995589202351272
47,0.0037023265734696395
48,0.0029029138447066697
49,0.0001300282666932735
50,0.0001449266102695259
51,0.003884102455101753
52,0.0001385588465393019
53,0.00014270359058906606
54,0.010850018711825915
55,0.0028705505799047734
56,0.0029024623448063924
57,0.0029857280854233923
58,0.028460646428571428
59,0.008229394295584766
60,0.0030466620753765677
61,0.004702004906871185
62,0.002892020263370915
63,0.018766937278828555
64,0.049850891738066096
65,0.00013222297778740747
66,0.0033946621022653972
67,0.002900877415743934
68,0.03217083454312554
69,0.03375187993716337
70,0.0029050979329102444
71,0.00012804118881156045
72,0.00013056385615207923
73,0.00013008362271599275
74,0.003168758098051027
75,0.004038143536961413
76,0.0001356747515199651
77,0.032125484158415846
78,0.002879119185334802
79,0.002886786588919553
80,0.005896176555617378
81,0.00013827869605316978
82,0.0033550802521721003
83,0.006080723275753374
84,0.03294281631944444
85,0.004637338016489311
86,0.00289107355432332
87,0.0028940046189791517
88,0.00013228720521436972
89,0.013975591316150419
90,0.00289381585194249
91,0.002896093551540284
92,0.003475082842293907
93,0.0029015964240865872
94,0.002909721381373893
95,0.0028946583723902853
96,0.024332156696738372
97,0.030467060292921077
98,0.0029001680898161747
99,0.00013596928984148073
100,0.004210473947669272
