1,0.0001328200029954272
2,0.00013451174971144082
3,0.00013477633066428667
4,0.0034606764803451194
5,0.0001346924111397558
6,0.00013667073417621026
7,0.0001388743595154199
8,0.00013501707513682848
9,0.00013681587510547095
10,0.00014510212013459436
11,0.00013627120665874227
12,0.0031770798563406453
13,0.0028986501160517954
14,0.004741777560359792
15,0.00013558183061684106
16,0.00013835524051724883
17,0.009288680717550022
18,0.004231920882699461
19,0.00013256286789494745
20,0.00014297555900298953
21,0.00298081855103443
22,0.0001343179103820517
23,0.003076212229828231
24,0.0001369951844964371
25,0.00013779276152014794
26,0.003048405734521362
27,0.00014007481370610552
28,0.005679838269139054
29,0.00013240135887920495
30,0.0001317959050646056
31,0.000134187856071964
32,0.0001395186175742503
33,0.0036538218533878055
34,0.004849638457308538
35,0.006076350327497166
36,0.002900894079110012
37,0.0001312048087101353
38,0.0037389516511117517
39,0.0035421164877933713
40,0.0035849721897864163
41,0.024747571408250357
42,0.0001299242492764839
43,0.0030455932156762643
44,0.04493531021324355
45,0.004047928068124896
46,0.005216140209703532
47,0.00013795575940100507
48,0.003205878720592851
49,0.0057521912973552535
50,0.00014003305061772547
51,0.003042047454647167
52,0.01428342629252001
53,0.0029263575623764823
54,0.00013499140747126056
55,0.00013834740477379292
56,0.006434136379005899
57,0.00012973118895012587
58,0.003146596303868562
59,0.022054316757679177
60,0.008351365600691442
61,0.036088240455840456
62,0.042633320760869564
63,0.002906811599805199
64,0.0001298957507505486
65,0.004321047252057877
66,0.0046541690680003845
67,0.000141955114613518
68,0.00013322390335990668
69,0.00013042046355008215
70,0.0034782569420857908
71,0.00013594848528396524
72,0.004551607324651113
73,0.137154765
74,0.004265829387957967
75,0.002896675210752783
76,0.0029006949306522923
77,0.003540721292372882
78,0.00358416835998934
79,0.0028894656649539967
80,0.00013879697870402985
81,0.0030510508200027567
82,0.003754275656722201
83,0.004320320666131621
84,0.00013575693590888192
85,0.0001351597961582263
86,0.005518356685894029
87,0.04620890647820966
88,0.006983885539951564
89,0.002901357676693117
90,0.0029348587281642657
91,0.005972592720763723
92,0.002873575381444567
93,0.00013831345627675522
94,0.003060292576837587
95,0.0028899553579017664
96,0.00013667466207726127
97,0.0001328674159863404
98,0.00013300920906979112
99,0.00013979709514527164
100,0.0031832424126594103
