1,0.00013228336888898663
2,0.00013394177449659175
3,0.00013445081624458257
4,0.003122435269038911
5,0.00014105856974391075
6,0.0001325194508706554
7,0.00013528333637769204
8,0.00444757236258141
9,0.00012641699245248227
10,0.00013252520053772383
11,0.003131696281199249
12,0.00013552206356194808
13,0.00014094049326882007
14,0.003266595330126924
15,0.00012646882391964868
16,0.00014676052162187664
17,0.0033301972118820722
18,0.004869611332493721
19,0.00014327101415115585
20,0.0032589031216355173
21,0.002897545673221481
22,0.0031260352109949673
23,0.0001439335434418757
24,0.003166642699539696
25,0.00013298404163683398
26,0.00013205870832404102
27,0.00012642321258491353
28,0.00013468108635238097
29,0.0001321215393168028
30,0.003200351074856644
31,0.00013887299615754914
32,0.0001419048525744326
33,0.0033309165464461723
34,0.002909109891911586
35,0.002887848406075523
36,0.0036119009376867905
37,0.002900520863758347
38,0.017774395965842165
39,0.0029129435665570576
40,0.0001430126661890985
41,0.002901596426852743
42,0.0028976729143997096
43,0.0001304023334638908
44,0.005019488392144333
45,0.00013418485763421232
46,0.0031569340480865717
47,0.00014417110137684026
48,0.0036536125243309
49,0.007588606858441763
50,0.00290361791220751
51,0.0029040796566680922
52,0.002920945918494128
53,0.010140024093750002
54,0.003047875179448432
55,0.00013388910283491137
56,0.005059726948418023
57,0.0028940923737652622
58,0.003051887207910815
59,0.0028968690640034105
60,0.0028868270665232203
61,0.002890577655798845
62,0.002897093557669009
63,0.004237547382908075
64,0.0029035978322479498
65,0.0028936219400122927
66,0.003056123860335901
67,0.0028957418082158773
68,0.002902214181685782
69,0.0001337029015337627
70,0.0032615114195998895
71,0.002906697449965708
72,0.0028854271680975483
73,0.0030278756510579694
74,0.002899445537764538
75,0.0028994209013161886
76,0.0029182783244033127
77,0.0029095646369160888
78,0.003481574446759592
79,0.002899478034391866
80,0.002899607421471535
81,0.00014145288937084178
82,0.025723848435054774
83,0.010685004655513978
84,0.003917517968516857
85,0.0029037753327942274
86,0.00289025897275009
87,0.0029061258605825487
88,0.0045747576799826046
89,0.0037081650011459998
90,0.008698918115942028
91,0.0028770053492591474
92,0.0029088189200863934
93,0.002904679826065654
94,0.002900180118560146
95,0.002887252523622279
96,0.0028981341087613295
97,0.002906460048534963
98,0.005939335250827916
99,0.03312820572587918
100,0.002917516067332135
