1,0.0001326655621662306
2,0.003740306857432445
3,0.00013852240432404847
4,0.0001367841374597866
5,0.00013452742726131648
6,0.0030552201233705768
7,0.0028934581863113112
8,0.0001391585689861907
9,0.00013293636788719608
10,0.0001344020118803951
11,0.0001303183510335209
12,0.0034494874927145733
13,0.00013274095027271596
14,0.00013117825510074722
15,0.00012663366455159522
16,0.00013176792099945585
17,0.00013277963249224347
18,0.00013159015770622967
19,0.00013033094411393642
20,0.0001374061396119194
21,0.00013564986009653485
22,0.003206102512594995
23,0.00014387653178406725
24,0.00013646642657908365
25,0.0001394104858058528
26,0.00012963128194756513
27,0.00013773154272660494
28,0.00014531152595744168
29,0.00014102856349812378
30,0.00013543541107843908
31,0.00012920742141312567
32,0.0032956519343191534
33,0.00012736332001034553
34,0.0001321795929482245
35,0.00014586677089730568
36,0.005737399363443498
37,0.00013173999034911732
38,0.00012646228340631012
39,0.0001311035540050694
40,0.0001403075797069478
41,0.00013684573623286232
42,0.00013150468597678867
43,0.0001288362796688182
44,0.0001385260924805482
45,0.00014281219981872485
46,0.0031745711297820898
47,0.00013159748812068567
48,0.00014011072549477237
49,0.00013969397379340467
50,0.00013476643995075807
51,0.00013359821569079947
52,0.000134050346389555
53,0.0029456645278891722
54,0.00013302590359106904
55,0.00013417070555821753
56,0.00013627931574330252
57,0.007365686663777392
58,0.0028823068538647344
59,0.0001394372870566419
60,0.002893274932910466
61,0.00013740413086271825
62,0.00012685307314517716
63,0.00014003519023056917
64,0.00013266336128316643
65,0.00013659489481402106
66,0.00013429350156678963
67,0.0001325331980383601
68,0.0001459893052465
69,0.00014158240225284346
70,0.0001377995289404177
71,0.0001354759528207802
72,0.00014003052365279306
73,0.0041865783937440225
74,0.0001348674847155882
75,0.00014354486311438168
76,0.0001382452153507854
77,0.0001315807204466943
78,0.00014390217348751047
79,0.00014040373961663537
80,0.0001391515231601033
81,0.0030821226862717114
82,0.00014230372145269236
83,0.00013677471341017616
84,0.003490581831073039
85,0.00014363228421217217
86,0.0001354998516449219
87,0.00014481428443694275
88,0.0001426798696588093
89,0.0032585515189733987
90,0.00014289680276357086
91,0.0001457261844875905
92,0.0001382456729514699
93,0.00013873409421852697
94,0.0001474657143621176
95,0.00014105335822756218
96,0.003188641593527128
97,0.00013692835190645854
98,0.007491795666152501
99,0.00013768034488157596
100,0.00013183605528543625
