1,0.0028985849509168366
2,0.00013579127991657645
3,0.00013506332517959751
4,0.003090101833552916
5,0.0029139483237644883
6,0.002885223710947844
7,0.004299771844487838
8,0.0001371434613895801
9,0.00012647795449156717
10,0.010726703747545975
11,0.0029738329025549614
12,0.002884896698694259
13,0.00013955839191398298
14,0.0030059420895653844
15,0.00013353096630761696
16,0.004326884331656478
17,0.030191684831932776
18,0.00013864569314251846
19,0.0035520941982655732
20,0.007931910533548909
21,0.0001391043589346999
22,0.0001437782319612851
23,0.00013754841120563132
24,0.0001283642099031446
25,0.00014417705178515537
26,0.0001448020942630914
27,0.025094471678192898
28,0.06884731080858086
29,0.005497610684848693
30,0.00014073586083232894
31,0.003420800259253134
32,0.004087190368592265
33,0.002902734473536911
34,0.00012642474412374156
35,0.010380053528553767
36,0.005316256514705382
37,0.00013557573777925487
38,0.00013496880638183708
39,0.00922366308309539
40,0.044494395576707736
41,0.00013536509163337523
42,0.003939186077480231
43,0.006630755466285034
44,0.00013213918616662305
45,0.23813442989690717
46,0.00013293740776816905
47,0.004138636994134618
48,0.0001336378653661126
49,0.008182945891122183
50,0.00013294430410469498
51,0.009011691175453652
52,0.0029043970375185737
53,0.0001388080609625452
54,0.07061687422945205
55,0.002896906136120757
56,0.04085131371134021
57,0.07532776475265017
58,0.00012661404537841933
59,0.0073352516411234175
60,0.028320025818036717
61,0.043324997194719474
62,0.0035752102497053615
63,0.004856694227970897
64,0.0030357745403777375
65,0.10985911753731341
66,0.027719372415123456
67,0.00810078468203368
68,0.0028629786744925416
69,0.00014544042875983503
70,0.0036126473730409433
71,0.0062864259803287175
72,0.005999870969672786
73,0.0001299604288283117
74,0.01289754205324196
75,0.002919947194140081
76,0.00013605808534971538
77,0.05404033686030429
78,0.00014014940519910707
79,0.00014087566893921023
80,0.0001464526825744605
81,0.0030728974807557726
82,0.04111357113347458
83,0.0001370546627779177
84,0.007115694627493096
85,0.00014074766868812282
86,0.01267936074831056
87,0.00013021423339884067
88,0.00013117661958302268
89,0.02313733975800104
90,0.005663312403393025
91,0.004142693520813745
92,0.00013540993275443022
93,0.00013080422681840416
94,0.0364176190279214
95,0.002923465784031086
96,0.0029568959951456306
97,0.002899273668913487
98,0.02797902916666666
99,0.002896842878284506
100,0.00014216753365073768
