1,0.00014217525063486218
2,0.0001373499190887712
3,0.003494467460419713
4,0.00014833234851684143
5,0.00013099772988900722
6,0.00336034773581043
7,0.00014450927643530737
8,0.000140308228349553
9,0.00013950206065767821
10,0.00013739025346389173
11,0.0001349954588512578
12,0.0031084372124034836
13,0.0001458750223998764
14,0.0031059726663356505
15,0.022366694807821982
16,0.00013474331290263105
17,0.003183576591442028
18,0.004898475645392429
19,0.0001386850496251216
20,0.00012974923426299328
21,0.02863437947189097
22,0.02129990010033445
23,0.002898819657307504
24,0.002893398291801873
25,0.0001429409465106748
26,0.00013405544477020111
27,0.00013544444369500015
28,0.10010046031746032
29,0.00013703227064767605
30,0.09448190378787878
31,0.002913126767153458
32,0.0001337666138433919
33,0.003697355281300012
34,0.014742803460837886
35,0.00014246906757589377
36,0.003573457479579195
37,0.004743494825682285
38,0.05549466045883939
39,0.02417460704996578
40,0.03787824121687929
41,0.00012988197786896862
42,0.0031663982817781177
43,0.0029049565497538143
44,0.00013676937084312115
45,0.02981887258064516
46,0.00764121589002796
47,0.0028913300587774175
48,0.006048285931520644
49,0.0029996713467317806
50,0.0028936868185166996
51,0.0028906723261951893
52,0.008018358146756006
53,0.08100107416356878
54,0.021084083916776748
55,0.0028867808904482484
56,0.0030235089386526155
57,0.0028938257578206257
58,0.0034366643429828304
59,0.0034449684027036643
60,0.00289749368044276
61,0.012040517844453216
62,0.03531529111111111
63,0.002880286850290464
64,0.07630366200716847
65,0.0028837688074773095
66,0.0029036282355907558
67,0.0028893420592357856
68,0.05957023422535211
69,0.0028845096019809243
70,0.0028767595018672444
71,0.056159309396433474
72,0.002901077376033058
73,0.002893621741969958
74,0.006947153087564176
75,0.0028879246565260063
76,0.09028786326530612
77,0.002881568090375444
78,0.00290828570176499
79,0.11744453039473682
80,0.008636913866628508
81,0.02788820113192818
82,0.005952359215854707
83,0.052721722935196946
84,0.03474629397590361
85,0.002894907765590724
86,0.041658192615384615
87,0.0028900638189007714
88,0.0028904516587443404
89,0.0059092754114348405
90,0.005899986915774098
91,0.03968487440357853
92,0.002883672130600861
93,0.004859335027516997
94,0.009997869283837056
95,0.12551440250696377
96,0.0028896567281428576
97,0.0028948623795180726
98,0.004994485347136382
99,0.002884787641036523
100,0.0029199221795646914
