1,0.0001458977135114842
2,0.000130174946935935
3,0.00014421292042830902
4,0.0001341229191413289
5,0.0001352490500892694
6,0.00013047773173027296
7,0.0001318682331232115
8,0.00012857354925433024
9,0.005544481803775697
10,0.0001350277078728819
11,0.00014043126775882195
12,0.00014147094078557294
13,0.000138303741783362
14,0.0001319810779058871
15,0.00013408821661967067
16,0.00013432154883272267
17,0.00013131242784380308
18,0.00013686270748596312
19,0.00013461091539272312
20,0.00012906281388517878
21,0.00012939267562902835
22,0.0001305623014595044
23,0.00298421076007326
24,0.0029021815043082815
25,0.00013437991907536855
26,0.00014584954430647192
27,0.003285363713613503
28,0.0048133743384401115
29,0.0037220352618664216
30,0.0001356310992779218
31,0.002889101607717042
32,0.00014372762224338124
33,0.003278299210225399
34,0.0001372402270762967
35,0.0060182085513953085
36,0.004091914179612973
37,0.0035794100933213536
38,0.0028786916863464056
39,0.00014111929506522376
40,0.006640639125125075
41,0.00300448448468312
42,0.00014202730009824562
43,0.006155159200133654
44,0.004920387294583079
45,0.0028988081744200167
46,0.0001368001567596851
47,0.0031480185093001275
48,0.011100550663615559
49,0.00014345375449919325
50,0.003674121873044456
51,0.0029253046401169166
52,0.00013945787360148982
53,0.003045166991488346
54,0.002998415640500992
55,0.002949028372379778
56,0.0028905829730491786
57,0.008483794688323092
58,0.002898627675130009
59,0.0028981278009381035
60,0.0028930129873294347
61,0.0029171466533163422
62,0.002889692197991745
63,0.0029908393547381546
64,0.0029133829742962053
65,0.002905356367547634
66,0.010864673334113607
67,0.00582035366963594
68,0.0029143779375189562
69,0.0029002592776332502
70,0.041485946267087286
71,0.0048822762499999995
72,0.03414001407129455
73,0.002897555954203147
74,0.006346738528607777
75,0.0028837788699843563
76,0.0029017046645607135
77,0.007485793005860579
78,0.0048541280805304
79,0.002910932265606024
80,0.04110101744432661
81,0.0029022929549496154
82,0.0041689332931554015
83,0.002895055683073524
84,0.0036227457669583425
85,0.003629006850033725
86,0.0029001898654416936
87,0.002892258269766315
88,0.0035803108978145304
89,0.0028969174713772954
90,0.0029049780046990783
91,0.008086580625168418
92,0.0029080595650559917
93,0.005269777485571165
94,0.0072350452213631525
95,0.0029033597855392156
96,0.004096942948187368
97,0.005603428865740741
98,0.00560598633626679
99,0.002887949933139591
100,0.003553182632887416
