1,0.00012999375552181117
2,0.0001369469906609666
3,0.0029747092406630445
4,0.00013037974094818965
5,0.003025603209132003
6,0.00013858443078976592
7,0.003008396390826829
8,0.002894281792833412
9,0.0028865396390530805
10,0.0001395749793803135
11,0.00012914096280046452
12,0.0001301445820151797
13,0.00013368925462327118
14,0.00013661248860859354
15,0.0001377393954757076
16,0.002972873559179084
17,0.0001322817002697976
18,0.00013553086607434432
19,0.0001439044528027547
20,0.00013779550064327357
21,0.000130189332018077
22,0.0001374907285928384
23,0.0001311493869143758
24,0.00013820514929267162
25,0.00013413402293376014
26,0.00014301981397112388
27,0.002955811339174831
28,0.00013988581367308943
29,0.0028998327241211526
30,0.0028913958778625957
31,0.00013421383554072992
32,0.003055740923329355
33,0.002892009227780476
34,0.00014125634461450466
35,0.00013925354083619437
36,0.003117912297929068
37,0.00013921897031109564
38,0.0001395723723020703
39,0.00013510503353347588
40,0.0030424469925998416
41,0.00013727388608769428
42,0.00013351307624494236
43,0.00013939725187448091
44,0.00012845414766581118
45,0.00013909534076406515
46,0.00014567228984573865
47,0.0001349062182879628
48,0.00014295666691758758
49,0.0029842742175084642
50,0.00013580042738981743
51,0.003219815863869452
52,0.0001403595570131122
53,0.00014269178372856926
54,0.00013334197842784675
55,0.00013932950301770195
56,0.0031852106082148105
57,0.0029033886662956777
58,0.0001267600701743169
59,0.00013530873706868395
60,0.002941861514922294
61,0.0001275928232097305
62,0.0001362341907832707
63,0.0001283005361447564
64,0.0029764939273356395
65,0.0028913845949374737
66,0.00013438550499251893
67,0.0031795948730688737
68,0.00013149372371889896
69,0.0032798431668648433
70,0.002888161826563818
71,0.0028861340095029243
72,0.00014909147182651472
73,0.003101175045725646
74,0.0029017858190783464
75,0.00014267356431898245
76,0.00013554910279724904
77,0.002962377929145868
78,0.00013335412185194677
79,0.00013622724481511566
80,0.003013927749551825
81,0.0001320154730389318
82,0.0030973848718975185
83,0.0001349517400153342
84,0.00014011043011781903
85,0.00013191389847066603
86,0.0029579983548408896
87,0.00013921053298049995
88,0.00014288856301636034
89,0.0030956791078260975
90,0.0028999401742733533
91,0.00014070867602897016
92,0.0030298277163625354
93,0.0001306564232853867
94,0.0001482952221632366
95,0.00299712212242642
96,0.0028963129940070514
97,0.0001365352643467453
98,0.00013176504314437888
99,0.002950672285673719
100,0.0028955330674977314
