1,0.00013183540072685539
2,0.00013973712190905896
3,0.00013202885859366377
4,0.00013698339588553946
5,0.00013129008299059728
6,0.00014160937656886496
7,0.00012847634763769864
8,0.00013256097031356248
9,0.00014156370990318443
10,0.00013234916486940857
11,0.00014385639645287887
12,0.00014125141667184132
13,0.0001347381882352941
14,0.0001354761916856757
15,0.007317103207886088
16,0.0001331227368853329
17,0.00013777969903342938
18,0.00012658678489552115
19,0.006356129184321859
20,0.024634361206281225
21,0.0028840050861287394
22,0.002883249469053398
23,0.1242167179347826
24,0.00014408910035827068
25,0.023856243809849517
26,0.0465159144
27,0.0001322862811199041
28,0.005957964394051884
29,0.004623950502056038
30,0.003564486342042755
31,0.00014037829663138146
32,0.00013005538290859745
33,0.0034695139614561088
34,0.004718486717115196
35,0.00013856869408350393
36,0.004245570452178017
37,0.0001282598147727728
38,0.015930498139489588
39,0.021347887249666225
40,0.014289703220635384
41,0.03096433186677632
42,0.012135911346384339
43,0.008337645043103447
44,0.049788510265700484
45,0.002899495941568364
46,0.005467285773277521
47,0.07257593494983278
48,0.006161589868864456
49,0.003726443648174607
50,0.02534191995783556
51,0.05435031978751659
52,0.06549241420972644
53,0.0028877528757622864
54,0.0029339750968874895
55,0.0037009693051620056
56,0.0047320660717093885
57,0.032223899487617426
58,0.002899596443236715
59,0.0029060012552702187
60,0.0501799447530864
61,0.005841646231546231
62,0.06826467310789049
63,0.002994209990691902
64,0.07545097706502638
65,0.0028942107057306063
66,0.036796114079422376
67,0.002883470187240374
68,0.00970127332924586
69,0.03543322025139665
70,0.0028989849902365597
71,0.002902494834325576
72,0.0029106612975976216
73,0.06877158737864078
74,0.1181657337301587
75,0.007111148180008532
76,0.044603440964523275
77,0.07661037019400353
78,0.0036211685290806752
79,0.00582686672638242
80,0.003538021993875869
81,0.2724750248538011
82,0.023595124473862864
83,0.15148095633333336
84,0.005231525004356159
85,0.03160336075630252
86,0.2296976130541872
87,0.04687575845714285
88,0.0246559538247566
89,0.06770147681962026
90,0.1057973228235294
91,0.041489756572029454
92,0.002887267417971774
93,0.4227522765765765
94,0.0037235963165075034
95,0.012297094404040407
96,0.01504137935596605
97,0.03991718992950654
98,0.036442030254476905
99,0.3148492866666666
100,0.055961110646900264
