1,0.0001301631571758915
2,0.00013156023241309313
3,0.00014372335132375032
4,0.00013549740795225284
5,0.0001541382457476111
6,0.00013367273595686572
7,0.00013021061862163595
8,0.00014140920918635566
9,0.00014097780588331793
10,0.00012925181729350936
11,0.00013243249708572762
12,0.00013476969188593724
13,0.00013759242540223367
14,0.0031332172141386163
15,0.0028918683790862786
16,0.004105674285351827
17,0.00012718235818593668
18,0.002944464857418377
19,0.0001403243382455503
20,0.002894375130309747
21,0.00013346864961931562
22,0.00014106255233923437
23,0.00013489844212239327
24,0.00013697758391938763
25,0.003987910644320842
26,0.00014882190213937724
27,0.0001459086049040693
28,0.0029924762277495232
29,0.002894098143549364
30,0.002890987868661475
31,0.002892376649761701
32,0.00013997882690012397
33,0.00012653070603930826
34,0.00013573182611441442
35,0.00013564650355317467
36,0.0001357638701493966
37,0.00013865540120828657
38,0.00013404251922417658
39,0.00013688854750346842
40,0.00013388696069191043
41,0.003111561670362549
42,0.0001359228712939337
43,0.0032774822481825704
44,0.00013833377393763976
45,0.0032216405624467524
46,0.00012939459110855253
47,0.00013428167216922944
48,0.0001359754561425488
49,0.003644662689622875
50,0.0028867813975249016
51,0.0028905703642976384
52,0.008375262016418144
53,0.00013494284111800078
54,0.0032192809156577316
55,0.0001352639806862428
56,0.0001318530584050343
57,0.003402437632529367
58,0.0028922142120899777
59,0.002885759285628092
60,0.0029002500620096336
61,0.00013202685609157812
62,0.005096134030975142
63,0.00014032604129395743
64,0.00013655220427241668
65,0.00013315875558412568
66,0.00507524724592656
67,0.0028990745772648732
68,0.006007373371042299
69,0.00013209973771023738
70,0.00014098874811414345
71,0.00013709628391648382
72,0.00014522008855147244
73,0.0029843552446588563
74,0.00013642232205427393
75,0.0029545026200431613
76,0.0001386081788846362
77,0.00014852029323020565
78,0.005156947481100944
79,0.00463334695548109
80,0.00013590672740804218
81,0.0034354688293826378
82,0.00013946483529120885
83,0.0001351930053890973
84,0.003257622957886131
85,0.0028859109706959704
86,0.00013198856754361005
87,0.003345586549177931
88,0.00013500243095073067
89,0.008629432697028988
90,0.0028899415969488185
91,0.00013315657055639862
92,0.000131993096663326
93,0.007183866315241007
94,0.0028967025034561515
95,0.019834202633311388
96,0.00013872012316539355
97,0.0001346604705563987
98,0.0030265707959545645
99,0.002904216455696202
100,0.0001323489386055616
