1,0.0001429561308865923
2,0.0001419645176475019
3,0.00013814809345191867
4,0.0030156718282017317
5,0.00013438630591895083
6,0.003075271778102639
7,0.00013613063435976522
8,0.0001357212792157348
9,0.00013859294756794627
10,0.00013015586475009297
11,0.003125482117322201
12,0.0028826893952197
13,0.00014017908644796436
14,0.00012937092204521876
15,0.00014047608309096773
16,0.0031087466538376823
17,0.0028950127695156185
18,0.0029029016021115952
19,0.0028982724776191633
20,0.00013246723502809973
21,0.00012882620559113945
22,0.00013842483813873295
23,0.00013632962755420817
24,0.00013245335517164208
25,0.003305987350515144
26,0.00013622137021576113
27,0.0032618546265470627
28,0.00289334956800864
29,0.0001346694963393972
30,0.0030257759852216747
31,0.0029071846540043547
32,0.0028894579825138544
33,0.0001461036004952663
34,0.00013167019963662143
35,0.00015200656390516632
36,0.003218550397495582
37,0.000145497346599458
38,0.0033653300665969638
39,0.00013229238789735275
40,0.00332413876754638
41,0.00013554339233530935
42,0.0001372866556437012
43,0.00012641712427916197
44,0.00013288616985365935
45,0.00013375010522623644
46,0.00012651942622406858
47,0.00013911628434116251
48,0.0031174561351439262
49,0.0028985898545854463
50,0.00012983131039013163
51,0.00013173545781598227
52,0.0032774532195816225
53,0.0029050116546369864
54,0.00288979918279959
55,0.002916717617437676
56,0.00012993486231493946
57,0.00014173497804067882
58,0.00013202660536806466
59,0.002990598351561261
60,0.00013828430285619167
61,0.0033909628285278106
62,0.00014001269546281802
63,0.00012970162224155445
64,0.003046920385653071
65,0.0001358662505147621
66,0.003244186822705296
67,0.0028949912707081737
68,0.00013706902100140314
69,0.00014106580954603807
70,0.00013461798601165258
71,0.00012650303818735798
72,0.00014223001841757175
73,0.0001285013459146415
74,0.0029690354884384204
75,0.00013731231969566466
76,0.003268532218179794
77,0.0001428261930431486
78,0.00014094614283580425
79,0.00013684012805651358
80,0.00013323883683777552
81,0.0030870863657108086
82,0.00013303846335931653
83,0.00291911957356142
84,0.00013783145119317707
85,0.00013718683279912548
86,0.00013909019171190712
87,0.0030676454383301703
88,0.002893488280192048
89,0.00014463818930385923
90,0.0001395800783694042
91,0.00304645919530999
92,0.0029039062922580254
93,0.00013776458316721156
94,0.00013387464756910576
95,0.00013264187603824948
96,0.0029994367430572133
97,0.00013611999564136965
98,0.00014625681624873027
99,0.00013900074910145295
100,0.00013021299625225988
