1,0.0001309525504780695
2,0.00013221343204334612
3,0.00013303712283374444
4,0.00013235589713949948
5,0.00012928292364410243
6,0.00012679500027131397
7,0.00013362649048421222
8,0.000140708342250823
9,0.00013414860817930873
10,0.00013586976692989836
11,0.003060074834243771
12,0.00013142199450969435
13,0.00013256589274044373
14,0.00013274269542411368
15,0.0001388143702422437
16,0.006347965672294128
17,0.00013843098284360025
18,0.0001436317902770367
19,0.00013678667544087577
20,0.0001368668766054772
21,0.00013958976739526836
22,0.00013631274267257188
23,0.0001384947119055684
24,0.00307708653876334
25,0.00013434545834126326
26,0.0030967451219838823
27,0.004875101078494974
28,0.00014066706140607627
29,0.00014757672965911583
30,0.02548590166007905
31,0.005525544917279412
32,0.0028908404098065134
33,0.002906807345260251
34,0.00013167232211370772
35,0.0028921656108964492
36,0.002902145137427263
37,0.014327725071496662
38,0.00013552373865596113
39,0.0034732536771932836
40,0.0028921093990341624
41,0.002895314513483965
42,0.002873837542057198
43,0.0028869067197971384
44,0.0028872518125261704
45,0.0029084399690609075
46,0.018694549022602317
47,0.008506724266461957
48,0.0001385790262533266
49,0.00013503196379671112
50,0.014919161813006766
51,0.00012851728435064774
52,0.03634729340382678
53,0.0029731387506191187
54,0.002903871117750015
55,0.003035290940525588
56,0.005781398413077199
57,0.030673331404958683
58,0.002898576227903847
59,0.0028823426032110085
60,0.003561177895111533
61,0.008477987510396452
62,0.0028992938939245466
63,0.0028985188087398985
64,0.002884038130429537
65,0.00857475461192351
66,0.02571971034090909
67,0.002887730138364013
68,0.01379011191780822
69,0.0029038210563242543
70,0.004629247350549976
71,0.07947154954545453
72,0.0059012913265927645
73,0.0028857145244597484
74,0.014009014024107558
75,0.0040391524777213285
76,0.0029049884255034374
77,0.0028851838273116965
78,0.0028909684457044246
79,0.027755785466867466
80,0.002901889523367379
81,0.0029080597236337638
82,0.005503780271111925
83,0.002904084585077567
84,0.004879475956613437
85,0.004263427175301632
86,0.0028813034367115866
87,0.006271091123610033
88,0.023227744245091397
89,0.0028938843390452873
90,0.004212039763745332
91,0.004179943614634567
92,0.03103273095637584
93,0.002894466733963519
94,0.005469004937782806
95,0.008526031919684077
96,0.002897675787231415
97,0.0028951804770115056
98,0.0028838478805222677
99,0.0028913498167617902
100,0.015220780322460246
