1,0.00014019630211901376
2,0.00014408341533555846
3,0.0001349037558768469
4,0.00012916749161028706
5,0.0036190787500518617
6,0.0001310345502340402
7,0.00013377359352411596
8,0.008229074642913914
9,0.00014234564241271883
10,0.0033191011302639442
11,0.00013358887607041903
12,0.004641648815350952
13,0.00013647507957139342
14,0.027915983595691796
15,0.002885241213950369
16,0.040413788000000006
17,0.0028999757222739984
18,0.00358404512050865
19,0.00013914907746845941
20,0.00013880951949268947
21,0.026677051102941177
22,0.00013346243350531546
23,0.007722037778882861
24,0.005521674977026281
25,0.0001404109770104339
26,0.0028961320361118588
27,0.030170058977455724
28,0.00012936287201671887
29,0.00414684907114117
30,0.00013831973013963555
31,0.00013702182561558835
32,0.00013222880378937327
33,0.004570448049309185
34,0.00013274388745042773
35,0.03313181516245488
36,0.0001347716039210192
37,0.08745088101010103
38,0.0028821613288748534
39,0.00289780546686747
40,0.00013890410733393696
41,0.00014191070743360166
42,0.007763693411788212
43,0.027993267709923667
44,0.00013500668294904862
45,0.004797820149028794
46,0.00013003332027168292
47,0.003207054953383781
48,0.011138851776005798
49,0.00013759500304938205
50,0.00013658676116258753
51,0.0053339105727312165
52,0.004638444194074215
53,0.00013130354670394927
54,0.024690418204068205
55,0.04227418987274656
56,0.0029058871643490767
57,0.002900441520396306
58,0.0028921515336673594
59,0.03139290431472081
60,0.004105259032522547
61,0.0001473440515474872
62,0.006364576067651857
63,0.005217028612365404
64,0.002886656718533261
65,0.16293816179577464
66,0.006548926976065891
67,0.1129765802798982
68,0.0001422644262892904
69,0.09482017069716776
70,0.00013214766977169556
71,0.00014220742436422528
72,0.006993014808797087
73,0.00013221772975276121
74,0.010464247669510646
75,0.0028807391916075282
76,0.00014054277249122402
77,0.08213874406130268
78,0.006146227956219313
79,0.005062526125822231
80,0.0028835995368666424
81,0.00465609132044624
82,0.02530336424982053
83,0.07501987319223986
84,0.07254013330508476
85,0.00012947037642398494
86,0.049839401164294944
87,0.00013236994844994504
88,0.00013680302023958693
89,0.02130925421484003
90,0.11828021135770236
91,0.00013623547066618277
92,0.00013240605672868957
93,0.005260101168717588
94,0.00013161812520921248
95,0.0001390427343722507
96,0.00013231273183122934
97,0.0001357403075921921
98,0.004827330816764966
99,0.028769463744855967
100,0.0030716152398453838
