1,0.00014101057137953703
2,0.00014036853239969926
3,0.00013379475702751052
4,0.00013438032263598547
5,0.0001263812834308048
6,0.00013150318240518315
7,0.00013808609880810915
8,0.00013187967517983606
9,0.00014409871716702184
10,0.00014119807773830926
11,0.00013575369452070463
12,0.00014143652472203936
13,0.0001318559819295163
14,0.00012832684887546016
15,0.00013533808835343818
16,0.0001410173221157439
17,0.0030988309902849212
18,0.002893536129685296
19,0.0001367664288773835
20,0.00014614618940133456
21,0.0029572286919980224
22,0.00013335676696154728
23,0.0030984255315038385
24,0.0028756227043757964
25,0.002893616940951494
26,0.0028847591141876743
27,0.0028855225514516827
28,0.002900522244508118
29,0.0028868096020974706
30,0.002892136924939467
31,0.002896731070849108
32,0.0028970984685303637
33,0.002902634752688172
34,0.0028824947156412244
35,0.002890761892165021
36,0.0028896532068626245
37,0.0028903657284566698
38,0.002898720816569322
39,0.0028902841745369803
40,0.00013722550401636924
41,0.0031648279169025676
42,0.002907266251825706
43,0.002899555294796284
44,0.00013760675699280673
45,0.0031375846943154312
46,0.002899828742864158
47,0.0029032692658852556
48,0.0028944256098506513
49,0.0028936793026388295
50,0.0028964030339805823
51,0.0029010790285506896
52,0.0028941832295188937
53,0.0028938950714458705
54,0.0029007068550696968
55,0.0028920581905684363
56,0.0028792635263861777
57,0.002902976861517056
58,0.002876091102726388
59,0.0028932452836985894
60,0.0028912550526761925
61,0.002898562925379588
62,0.002879654473652478
63,0.0028951573316155317
64,0.0028843622561265762
65,0.0029017081921610304
66,0.0028973852452946628
67,0.002890792370061112
68,0.0028981826004917358
69,0.0028976599140004815
70,0.0028935654183878294
71,0.0028817068779405436
72,0.0028983102494676
73,0.002897267690501205
74,0.0028859110942525946
75,0.002887156231272146
76,0.0028969497146118725
77,0.002895395082084571
78,0.0028857377093121314
79,0.002897868424859847
80,0.0028949819660580812
81,0.002893905421575279
82,0.0028837104100011843
83,0.002888778999697793
84,0.0028848106504668273
85,0.0028920237219730947
86,0.0028851301150344486
87,0.002897853168061024
88,0.002880987869642095
89,0.0028980440274879947
90,0.0028828670080580676
91,0.002888276944135394
92,0.002907937057077485
93,0.0028962558950504677
94,0.002888550499441618
95,0.002883778858331826
96,0.002897690079634545
97,0.0028870109638554214
98,0.0028907961388572457
99,0.0028961202378884367
100,0.0028863316261203585
