1,0.00013667706445359134
2,0.0001375328681171053
3,0.0001325020402343761
4,0.00013444065567893776
5,0.0001397060716476327
6,0.0001329013555787278
7,0.00013781847137536574
8,0.0001300726772039634
9,0.0001447410407800834
10,0.00300177250219631
11,0.0001264873597212397
12,0.00014064723318615163
13,0.003086655370804223
14,0.00012843732542062834
15,0.00014284819848058543
16,0.00014490520085703432
17,0.0001427135753489333
18,0.00013141875276028462
19,0.0001394498053810534
20,0.00013303520409063636
21,0.00013259003513215072
22,0.00012685295255303309
23,0.0032745966775020122
24,0.002876215466796164
25,0.00013053922681316901
26,0.00012844499982773107
27,0.0030411464228632316
28,0.0029003316924405107
29,0.0001412268867471038
30,0.0001363222898527357
31,0.0033420101561043893
32,0.0001395313646480264
33,0.00013743027911957578
34,0.0031245489175649264
35,0.00013743331002090967
36,0.00013154601703522793
37,0.00014430051118265286
38,0.003136316431545475
39,0.00013938408467428244
40,0.00013721766733241006
41,0.002966419134763708
42,0.0028813329179160525
43,0.00013316443591730758
44,0.00013248916476953226
45,0.00013283676543332846
46,0.0029592635154110786
47,0.00014080171087317515
48,0.0001347579396441313
49,0.0030798223254705744
50,0.0001396185283445209
51,0.00013514957378413876
52,0.00013379754782387194
53,0.00014099676980371947
54,0.00013835962529655708
55,0.00013699338119922363
56,0.0030708807805389475
57,0.00013493670842051607
58,0.00013583204800029063
59,0.00014412522353645757
60,0.0001327779374742654
61,0.00012635354578461165
62,0.0001368378318955923
63,0.0030873364871034006
64,0.002899298253195374
65,0.0028934068269929735
66,0.0001336295267505577
67,0.00014320625317292574
68,0.0031455697353819823
69,0.0029064392303039476
70,0.00012675993221450827
71,0.003038394902317488
72,0.00012642671953297057
73,0.00013246959725792632
74,0.00012633316776278886
75,0.00013610801349683483
76,0.00013133480907291865
77,0.0001392454836215279
78,0.00013556212071328273
79,0.00013287042116568378
80,0.0030248744623011113
81,0.002897262691310787
82,0.0001279575709880854
83,0.003125785425365307
84,0.0029032828492602473
85,0.00013041585989271063
86,0.0001316202949954289
87,0.00012971832524502806
88,0.0029896524466641585
89,0.00013795950979293584
90,0.0031791898818289586
91,0.0028896446640915363
92,0.00013651933653636167
93,0.00014019718963661227
94,0.00013385856511436396
95,0.0030025276110444174
96,0.002902351145540577
97,0.00013472050615812695
98,0.0001355873276536775
99,0.00014578465897052998
100,0.00013160394781130844
