1,0.00014066362898460858
2,0.00013037998292609793
3,0.0029979639381834287
4,0.00014541569791427607
5,0.0001439657380666998
6,0.003155368330609879
7,0.00013248192038585707
8,0.00012959521927095627
9,0.0001426233635269974
10,0.0001355324148748668
11,0.00013887448916806715
12,0.00014879691290157175
13,0.0001460649579046686
14,0.0032029300303406667
15,0.00013445488101717032
16,0.0028914586562763266
17,0.002901323375877641
18,0.0001382421755943201
19,0.003125716649248884
20,0.00013125692813879727
21,0.00013130511907158673
22,0.0030807129464653967
23,0.00013681429716615073
24,0.00013282912946028085
25,0.0001357310043432747
26,0.00012649794331406848
27,0.0031071947549699756
28,0.0035544966260210725
29,0.00013333315997687316
30,0.00013253258065228982
31,0.0042219588160761256
32,0.00014025792438331915
33,0.003310899966063293
34,0.002910286929905112
35,0.00289380626795977
36,0.008504892277464546
37,0.0035531416660571926
38,0.00013243586944261808
39,0.0031047681529062458
40,0.004186425738597097
41,0.00013660947628034174
42,0.00014244062370248584
43,0.0035000956817679892
44,0.003721156320486921
45,0.006532869532100109
46,0.0035859086371367293
47,0.002907606273054616
48,0.002889167198233562
49,0.002889083289433384
50,0.002903706540136138
51,0.0029046559223419896
52,0.0033592228490539984
53,0.004152949751222441
54,0.0029010638357670924
55,0.00014151096856018016
56,0.005312616753419855
57,0.0028814186532933766
58,0.002896316226357535
59,0.0028968979372921678
60,0.0030613560625521808
61,0.0030576247104980065
62,0.0028969288768228357
63,0.009810041226677254
64,0.002913485886273742
65,0.0028842794445116783
66,0.0029000452696196053
67,0.004227959144713259
68,0.00013676034475925731
69,0.0032163416366407854
70,0.002905520686115949
71,0.00413612648415478
72,0.004511416731843576
73,0.0028995852529291304
74,0.006215139273821722
75,0.004318696361931971
76,0.004290530026583961
77,0.012974159963484612
78,0.002893740889932563
79,0.002892735864940979
80,0.00412192287731836
81,0.0028864524773014252
82,0.002898174858943578
83,0.0029049065418273057
84,0.006274788359515838
85,0.002897930967978938
86,0.005807840480237191
87,0.003714003181539405
88,0.002886393687717613
89,0.002886852761574918
90,0.002880531585905792
91,0.002897864489122464
92,0.005899998496462264
93,0.002902777123370718
94,0.002885214586892848
95,0.0029042253100828508
96,0.0028968422880116954
97,0.010060421332530604
98,0.004269463364153627
99,0.009087981906934307
100,0.0028901788151805
