1,0.0001383580173043292
2,0.00013478666914046495
3,0.00013208153726803167
4,0.00013963786706896054
5,0.0001368942576598807
6,0.00013592743220793192
7,0.00014128971429194835
8,0.0001398861955353117
9,0.00015212969110237274
10,0.01217096870777181
11,0.00013866720577555516
12,0.00014535571412842616
13,0.04444215763888889
14,0.00013740812029583647
15,0.0001410483537925172
16,0.00013911549456609615
17,0.0064369282681291115
18,0.0028910612203062827
19,0.03349771629955948
20,0.0001380582965144121
21,0.00015125409353325544
22,0.004964909755758775
23,0.00014339101844666882
24,0.00013460617720477454
25,0.0034576203077535984
26,0.00013980958616704656
27,0.05975249540311174
28,0.14644212032258067
29,0.08955455591836735
30,0.03367945129579982
31,0.0035619043560830856
32,0.0001422870455418057
33,0.003501535372645854
34,0.00014691891586323804
35,0.025462606455399068
36,0.004944105096714768
37,0.03019847011400651
38,0.03214702298109966
39,0.003103876448713976
40,0.0028904907414226966
41,0.004606587393040502
42,0.005675853221888014
43,0.003809995234730727
44,0.00014700173097628534
45,0.20677711540178573
46,0.0001403529799039428
47,0.12151894065934064
48,0.006250541591970711
49,0.010037536555842478
50,0.004795517799464975
51,0.0001333282061886948
52,0.024863793847352027
53,0.00014037292681916408
54,0.020486167781146303
55,0.004277847120533491
56,0.0061567187751509055
57,0.005401163694267515
58,0.022906346418636994
59,0.00014100498309130692
60,0.09049482489583335
61,0.040703403818737265
62,0.0046449670074884776
63,0.00014474134207353827
64,0.23632221522842636
65,0.0001399685364606188
66,0.03181823381578947
67,0.0031575398477820607
68,0.10164875673515981
69,0.014351084213029
70,0.004341880445699938
71,0.05358113745198463
72,0.02832521897217929
73,0.0028990176531231053
74,0.002891359785762796
75,0.20312621995614036
76,0.06315350496987951
77,0.030622606663800515
78,0.0035757642187499257
79,0.5632441535294119
80,0.05345005642023346
81,0.0028836413365453248
82,0.12467814005524862
83,0.0029080731003805383
84,0.1900825609504132
85,0.004839119599320545
86,0.0308378065397351
87,0.005892020074349442
88,0.14073013839009288
89,0.004206316430681028
90,0.0030990799804368387
91,0.0035938673622952035
92,0.010084884137055836
93,0.0028996883859238264
94,0.008223161870218938
95,0.16877966040816328
96,0.00014425601803666382
97,0.003847276887466223
98,0.00013734136235214295
99,0.014183649368626105
100,0.01856184693939394
