1,0.00014546459743962277
2,0.00013738794217589125
3,0.00014016612677000956
4,0.0001334160723724163
5,0.0001379901005040799
6,0.00013002257355509582
7,0.00013476349801935995
8,0.00014273657070432407
9,0.00014122884128327275
10,0.00013803498382954855
11,0.00014063725157133732
12,0.00013991483029807266
13,0.0001448286441109904
14,0.0001298283167643535
15,0.0032108046633452015
16,0.025590955300859596
17,0.00013849933049686305
18,0.0034134649221958815
19,0.005303958257584053
20,0.017767550413956237
21,0.03552545763888888
22,0.0029003756812181745
23,0.04310968400435256
24,0.0030721573732572878
25,0.01951390699484096
26,0.011329881929046565
27,0.00013334841407805628
28,0.00835232825363549
29,0.0073553924981966815
30,0.003582862756703083
31,0.002892343737274018
32,0.0035229209730363417
33,0.00012902951249233076
34,0.00014638240231753602
35,0.0001329884752000089
36,0.00428886312619561
37,0.10504458877068559
38,0.0029090733065080783
39,0.0031201178627064076
40,0.00012998852658375624
41,0.05217003268456375
42,0.007393647679730705
43,0.07871281565295171
44,0.23512059675000002
45,0.027336167326362962
46,0.02539674205298013
47,0.004222230503532577
48,0.14088262107692306
49,0.005947158696448188
50,0.006503838166424131
51,0.026422948548621192
52,0.04341287107023412
53,0.11331660477386936
54,0.026491723914643123
55,0.1530219821070234
56,0.00013510746745730475
57,0.0030485006006253086
58,0.12298548437499998
59,0.004024930754873496
60,0.007306659076995526
61,0.021671972689938396
62,0.051392457639751546
63,0.1730034458955224
64,0.002884029393184717
65,0.034637728212039524
66,0.004490282094187448
67,0.035044842165898614
68,0.003954983242227901
69,0.08246179031954887
70,0.0031027471062740077
71,0.0028924289677497426
72,0.0028859074854160273
73,0.023579354310930074
74,0.003630776655666391
75,0.003519374308772438
76,0.006365456067242045
77,0.004143730981700018
78,0.0029038205125753083
79,0.006130912478009551
80,0.04719575406976744
81,0.005923934652014653
82,0.005665158640686616
83,0.005986894823775022
84,0.005772260933792121
85,0.026155285741017966
86,0.0028905167058969274
87,0.06322099086181279
88,0.018023698094004437
89,0.003075874893073731
90,0.002884394316656498
91,0.003481294945757598
92,0.003601614381171579
93,0.004055013846880907
94,0.00748102007740687
95,0.006933662688738053
96,0.02849028667192429
97,0.03310377981180496
98,0.060726244668587906
99,0.005529929616747935
100,0.0028875987501520493
