1,0.00013971933732543043
2,0.0001341792527619347
3,0.00013529227347319186
4,0.00013131689619151255
5,0.00013805652240914346
6,0.003799570622392129
7,0.0001286949072124702
8,0.0001291152040217623
9,0.00013539741364796993
10,0.0033886627994866064
11,0.002874517902029306
12,0.00013225017330408922
13,0.00013704927864690506
14,0.0031644373203676846
15,0.0029077762229282535
16,0.00014212898732160795
17,0.003212434620591536
18,0.0028887678739729335
19,0.00289488633182539
20,0.002904624453509373
21,0.004009861841778953
22,0.002887201630139468
23,0.0028829070742880307
24,0.002896325448267507
25,0.003455279448049633
26,0.002883040755917069
27,0.002879888118074586
28,0.002886108474576271
29,0.0036075641639368673
30,0.004659371776986723
31,0.002887852735498562
32,0.00013712138688512534
33,0.006552707629220536
34,0.0028931086176049625
35,0.002896851059880521
36,0.0029036301564497285
37,0.004293176670206176
38,0.00014048320722372944
39,0.003220633312345018
40,0.0028955869882605328
41,0.002896307271332106
42,0.0028939275538894097
43,0.00290121752362253
44,0.002903705584368593
45,0.00485144175829668
46,0.0028806992458754
47,0.0028911875730167702
48,0.002888032073274705
49,0.0028894614314769395
50,0.0028914969724407095
51,0.002875076231066413
52,0.0028858674521131046
53,0.002901456779764077
54,0.0029041747471682004
55,0.002902866739157069
56,0.002983445915354331
57,0.0028996894324007164
58,0.0029110533775559885
59,0.002913848754918839
60,0.009322159103667665
61,0.002891423681178753
62,0.002894090894539186
63,0.002886952309188138
64,0.003096053789863872
65,0.004725077372721559
66,0.0028925300134056424
67,0.002895116817408542
68,0.01868770400856793
69,0.0028950152067295756
70,0.0028946238033791052
71,0.0029055211131113114
72,0.002892623479452055
73,0.0028835512472819525
74,0.0036289430499325238
75,0.002894419046884639
76,0.003691925657095108
77,0.0028869182800581187
78,0.0059756451630769225
79,0.003940617261935949
80,0.0028937127679231336
81,0.002888037407645312
82,0.0029479702656488548
83,0.0028893041615741873
84,0.002899676873575959
85,0.002888916159455225
86,0.002896489611022782
87,0.0028970855822722215
88,0.0028942952131173812
89,0.0029111104852320682
90,0.002881329449888365
91,0.0028901124850439813
92,0.004801187986304088
93,0.002895692902392521
94,0.0028875420945135236
95,0.0028637470800524935
96,0.0029116191979781988
97,0.002899578539156626
98,0.0029513064854583384
99,0.005356689755706134
100,0.0028989343484894722
