1,0.0028151627228619864
2,0.0028228379429306514
3,0.0028222623960894506
4,0.0028250640730439727
5,0.0028196275971404507
6,0.0028171657289969747
7,0.0028159752325311004
8,0.002827023165741011
9,0.0028134407622228247
10,0.002834136132687029
11,0.002828703412540869
12,0.0028263429654314153
13,0.0028452339361202442
14,0.002826113460358011
15,0.002824292450796626
16,0.002831033141223878
17,0.0028289736691236686
18,0.002827627079411764
19,0.002841332917749941
20,0.00282977927208688
21,0.0028091016701652705
22,0.0028232113752048506
23,0.002798194555948721
24,0.002810248719140285
25,0.0028125067415730337
26,0.0027656296772899233
27,0.002809872159511473
28,0.002785268702883121
29,0.0028343581555463626
30,0.002799805423081375
31,0.002843071830528491
32,0.0028296062142656292
33,0.002800761408125577
34,0.0028130237271594694
35,0.0027693561049676268
36,0.0028064576067875955
37,0.0028364805766849465
38,0.0028241940857723913
39,0.0028360115539711296
40,0.002805485925002898
41,0.002870025262626862
42,0.002860171478935308
43,0.002835102351456082
44,0.0028431287645578514
45,0.002848421626897639
46,0.00288412555071339
47,0.002851032378979092
48,0.0028147386853008107
49,0.002816096764946765
50,0.002797471890145396
51,0.002806123790134946
52,0.002817484916273737
53,0.0028116712160434405
54,0.0028257822544708296
55,0.0028090624825207423
56,0.0028030226317921425
57,0.002793160814370565
58,0.0028095028822847806
59,0.0027954155626545092
60,0.0027962402127413573
61,0.0027837669810225753
62,0.0027980845487747407
63,0.002806611114333778
64,0.002818512054354179
65,0.0027896559581320444
66,0.0028066740419636312
67,0.0027885588065558633
68,0.002797543149212987
69,0.002804515254435791
70,0.00279167451431199
71,0.002793804541244573
72,0.002802498865281075
73,0.0027970463236577283
74,0.0028036075533773713
75,0.0028129692296520073
76,0.0027989448331601427
77,0.002806810938134168
78,0.0028062103203145045
79,0.002772039238799977
80,0.002795076798685576
81,0.002798839517014271
82,0.002795053770463253
83,0.002795743497536946
84,0.0027825656306071653
85,0.002795769058282923
86,0.0027961042074477324
87,0.002802886990175138
88,0.002790928254273878
89,0.002813488404821815
90,0.0028109678417559385
91,0.0028020868671344893
92,0.0028099027184915262
93,0.0028207044519343496
94,0.0028020284130586596
95,0.002797704883478864
96,0.0028059343349382216
97,0.0028145815343616474
98,0.0027877801872074883
99,0.002797693437916836
100,0.002816971097390494
