1,0.0027973925732823544
2,0.0028193748060885283
3,0.0028076058144258114
4,0.0028277007527571923
5,0.002820025795918367
6,0.002816660954258218
7,0.002795849375254257
8,0.0028153760931669777
9,0.0028210157997945657
10,0.0028254809292447337
11,0.0028155620723104057
12,0.002822647349439981
13,0.0028123014248251747
14,0.002828187375710227
15,0.0028184721761234147
16,0.0028063806309440967
17,0.0028236025414656468
18,0.00283294212829932
19,0.0028270886274164167
20,0.0028131641569902463
21,0.0028173273791496796
22,0.002818118379664558
23,0.0028139587082728593
24,0.0028301063477596143
25,0.002820103966875145
26,0.002825961375167668
27,0.0028113837795275595
28,0.0028148707851990847
29,0.002828243142990873
30,0.0028188685166994107
31,0.00282099468957098
32,0.002820463733295783
33,0.0028135038983932493
34,0.002822117569204958
35,0.0028062639632253908
36,0.0027959304606968043
37,0.0028072718640445343
38,0.002785903633237822
39,0.0028249862802407688
40,0.0028080059080573118
41,0.0028187254176541996
42,0.002817996106785317
43,0.002780421726842773
44,0.0028250757726558406
45,0.002806975234973312
46,0.0028294900880146494
47,0.0028098170076726343
48,0.0028316883210180626
49,0.0028313454703016677
50,0.002808866654167869
51,0.0027921781259049056
52,0.0028137511114369506
53,0.0028340637472088373
54,0.0028237642423676592
55,0.0028240235290694295
56,0.0028135745750832307
57,0.002812684533010522
58,0.0027845092177967074
59,0.00280161052708212
60,0.0028110544855799915
61,0.0028246249461152495
62,0.0028128586142865436
63,0.002840211476409342
64,0.002806023132725901
65,0.0028146332963568427
66,0.002806580429924131
67,0.0027895040752351093
68,0.00282419016479053
69,0.0028091617183367596
70,0.002804105954029355
71,0.0028343407933347354
72,0.002799977485567672
73,0.0028129913860863442
74,0.0027951852664307923
75,0.0028093464915324162
76,0.0027844514448691223
77,0.002806351294273993
78,0.00279498276678017
79,0.0028132927570111554
80,0.0027956660911243286
81,0.0028226294978104913
82,0.0028040905399930546
83,0.0028117936433298507
84,0.002812265504884111
85,0.0027971390423201107
86,0.0028194725578264868
87,0.0027808561474933122
88,0.0028105126960157973
89,0.002799948556778245
90,0.002814264576835016
91,0.0028057074697531046
92,0.002787376044710955
93,0.002794595775631328
94,0.0027973440841996436
95,0.0028073725810936058
96,0.002808208594765176
97,0.0027922554551772063
98,0.002802207862194566
99,0.0027893839732065187
100,0.002789006296038513
