1,0.0032567031776054092
2,0.0032205496681945675
3,0.0027187169599190513
4,0.0032614255895290975
5,0.003224704431277705
6,0.0026948372569305466
7,0.003249315796027115
8,0.003283636306924516
9,0.003261884216402761
10,0.0035492830499704313
11,0.0032828791321890174
12,0.0035771125971599403
13,0.003213224823424536
14,0.0027055371081416324
15,0.003591847474747475
16,0.0026597682625837116
17,0.003227953050380036
18,0.003317416710874508
19,0.0026512666160935037
20,0.00329267168386784
21,0.0032930889849674076
22,0.003261564252764398
23,0.002741223339401964
24,0.0032650582462762016
25,0.0027300749350572676
26,0.003527001530224787
27,0.003193244963508449
28,0.0033471271514670707
29,0.003243156153751133
30,0.0027440901405622496
31,0.0032640200202360874
32,0.00323867551802704
33,0.0027013800663901358
34,0.0027315836456174862
35,0.003224026938168126
36,0.0035377578431372548
37,0.003237843428591151
38,0.0032889390347107437
39,0.0032371703415838286
40,0.0032809685201430597
41,0.003246407842293432
42,0.0027866471826721024
43,0.0032170856054066156
44,0.0027755439626175574
45,0.003228372379797553
46,0.0032406430671428864
47,0.002777423198545614
48,0.003522283880783335
49,0.0032776434226430297
50,0.00279878812858687
51,0.003237549393650362
52,0.002834806524290073
53,0.002839041201641266
54,0.0032329217626127027
55,0.0032219494418073424
56,0.002872426258140912
57,0.003251397602143801
58,0.003288233306743246
59,0.00289673461561436
60,0.003270945631975182
61,0.00290859204320432
62,0.0032546857326478146
63,0.0032344109712481362
64,0.003501243793185392
65,0.00315719769296065
66,0.0032361898756000265
67,0.0034427356712512167
68,0.003474674426795084
69,0.003567334871206142
70,0.0029834534577252297
71,0.0032966531412182464
72,0.0030035209959123
73,0.0032879918337623626
74,0.0033192163358694454
75,0.0033499799058302176
76,0.0033775342897248736
77,0.0033915906256924678
78,0.0034022535908165568
79,0.0034061889434282076
80,0.0034444125857168916
81,0.003564320825256915
82,0.003431550952684516
83,0.003454331681933311
84,0.003459283121128699
85,0.0034684170438990013
86,0.0034745566267169337
87,0.0034834773641724886
88,0.0035135247430460727
89,0.003516071064362505
90,0.0035245785485817287
91,0.0035620642597175714
92,0.0035591740799324747
93,0.003590867657611481
94,0.003613663104645152
95,0.003629842542148274
96,0.0036573638115952895
97,0.0038394452373356094
98,0.0038763755836329393
99,0.003936473321540564
100,0.003958504583313189
