1,0.002999383130946987
2,0.0032299508940758946
3,0.0032619410621499427
4,0.0032361099873198075
5,0.0028685906985335906
6,0.0026977672350687507
7,0.0034663068662781783
8,0.0032353635380894586
9,0.003537417752562226
10,0.0027393620152156503
11,0.0027081332303026764
12,0.003252492155390182
13,0.0032947853736294084
14,0.003595036831510179
15,0.0027250216094336453
16,0.0032878467008823687
17,0.003536819234324439
18,0.0032281806307838867
19,0.003519382065009561
20,0.0032273792199878125
21,0.0032485592661402694
22,0.002857971354883081
23,0.003237517070401211
24,0.00325115729871837
25,0.0032659473703653954
26,0.003547952187045124
27,0.0035032711053219205
28,0.0027142104518809405
29,0.0032278815182172848
30,0.0032589142224401907
31,0.0032265342745123886
32,0.00276699713868721
33,0.0032032493559047675
34,0.003221412057994983
35,0.0032669390860360975
36,0.003258920075368277
37,0.0034866149495544592
38,0.0035023363951283545
39,0.0027112834851676817
40,0.0032210234980237155
41,0.00275179077849861
42,0.0027407657941564776
43,0.0032551243399684786
44,0.002743033607630979
45,0.003223885666757197
46,0.003220960367677042
47,0.0032247288014731644
48,0.003293705527680007
49,0.0032701114957804506
50,0.0032128268979893762
51,0.0032177946398771785
52,0.002760228532015174
53,0.0032438436021791123
54,0.0027944493924965397
55,0.0027121587268925844
56,0.0032257391187406064
57,0.0026975089288839627
58,0.003261004719308412
59,0.003271971707966414
60,0.0032805879112627985
61,0.002748478670758017
62,0.0035117517675917606
63,0.0027321559808339514
64,0.003189734293387042
65,0.0027420642246294186
66,0.003498574246107102
67,0.003211202876865933
68,0.0031958062231055187
69,0.0034784342590567824
70,0.003208718907307172
71,0.0031943621908009094
72,0.003019758975691437
73,0.0027562880263608354
74,0.0032419103035308695
75,0.003216598192844728
76,0.003567574857349224
77,0.003508538148175782
78,0.003452935422032526
79,0.0034875005368382086
80,0.0027891544300127566
81,0.003239230238921516
82,0.0032262549302993033
83,0.0026901241730791317
84,0.00313157581693605
85,0.003311668928786762
86,0.0032671961361207588
87,0.002810291368287207
88,0.0034957122436322387
89,0.002831398643840411
90,0.0028319240286717377
91,0.002851857630844175
92,0.002869974467455621
93,0.003072103730988593
94,0.003322477990856735
95,0.0032570837499139296
96,0.002891125920038281
97,0.0034839938762387473
98,0.003278067874121192
99,0.0032480783737489083
100,0.0028877336676985353
