1,0.0028974879462548312
2,0.003549973118673733
3,0.0032782748066941484
4,0.0035266085869225974
5,0.003315604078883746
6,0.0027276857627118642
7,0.0027135876592082613
8,0.002679725424825568
9,0.0027001997576825646
10,0.003568793183347037
11,0.0032930972855181877
12,0.0032651632768361583
13,0.003238067618200974
14,0.0034776668348823706
15,0.003505552608376617
16,0.0032511237077900365
17,0.0035383077656615924
18,0.003180726234188335
19,0.003332366232303733
20,0.0029205119414380675
21,0.003553743677951452
22,0.0032375424658611512
23,0.0032255823590582287
24,0.002716650613734425
25,0.002700816039130929
26,0.00327690390635727
27,0.0032763087910965896
28,0.0032758090680534506
29,0.0032465117136465326
30,0.0027911989387472604
31,0.002688075638204225
32,0.0027024379870309815
33,0.003147025122646586
34,0.0032336917939485136
35,0.0032654304759965266
36,0.002748206614829214
37,0.003226053995954207
38,0.002993788949678007
39,0.0027255068509822993
40,0.0027261055423618116
41,0.003233951575114322
42,0.0035902727797779786
43,0.00321559111327919
44,0.0032231861319938788
45,0.0027127562453145727
46,0.0027724109598853868
47,0.003449440206699828
48,0.0031823433264613955
49,0.003262295521621368
50,0.003547582158033766
51,0.0032592613689016083
52,0.0031713956624749413
53,0.003250111032740288
54,0.002705587507567241
55,0.002734932867334024
56,0.0032309036816084383
57,0.002688467930735931
58,0.0026719564490100558
59,0.002715649900476863
60,0.0032378012978694715
61,0.00311893181260115
62,0.0034935356702004063
63,0.002742061986121187
64,0.002754964309666975
65,0.0026847003593688584
66,0.003226722601431981
67,0.003228855251582806
68,0.0028923928058380735
69,0.0032362175542952
70,0.002698437264041691
71,0.0032303692074000068
72,0.003239381291256904
73,0.0032822737343862107
74,0.0032322089915797917
75,0.0032531464321950143
76,0.003267516836499991
77,0.0032342842254990166
78,0.0032777389208830388
79,0.003267873221065031
80,0.0032726877382465054
81,0.003271440895885413
82,0.0035838424677316727
83,0.0027326581990828195
84,0.003245470959888816
85,0.0032681167718738393
86,0.0027534416425846722
87,0.002700719063434075
88,0.003251129165528544
89,0.0032163772966432827
90,0.0035460662119145064
91,0.003615642727596354
92,0.0027520885920947714
93,0.0026638917522590778
94,0.0026853771484040426
95,0.0032627776154439234
96,0.003248413824789277
97,0.0027316474217259565
98,0.0026971762730817754
99,0.002705646790738815
100,0.0032757123628634117
