1,0.003372568343209228
2,0.0029835566245049188
3,0.00299468991601985
4,0.0033254066969196925
5,0.0033175946384653224
6,0.0030251970522554715
7,0.0029495117438639437
8,0.0029866330627468184
9,0.0029301807069928723
10,0.0029705316663568193
11,0.0033295113102377763
12,0.0030088104691646
13,0.0030061566198155234
14,0.0029679196279706354
15,0.003021509021535278
16,0.0029840617817339186
17,0.0030580121669164114
18,0.0029625734838107094
19,0.0029955003914374956
20,0.0029694516675072497
21,0.002980246379278332
22,0.002956159477635283
23,0.0029743863190184044
24,0.0033105748247809763
25,0.003364269814670169
26,0.0033565710879977124
27,0.003004856728116378
28,0.0029977936743777822
29,0.002954678702021501
30,0.0033736699270531297
31,0.0033472083543755857
32,0.0029277871818804055
33,0.0029195093214177525
34,0.002935303886754706
35,0.0029575060176391683
36,0.002970788501357238
37,0.0030129514660831506
38,0.002989092172949002
39,0.0029960135350721707
40,0.0030227111607602467
41,0.003007442120727562
42,0.0030114564579010253
43,0.002997760297766749
44,0.0029978445693003594
45,0.0030184587357377207
46,0.0034314796145108618
47,0.003003529524559193
48,0.003370418533926265
49,0.003004351011005887
50,0.0030050058382114827
51,0.003014044136768601
52,0.002994517182791562
53,0.003015866659319899
54,0.0029983354559848007
55,0.003012116440699049
56,0.003026952676767677
57,0.003377273735207101
58,0.0030216127997223625
59,0.0030080108421389694
60,0.002978448966837073
61,0.003029690213197161
62,0.003081999728971963
63,0.003016419359182369
64,0.003272353828610248
65,0.003005964928850271
66,0.0033357616560691574
67,0.0029721494210459345
68,0.003021305894264687
69,0.0029917706316137066
70,0.0030153937631351214
71,0.0029803006362183423
72,0.002982932110209537
73,0.0029879633372071686
74,0.002954452005027899
75,0.003005827392411352
76,0.003029257116356426
77,0.0030311455346824796
78,0.002990021876399463
79,0.002965364694229663
80,0.0030148344520533285
81,0.0029901528438373176
82,0.002976387259067676
83,0.0030193388870799684
84,0.003244322940792437
85,0.003025867501739736
86,0.0029661771255060725
87,0.0029787066166439293
88,0.0034018126734011523
89,0.0030255324307115476
90,0.00299740593817257
91,0.003006471708300806
92,0.002997781072525544
93,0.0029626481066812316
94,0.002955652153313491
95,0.0030422398095953903
96,0.0029614495732531005
97,0.0030504781733012654
98,0.003350156643602333
99,0.003017292287989592
100,0.002996722878298842
