1,0.003003459212608393
2,0.0030369396627936344
3,0.002977852646292649
4,0.0029432743920735135
5,0.0029684461378397128
6,0.003056575630327575
7,0.0030083110929754564
8,0.0030591552672530444
9,0.002962699009931339
10,0.003021040589651917
11,0.0030439544500548235
12,0.003015858054569239
13,0.003395624776670358
14,0.0030730943830276697
15,0.003026950326353884
16,0.0033747215220175557
17,0.0029967164272198445
18,0.0030926370025122305
19,0.003378378920254058
20,0.0030242563588674235
21,0.003096322855914832
22,0.003034026736898253
23,0.003417434461441744
24,0.0029839903573147253
25,0.0029150844090528078
26,0.003072994728182177
27,0.0029559744182504873
28,0.0029439703191681196
29,0.0030219153727393025
30,0.0029830369543307083
31,0.003049165442241612
32,0.003046694859813084
33,0.0033504667108383316
34,0.0029665265969946197
35,0.0030200630645557196
36,0.003404614713906504
37,0.002998236602673763
38,0.0033885924829157167
39,0.0030027983325357395
40,0.003441411041956506
41,0.0029720921401097163
42,0.0030181135751613897
43,0.002962521395724583
44,0.003073264922880739
45,0.0030069464680905814
46,0.0029903392185057828
47,0.0030098436422344205
48,0.0030246374035989717
49,0.0029844575102397097
50,0.0029392756489154273
51,0.0029163937131268442
52,0.003378134549636139
53,0.002877620502357635
54,0.002982213884622473
55,0.0030430103345027823
56,0.0032917708021626304
57,0.0033153969561293905
58,0.003337459010283664
59,0.0033616954042702137
60,0.003349461151850571
61,0.0029467010163486047
62,0.003035432324763522
63,0.002949125277638932
64,0.003003844331331015
65,0.002997966866927946
66,0.002945172140916388
67,0.0030238168764657584
68,0.003356103698146028
69,0.003017016403884965
70,0.0028908417357201596
71,0.0033320872485863577
72,0.0033609157221537794
73,0.0033703985044410208
74,0.003048928145423069
75,0.002997897262275297
76,0.002971433289986996
77,0.002986137996830428
78,0.0029873441434420966
79,0.003036144620578778
80,0.0029892720590277777
81,0.0029915266698810673
82,0.0030023140820606936
83,0.002997329693340936
84,0.002962909675194382
85,0.003401723504207519
86,0.003017831666038684
87,0.0033615633317124623
88,0.0029206210729746445
89,0.0030026371429494633
90,0.003342545783893842
91,0.0029318274108067013
92,0.003349540445236598
93,0.003333975772317307
94,0.003017918934531451
95,0.0030359595310423394
96,0.002998141992805309
97,0.003341583931718062
98,0.0030736215183419556
99,0.0034332070732582777
100,0.002961736957198855
