1,0.002994532876999787
2,0.0029958635030017666
3,0.003012252776495821
4,0.0029910968528232026
5,0.0030375591740685426
6,0.0030199335290404033
7,0.0029834346421060563
8,0.0029519352348781375
9,0.003031131368941893
10,0.003349941347731351
11,0.002946252440342211
12,0.0030087078754578757
13,0.0033992714448642094
14,0.0029614796089106337
15,0.003028516155051924
16,0.0029649594321785803
17,0.0030159938336133405
18,0.0029590001821784714
19,0.0029430536081182664
20,0.0029810343866331804
21,0.0030271338220392648
22,0.0030481644087403596
23,0.0034006141703056764
24,0.0034018051948513724
25,0.0030998350800870086
26,0.0030782276370595082
27,0.0033734110604332957
28,0.0030699635311515457
29,0.0030887797668953253
30,0.0033920698881971644
31,0.0033882915145392882
32,0.0034126728647944416
33,0.0032694476217668797
34,0.003443668602250071
35,0.0034699883967294703
36,0.0034914731588530463
37,0.0035310568376652487
38,0.0035706262594918225
39,0.0036089689350419798
40,0.003637842807004581
41,0.00364483342152736
42,0.0036701237190383687
43,0.0036972888794360725
44,0.003861163907284768
45,0.004042474397333423
46,0.0040578642177873025
47,0.00413751000501295
48,0.004172070912691725
49,0.0042106624354306035
50,0.004200632434292005
51,0.004225325013823612
52,0.004305314663854695
53,0.004310813007560908
54,0.004377282324244273
55,0.004539481417051734
56,0.004682283803278689
57,0.004730436208853575
58,0.0047703741004462155
59,0.00476098837962963
60,0.004808690126895699
61,0.004881543453418555
62,0.004917949536991909
63,0.004911194671094244
64,0.004985919036855037
65,0.004952911796949476
66,0.005105434365757476
67,0.005252437811704834
68,0.005293935452531106
69,0.005351340764989663
70,0.005444001362514751
71,0.0055600789483002825
72,0.005542156898991685
73,0.00556625581601847
74,0.005624554220199858
75,0.005688272522075055
76,0.005658445675143267
77,0.005732480255065123
78,0.005812553411395906
79,0.005894135497391952
80,0.005923590046772685
81,0.006000103378771993
82,0.005981898436018957
83,0.006008463268023587
84,0.006025120414764079
85,0.006036621316943015
86,0.006061047748091603
87,0.006081595171755726
88,0.0061364618403377475
89,0.006215802248289346
90,0.006268940895669292
91,0.0063085794106012665
92,0.006358769524380497
93,0.006383317721899418
94,0.006410420989143547
95,0.006436004103649928
96,0.006451131331855733
97,0.006470527626537609
98,0.006492182871587462
99,0.006529803530612244
100,0.006610259097495342
