1,0.0028576155598958337
2,0.0028494683089411625
3,0.00285527072088174
4,0.0028767581482593042
5,0.0028498765743903164
6,0.0028578761384008603
7,0.002854398023606074
8,0.0028637375984957025
9,0.002852061614279704
10,0.0028507910264051976
11,0.0028522612030119766
12,0.0028493687855956334
13,0.0028501818844460314
14,0.002849052007960554
15,0.0028497556231815214
16,0.002842586086212997
17,0.0028499607963291887
18,0.002855135566734135
19,0.0028582183532685932
20,0.0028532518888756265
21,0.0028527205124389957
22,0.002852890447106262
23,0.002847154619661659
24,0.00284777787245413
25,0.0028443728077945083
26,0.0028642036146723643
27,0.0028532511480578193
28,0.0028662735445154353
29,0.0028618960681559558
30,0.0028608442360448473
31,0.0028592066754317817
32,0.002854235145793499
33,0.002860753797809302
34,0.0028712599778668423
35,0.002881992531728927
36,0.0028525499940483274
37,0.0028521177894924948
38,0.0028587203174225764
39,0.002856298616989568
40,0.0028503146611382887
41,0.0028514286213224414
42,0.0028373441790779086
43,0.002830818028434901
44,0.0028597380410090873
45,0.002848266913238241
46,0.0028316751521179503
47,0.002818519658219699
48,0.002816737590382694
49,0.002830813153067866
50,0.0028098454065159967
51,0.00283498311825434
52,0.0028175199098466218
53,0.002851251951772711
54,0.0028339436778531475
55,0.002826680935946183
56,0.0028365051716980013
57,0.0028317015775687583
58,0.002858870237374349
59,0.0028476264439680835
60,0.0028359666686234223
61,0.0028293843673493756
62,0.002826715461979229
63,0.0028249718006259964
64,0.002828176275434975
65,0.0028264468382352944
66,0.0028307965270413576
67,0.002833438550002964
68,0.0028264535399514248
69,0.002834896694263402
70,0.0028188811141783158
71,0.002844992022345708
72,0.002829297582017724
73,0.002845232015065914
74,0.0028366505145493255
75,0.0028301367686130955
76,0.00281709415466573
77,0.002818353434668226
78,0.0028242565251849244
79,0.0028269376237333803
80,0.0028144537179711666
81,0.002834723295857988
82,0.0028470603071209617
83,0.0028254822275858007
84,0.002830054840989399
85,0.002845684579769979
86,0.0028216242323529407
87,0.002826871393664625
88,0.0028344020431765615
89,0.0028216754111359097
90,0.002826249828706439
91,0.0028171639878673657
92,0.002831526890955399
93,0.002833707078545196
94,0.0028319300738552443
95,0.002835070873642352
96,0.0028314628720502786
97,0.0028282988451567284
98,0.0028258850770312223
99,0.002832988560494554
100,0.0028219459774857076
