1,0.003281453138751375
2,0.0032706496027973923
3,0.0032828022177281133
4,0.003261024969590485
5,0.003271911078657791
6,0.0032740020358069124
7,0.003266605839614314
8,0.0032747398823289343
9,0.0033121638665650544
10,0.0032661363565098835
11,0.00327968904990858
12,0.0032834950580795928
13,0.0032839903826582533
14,0.0032808645637355154
15,0.003285615223214286
16,0.0033177192616150437
17,0.0033448687193648598
18,0.0033592916736169035
19,0.0033642645883987495
20,0.003378512746612371
21,0.003390733754208754
22,0.0033965812930186823
23,0.00341382402295613
24,0.0037884300547945207
25,0.003858332975935192
26,0.00390010830922533
27,0.003924915053023556
28,0.00394748540086453
29,0.003969079250389569
30,0.004010590251676463
31,0.004073667051003799
32,0.004105609095882917
33,0.004123288895022932
34,0.004138005558878823
35,0.004420828688162545
36,0.0045080116561279525
37,0.004523552730582524
38,0.004543267727869468
39,0.004636447936962751
40,0.004670163591346154
41,0.004694373512912274
42,0.004723697250804786
43,0.004765543074059803
44,0.004808193945254388
45,0.004853736923230908
46,0.004882064924921899
47,0.005133118846479171
48,0.005207190473111327
49,0.00524577642826228
50,0.005275106598543319
51,0.005305794525188505
52,0.005332722953345069
53,0.005390841880102896
54,0.005440440500281057
55,0.005490659038940457
56,0.005534234829792096
57,0.0055820685046621375
58,0.005703057709484077
59,0.005844941764018691
60,0.005900070720489343
61,0.0059635027422528285
62,0.006003604945531072
63,0.0060285022567109735
64,0.006062696951524238
65,0.006113209851254255
66,0.006158543215283066
67,0.00619997978519371
68,0.006255175190298026
69,0.006380631662060798
70,0.006516820460048426
71,0.006563869967510493
72,0.006616792613110619
73,0.006669804743219057
74,0.006706849446673122
75,0.006743121076046157
76,0.006791621815914305
77,0.006846016786723164
78,0.006889981964767724
79,0.006937168901915928
80,0.007048686987496366
81,0.0071838106798992754
82,0.007250212062780269
83,0.007297967418772563
84,0.007343023293600315
85,0.007384383749239197
86,0.007426383070564825
87,0.007466968007397132
88,0.00788223545794089
89,0.00820087882402707
90,0.008384746914952751
91,0.008791090849194728
92,0.008903831678031427
93,0.009034940944645006
94,0.009425296388349514
95,0.009918326310277049
96,0.01076504553606365
97,0.011440160685714285
98,0.012137692141075783
99,0.0130917654286063
100,0.013378553926701571
