1,0.00279987221290621
2,0.0027949298566600634
3,0.0028031953067645518
4,0.002793720408638454
5,0.002815449043876114
6,0.002779522804434436
7,0.00279153838240408
8,0.002780086276088082
9,0.002802801709252129
10,0.0027956354706644673
11,0.0027706557104889896
12,0.002824052606454636
13,0.002785972134715619
14,0.00279968952346659
15,0.002795330711805556
16,0.002779876903392755
17,0.002787720744403956
18,0.0027841143428271277
19,0.0027776406124093472
20,0.0027629927882695275
21,0.002759298449545507
22,0.0027635355393136525
23,0.002769918427723685
24,0.0028514593385789507
25,0.002764103658606793
26,0.0027764506040113294
27,0.0027554530723545197
28,0.002775388951955051
29,0.0027891284613155605
30,0.002792213955236829
31,0.002748340206334528
32,0.002779937595552467
33,0.002772477158758879
34,0.002762304821191288
35,0.002779683242106476
36,0.0027669211151946714
37,0.0027580444583951602
38,0.00279208888629329
39,0.002770776380455951
40,0.0027612426003612426
41,0.002760169058566584
42,0.002769689718268952
43,0.0027666659759551467
44,0.0027930992321066354
45,0.0028038855582951743
46,0.0028022120822622106
47,0.0027754125918638965
48,0.002789607914360618
49,0.0027879767034242604
50,0.0027789124711915187
51,0.0027889035689394825
52,0.0028000667434536653
53,0.002813505666977612
54,0.002793855298555471
55,0.002802789697040453
56,0.0028100588214641
57,0.0028064159018111935
58,0.002839618651724947
59,0.0028694649324766497
60,0.0029064449924947463
61,0.002992437011796345
62,0.002996145672836418
63,0.0030326579789235974
64,0.003055899716159959
65,0.003072618858898815
66,0.003080522113671079
67,0.003086588059177989
68,0.003090313056228484
69,0.0030720268686548224
70,0.0030568339594551786
71,0.0030636207172195892
72,0.0030756248282224202
73,0.0030964530727504787
74,0.0031592136538461536
75,0.003243944236947791
76,0.0032794302791672304
77,0.0032964934915669206
78,0.0033191801049814746
79,0.003330158361997798
80,0.003338302189123658
81,0.0033441689334163904
82,0.0033495704561208924
83,0.003357429223442714
84,0.003363936390553156
85,0.003374972606903298
86,0.003385096032802972
87,0.0033991416379613357
88,0.0034154551784191076
89,0.0034381268965762188
90,0.0034738716989759465
91,0.003520137110707804
92,0.0035649811566748385
93,0.0036246079874119584
94,0.003686835231154635
95,0.0034477107847341337
96,0.00349345146712695
97,0.003504723137026239
98,0.0035097670113331
99,0.003525703916161059
100,0.0035369113476733985
