1,0.00290205036904834
2,0.0028991805368013884
3,0.002913911246885778
4,0.0029204309251237622
5,0.0029065777352064717
6,0.002904428697885197
7,0.0029094040293377527
8,0.002907357170224412
9,0.0029207085996584537
10,0.002911569178722492
11,0.0028926771480582525
12,0.0029126198067191025
13,0.0029108109743433107
14,0.0029067036906962416
15,0.0029049448242920513
16,0.0028996337759107076
17,0.002910436354192129
18,0.002906767453060229
19,0.0029091718101976094
20,0.0029031178739531757
21,0.0029091410884767408
22,0.0029060385265627818
23,0.0029010349380477487
24,0.002907284777235371
25,0.0028937200507975613
26,0.00289444667092302
27,0.0029091537575757576
28,0.002906212225559891
29,0.0029053488317176235
30,0.002902762523420973
31,0.0029039699598613386
32,0.0029145614284839575
33,0.002906914680967762
34,0.002914879778708134
35,0.0029076096703230473
36,0.0029170842715535703
37,0.0029078108670520233
38,0.0029097403637128112
39,0.0029263983669667805
40,0.0029122230222384253
41,0.0029083151496640198
42,0.0029116343193923535
43,0.0029173324796043475
44,0.002914147421634911
45,0.0029016332220160794
46,0.0028994101095045073
47,0.002890777896559962
48,0.0029088378450874025
49,0.0029035268533027965
50,0.0029057982024768554
51,0.0029036520010898522
52,0.002916642406456346
53,0.0029047993197278913
54,0.002911736514026149
55,0.002920378223039216
56,0.002913158531553399
57,0.00290889294305351
58,0.002912147354591503
59,0.002914222654147297
60,0.0029026623040511465
61,0.002915216264424867
62,0.002903007857585139
63,0.0029027073980777396
64,0.0029111331874340346
65,0.002905080349763431
66,0.0029004311933854246
67,0.002917823441258094
68,0.0029055998168721763
69,0.0029118734940494356
70,0.002907263610215171
71,0.002928392047105837
72,0.0028987781506518593
73,0.0029102175141586997
74,0.0029099826929982046
75,0.0029205413048758273
76,0.002930124846529692
77,0.002917850237736944
78,0.0029126761076330365
79,0.0029105260844223563
80,0.002976367152410968
81,0.002917583741230235
82,0.002906268618506856
83,0.002930176923076923
84,0.002913057361136078
85,0.0029235780755519415
86,0.0029173663479276843
87,0.0029190637198448295
88,0.0029150642535193875
89,0.002917672243695932
90,0.0029335815624561374
91,0.0029225271066051486
92,0.0029147978663176476
93,0.0029161255894137273
94,0.002925585304539068
95,0.0029272091076985077
96,0.0029172657713624458
97,0.0029165957334785766
98,0.002920677759012467
99,0.002917862313057685
100,0.00290951802737717
