1,0.0028942406976744184
2,0.0029139206550560437
3,0.0029164345602841145
4,0.0029186167125887833
5,0.0029048349749480635
6,0.0029108406692840926
7,0.0029063001781078307
8,0.002914580161782662
9,0.0029055405573890723
10,0.0028920815222025944
11,0.002892327492937429
12,0.0028917127863983512
13,0.0029019025728987996
14,0.0028993242232105295
15,0.002920831372128637
16,0.002890197718631179
17,0.002897940704208513
18,0.0028862019519700715
19,0.0029024003879932624
20,0.002906580514750516
21,0.0028950634266836396
22,0.0029118159047793893
23,0.002896861183296066
24,0.0028779477411736204
25,0.0029086905437935937
26,0.002910221403943866
27,0.0028992497933141626
28,0.0028947275700369098
29,0.002902750946076653
30,0.002906927880395026
31,0.0029126608987947427
32,0.0028939033719736764
33,0.0029031750901544226
34,0.0029229229076764116
35,0.0028953056982633867
36,0.0028897746306173746
37,0.002901244121769868
38,0.002910153984280532
39,0.002930030259239628
40,0.0029087098345531707
41,0.0029196747746883986
42,0.002901207901491078
43,0.0029077305686061924
44,0.0029098651206886177
45,0.002918299657430425
46,0.0029140761391325534
47,0.0029199513087979777
48,0.0029044299454875837
49,0.0029168092765777726
50,0.0029082047482358567
51,0.0029015272465437785
52,0.0029070144726455758
53,0.0028962886819570034
54,0.002892305893477183
55,0.0028935497678065254
56,0.0029024863625377643
57,0.002910199469793371
58,0.002898655580322673
59,0.0029149308964584353
60,0.0029124422153133382
61,0.002888867073466174
62,0.0029045604195025365
63,0.0028912400149164676
64,0.002917212342723869
65,0.0029049863240842157
66,0.002889975037908655
67,0.0029033288560684177
68,0.0029058121257937706
69,0.002910887170474517
70,0.002892298406603374
71,0.0029054843314159974
72,0.0028977988389763546
73,0.0028981198630555725
74,0.00291645906581741
75,0.002892033634813326
76,0.00290151012192103
77,0.0029137299508554784
78,0.002901924959724704
79,0.0029000069974321344
80,0.0028928331309001263
81,0.0029106505828750172
82,0.002900626447864704
83,0.0029103981577661008
84,0.002903248259465157
85,0.0028932771152321117
86,0.002898753254951236
87,0.002910110075799279
88,0.0029141940799465404
89,0.0028935840491718934
90,0.002898792246840471
91,0.002907004351121892
92,0.0028977964920177644
93,0.002912525359011805
94,0.0028942361403079936
95,0.0029205965785285837
96,0.0029115144348832943
97,0.002918955164395883
98,0.002909090793390438
99,0.0028951935358349423
100,0.002902474640826557
