1,0.0029077874071067257
2,0.0029218884615384616
3,0.0029088577657601982
4,0.0028960496396996482
5,0.00290277945333736
6,0.002909814477530143
7,0.0028909265737051795
8,0.0029275030045036706
9,0.002904904372047959
10,0.0028989912062620847
11,0.002919898897816421
12,0.0029136069057265524
13,0.002900735699081676
14,0.0028886085726383837
15,0.0029049279919359764
16,0.002908707503624939
17,0.0029023218607340676
18,0.0029132084107526437
19,0.0029015968412846897
20,0.0028922265185450636
21,0.002899631768919912
22,0.0028994450279771315
23,0.002895230645884341
24,0.002909098027721805
25,0.0028905994566753444
26,0.002901071736902393
27,0.0028950749231881436
28,0.0029096095204119623
29,0.002915510641871626
30,0.002910462859832382
31,0.002905215076997991
32,0.002904511346177673
33,0.0028986483642014604
34,0.00291375502566296
35,0.0029048826509347233
36,0.002902985180325868
37,0.002905174108522341
38,0.002897105940957154
39,0.0029045102221256468
40,0.0029055825859211023
41,0.0028908476385049874
42,0.002898413339477727
43,0.0029095811796907897
44,0.0029021710585723
45,0.002915121407109259
46,0.0029216892114493297
47,0.0029121409866105174
48,0.002910488455927052
49,0.002906684621479946
50,0.002915258002088837
51,0.0029110759604298866
52,0.0029147015385522505
53,0.0029216373391614853
54,0.0029072656820319847
55,0.0029191232366393843
56,0.002926416679777321
57,0.0029084288220099716
58,0.002902386182483979
59,0.00291520152879902
60,0.0029101939021479715
61,0.0029035698743859212
62,0.0029201519192180074
63,0.002917734529411765
64,0.0029345650649350652
65,0.002873483622356496
66,0.002975407082249473
67,0.0029918376136855783
68,0.00301297896909136
69,0.003025067841051314
70,0.0030382292519783947
71,0.0030458441083706547
72,0.003060916438225776
73,0.003074906003305154
74,0.003085876238537953
75,0.003108181621275232
76,0.003122213817571927
77,0.003136014839331431
78,0.003145217215879606
79,0.0031580031703665134
80,0.0031640358368118966
81,0.0031766145695364236
82,0.0031896342812891324
83,0.003202061434992399
84,0.003215791188973763
85,0.0032353176076076076
86,0.003253211488214394
87,0.0033545472600844113
88,0.003414618363049277
89,0.00344516689793578
90,0.0034649311454608375
91,0.003480708248378128
92,0.0034905399122491547
93,0.0034978706064758055
94,0.0035078102345107126
95,0.0035142058433079437
96,0.003544111632325003
97,0.003577202293307811
98,0.003594265761779479
99,0.0036034259174862076
100,0.003612711319619872
