1,0.0029068395823200386
2,0.0029120887899281443
3,0.0028840598135573027
4,0.0029098229592457426
5,0.0029013318173614876
6,0.0029114646923030195
7,0.0028977755429507404
8,0.0029052615926634814
9,0.002890958113127549
10,0.002882491239956829
11,0.002901032753640631
12,0.0029095056668086918
13,0.002920417168103712
14,0.0028962607403577078
15,0.002902748706133659
16,0.0029064632316998656
17,0.002908299567349293
18,0.0029035769230769232
19,0.0028886087299172347
20,0.002902620393157263
21,0.0028989193118856118
22,0.0029010941987137736
23,0.0029137744077250643
24,0.0029097452787223703
25,0.0028969784900024385
26,0.002901114301586322
27,0.0029071254223848727
28,0.002911496925406341
29,0.0029066330936114108
30,0.0029153261606708796
31,0.0029104106831922614
32,0.0029091056749432705
33,0.0028933635040193496
34,0.0029127217853670397
35,0.0029131972014357853
36,0.002897283047904192
37,0.0029075959712015803
38,0.0029029256328148827
39,0.002898174928700371
40,0.0029035342399562386
41,0.0029023448749163063
42,0.002908507312156384
43,0.002898546462420767
44,0.0029214107636385484
45,0.0029000677705640597
46,0.002905899239614244
47,0.0029104073765393707
48,0.0028965390280411975
49,0.002906754060929263
50,0.0029032260372515075
51,0.0029109214754098364
52,0.0028965258272058824
53,0.0029033342955776444
54,0.0029066926354130423
55,0.002897314385324607
56,0.0029087106624817163
57,0.00290479013819428
58,0.002901462798046539
59,0.002904485060133559
60,0.002915185185372642
61,0.002901575427910093
62,0.00290733164028777
63,0.002903508480736612
64,0.0029063285282014037
65,0.0028930761690430158
66,0.0028937430682445275
67,0.00290403929089152
68,0.0029059975156230855
69,0.002902592794451604
70,0.0029044639169917112
71,0.0029029302590768105
72,0.0028964424557116676
73,0.0029039758154649816
74,0.002903371594916697
75,0.0029030863033146104
76,0.0029135653316785855
77,0.0029092891476709616
78,0.002909176332278866
79,0.0029595671849832732
80,0.0029234375115747887
81,0.0028975262959159013
82,0.0029040252895282215
83,0.0029153189187800946
84,0.0029201793923095943
85,0.0029077159372898967
86,0.0029140319330580046
87,0.002903295009339975
88,0.0029084648622637664
89,0.002903414519331443
90,0.002901932942379406
91,0.0029032311983972804
92,0.0029000679707203046
93,0.0029075583343465047
94,0.0029061246083004425
95,0.002905488035049154
96,0.0029021718875007693
97,0.0028953052722953216
98,0.0028952605765154727
99,0.0029018594645584595
100,0.002919522331154684
