1,0.000138576130168096
2,0.00012956964728556977
3,0.004629969733473874
4,0.00431911838940587
5,0.00012194737530331626
6,0.00012954699335151904
7,0.004950806318327973
8,0.0043023100089525515
9,0.00013240505546238093
10,0.004313018324166075
11,0.0001278199120499231
12,0.0001355931508481584
13,0.004301167985401384
14,0.00013791655977471706
15,0.004286445007966012
16,0.004963968429003021
17,0.00012262437787480916
18,0.00013070264927558133
19,0.004305108316661903
20,0.004692395656519065
21,0.00463355163453951
22,0.00012918413014395888
23,0.004316212412312097
24,0.004308936272545089
25,0.00012889592095508822
26,0.00011927862296157171
27,0.005698574436731214
28,0.004702547388132296
29,0.004300573042975083
30,0.00014115180380969364
31,0.00013098509153748852
32,0.005967395482404112
33,0.0001273813424436155
34,0.005689488440733773
35,0.004307631520581973
36,0.004306621354912632
37,0.00012158619880899227
38,0.00013372382340622063
39,0.00013295254772451617
40,0.006020120005974906
41,0.004302914932441845
42,0.004690534998513233
43,0.00013255042920973548
44,0.00012947302476407148
45,0.00013818967530846842
46,0.004301535390351395
47,0.004313806231931241
48,0.00013873702692129776
49,0.00012832169583134258
50,0.00012566864517581458
51,0.0001303641115295442
52,0.00014177631635469196
53,0.0001348065575340696
54,0.004305819230088497
55,0.0001692202564633742
56,0.004299667413554633
57,0.000140054470943334
58,0.004597067122132254
59,0.0042947366052293184
60,0.0001251837666277713
61,0.00013379234871492592
62,0.004638597284966343
63,0.006615911734693876
64,0.004300513610414927
65,0.0001198257713628539
66,0.0043051753929491164
67,0.00011992948329165998
68,0.00012229181707230612
69,0.0001322487412757434
70,0.00013510061848909162
71,0.0001334407321953839
72,0.005360882957721873
73,0.00012590512855192144
74,0.00014703454874579285
75,0.00015498838449332458
76,0.00015728809561892023
77,0.0042966104372952965
78,0.00013356107242416864
79,0.00013117458076252682
80,0.004299817468589377
81,0.00012674785187318665
82,0.0001351453209016098
83,0.00013334314349095996
84,0.005298303840472673
85,0.004293933821188539
86,0.00013219486801839398
87,0.00012151960520430818
88,0.00013227610571689625
89,0.005772197199500901
90,0.004297437603423679
91,0.0058374955685517906
92,0.00012922670788667376
93,0.0001325872736228271
94,0.00012747541982081512
95,0.00012922163651913276
96,0.004730031665122026
97,0.004325530141084025
98,0.0001309760075486614
99,0.00429638893817577
100,0.000121166135587045
