1,0.00012845070425606173
2,0.00013593830332926597
3,0.0001277281415380786
4,0.00012897621799340316
5,0.0001258668192679259
6,0.00012549807197412077
7,0.00012707194656139058
8,0.00013231988742887774
9,0.00013472898182979138
10,0.0001260318532216843
11,0.00012734671705596267
12,0.005673047241875525
13,0.008945147908182155
14,0.0001288005050385766
15,0.03499549377240144
16,0.046286066685584555
17,0.03235327483108108
18,0.00012922384389302797
19,0.0001296494769220075
20,0.00941328822243049
21,0.004467738060253211
22,0.004435581736146416
23,0.00013324878387820487
24,0.0492773370760234
25,0.013002507602260495
26,0.0001301509793374317
27,0.004315935265550734
28,0.03639403606481482
29,0.025373962408376964
30,0.0001340181896406927
31,0.021643192588390796
32,0.05581584164473684
33,0.00014518168688619292
34,0.0100381645648129
35,0.00013804430155850634
36,0.026692320763492067
37,0.0001458642982543564
38,0.13809142975830813
39,0.00014102167154368293
40,0.006642130727504786
41,0.00013774054894533758
42,0.1737074184410646
43,0.004941075972685406
44,0.008036308967120556
45,0.032203336809045226
46,0.038355760865290064
47,0.00012621342777620754
48,0.00013243895488711585
49,0.00012963334417011977
50,0.013135013728442377
51,0.00013412025488105403
52,0.005248612206896551
53,0.00012281094233577197
54,0.03530746563958917
55,0.02737443801039347
56,0.007682855606060606
57,0.03473731147686833
58,0.023154071157822195
59,0.039451840115718416
60,0.0001394584436006426
61,0.0001422615769992492
62,0.008895910604719766
63,0.0001391605489583513
64,0.14434865599369084
65,0.08035043514344262
66,0.03690383781553398
67,0.05459861186224489
68,0.006118521087823067
69,0.00012803300804656737
70,0.03269460195729537
71,0.00012861412922302677
72,0.00013208383190447027
73,0.007207320056707955
74,0.03263407667514843
75,0.005479596179421372
76,0.034592629245283016
77,0.005152856300578035
78,0.034563474956445996
79,0.005430602227463313
80,0.00013713543005494023
81,0.024282532040816325
82,0.00012202550786803089
83,0.00012745265487075751
84,0.46249153514851493
85,0.03192726424936387
86,0.10604612669082127
87,0.044568020735785946
88,0.15994115978647688
89,0.07005467905844157
90,0.05142771819354839
91,0.00013324949522619154
92,0.00012853811196643459
93,0.08519414120553359
94,0.0001322568418222714
95,0.0753514368881119
96,0.04150407100103199
97,0.00013035552034804058
98,0.0001377807460395222
99,0.05783751387362637
100,0.01047022401600346
