1,0.0001304759951796421
2,0.00013825831305005153
3,0.00013474880084505544
4,0.00014223669084260896
5,0.0042822802504218094
6,0.00014628908924753598
7,0.004323267550308269
8,0.00013417536651062168
9,0.0001319260437617033
10,0.004463876882670138
11,0.00013722097262712404
12,0.004376923342138823
13,0.004297115108299951
14,0.0054777652117798895
15,0.004298952971564818
16,0.004295192761821166
17,0.005061806041344736
18,0.00013705509706057103
19,0.0001327220362864648
20,0.006558707711073398
21,0.004528030160550459
22,0.005234716893287436
23,0.004313627486053308
24,0.0048716501765536735
25,0.004841197075362067
26,0.004305029366781018
27,0.004311387375464305
28,0.005305155481727575
29,0.0046115091442322145
30,0.00013420097358442487
31,0.004309216500976389
32,0.004920756601972638
33,0.004288801133534851
34,0.004296299068901304
35,0.004888768161046328
36,0.004508225388970209
37,0.004322748077956989
38,0.005618878512496967
39,0.005318910710188774
40,0.004435348153823701
41,0.005292736579324012
42,0.004829268361318409
43,0.004988036669609357
44,0.005776379799809342
45,0.004623027256562397
46,0.004696551202034212
47,0.004588797661918503
48,0.004932884505941214
49,0.004306993218155979
50,0.007399887713046175
51,0.00013711238156482173
52,0.004851883581852792
53,0.006123601023337077
54,0.004881236723018246
55,0.00432868500054484
56,0.0049315903463758816
57,0.006700218152554234
58,0.005796787843432442
59,0.004297811156474659
60,0.0049380476740455564
61,0.004919403526781176
62,0.0056834463325629485
63,0.004551889679206611
64,0.005685482257761053
65,0.006506458677067749
66,0.004687812963325183
67,0.0042906354556933495
68,0.0042954053052995395
69,0.00013420572472256303
70,0.0001316109037059704
71,0.004874683910034602
72,0.005268185053503624
73,0.004891297310993898
74,0.004313130375366049
75,0.004311783456143466
76,0.004668333439443293
77,0.005656912061690934
78,0.004902670880926303
79,0.005770384226115453
80,0.004384237421977065
81,0.004301457517413589
82,0.004812542626046132
83,0.004937298813008131
84,0.0049463640068605035
85,0.0049950693239465774
86,0.004294230498575499
87,0.004846428919315404
88,0.00486722109375
89,0.00012299113703611136
90,0.00013213269778850474
91,0.004308189900884008
92,0.004948990292512102
93,0.007180157274011299
94,0.005042316095488293
95,0.0057100340698806925
96,0.004520293716127144
97,0.004355193340827339
98,0.007344286128717698
99,0.005207731907111264
100,0.004790202125175152
