1,0.00012576071140632398
2,0.00012264811652391372
3,0.00013133136947627715
4,0.00012475133708752213
5,0.0001220726711039908
6,0.004291697605131861
7,0.004295815277579563
8,0.00013780121845319564
9,0.00012512559567562533
10,0.00012727448019047422
11,0.0001357737616488321
12,0.00013322338809429384
13,0.0043048285949348975
14,0.004326826893601853
15,0.0049928341171749605
16,0.004307369724364087
17,0.004307409477667509
18,0.004839631389925372
19,0.00013181595425760512
20,0.004342504921727933
21,0.004913929973262033
22,0.00492434640782964
23,0.005307704705280712
24,0.0052379078571428575
25,0.0048920618732308935
26,0.004306568873114464
27,0.004303961766282498
28,0.00013325018496276067
29,0.004295132545374059
30,0.00013599597406433286
31,0.004301171628589208
32,0.005776969432287107
33,0.00012014421633264584
34,0.004297820954149407
35,0.00013685146347182243
36,0.004382976061597743
37,0.0001349038331460747
38,0.004655344687939424
39,0.004307980827935041
40,0.0001416775767059777
41,0.004960646143020953
42,0.0049385770244215945
43,0.00012603281894894283
44,0.004931847258807153
45,0.005540827831655993
46,0.0047204080236718975
47,0.004945059844271413
48,0.00013518101553511495
49,0.0001325778979033235
50,0.0001244877388748172
51,0.004308339901372214
52,0.004302703505026243
53,0.0046341379811382834
54,0.004324909704830054
55,0.00485182772695285
56,0.004734585806343158
57,0.00477390601903412
58,0.0057567008274373435
59,0.004920858948961342
60,0.00012811497654912927
61,0.0001273346621729891
62,0.004703228865423154
63,0.00012984370037542073
64,0.00516425362219538
65,0.004352270267753147
66,0.00012899258977868756
67,0.004800531167598881
68,0.00448565047159343
69,0.00012995507937274211
70,0.00013510609248936078
71,0.004308150160099617
72,0.00012834091577770495
73,0.00012251150929747887
74,0.004301154605548571
75,0.004343902744122966
76,0.0048062892127983745
77,0.00012899159380443914
78,0.004955826294563639
79,0.004994325067240452
80,0.004850585838712983
81,0.004626236260408781
82,0.00012350533244592
83,0.004871194640622828
84,0.004887364615507085
85,0.0001347912655593023
86,0.00013493557291841134
87,0.00013449069296378406
88,0.004306683340761208
89,0.004318242746113991
90,0.00013180740857716823
91,0.005233630226083083
92,0.0043033455065827125
93,0.004346472163279985
94,0.00013510654471680009
95,0.0001245380727257947
96,0.00436425764845389
97,0.00013341602551089927
98,0.004307450107773138
99,0.00012626081142008287
100,0.00013354286921159214
