1,0.00012818350091062453
2,0.00012814495834529598
3,0.00012150521283104184
4,0.00013350906301478764
5,0.007362451374753152
6,0.0001316994932047062
7,0.005002646591840919
8,0.000139851298309699
9,0.007637729940808943
10,0.034540642924528304
11,0.00013320381243154435
12,0.005986855546593871
13,0.00013737565452614663
14,0.00013528923317504974
15,0.00014043849531925504
16,0.00012579013592717297
17,0.00013168310283099622
18,0.005258534939556749
19,0.00013568374452455217
20,0.01559592878405651
21,0.02780676449498843
22,0.018027867528409094
23,0.0001300374193157386
24,0.018810051765046295
25,0.0043143254773914605
26,0.008417538268059181
27,0.00012878130740347747
28,0.010369544900921322
29,0.0001382741373321147
30,0.00013435064311585567
31,0.03398829072119613
32,0.03428088437185929
33,0.056752101747311816
34,0.006456937299163457
35,0.020011412612612613
36,0.07243925514096186
37,0.013384199294995854
38,0.0043382889945040096
39,0.00013646595473216296
40,0.006776118713815802
41,0.006617702889679716
42,0.005678446935907046
43,0.005653284520182787
44,0.007090049918925178
45,0.0001251829514057755
46,0.00018229157129183012
47,0.0001766358967840578
48,0.08278190496183203
49,0.00013797199566004914
50,0.04133612311557788
51,0.011024867731227106
52,0.03571970808270677
53,0.00014135660774702367
54,0.00647319694850604
55,0.00013164104086902807
56,0.041444916810344824
57,0.03332465193151888
58,0.05172475833333333
59,0.04595791307966706
60,0.00012696851146476126
61,0.005724554925457633
62,0.009606691333066455
63,0.008663905282005372
64,0.009738783425009844
65,0.02115446652431012
66,0.00013998091800700204
67,0.004310734086004635
68,0.00012852306422303863
69,0.029628213747054204
70,0.044261858509454945
71,0.024555222370317
72,0.01720629737696052
73,0.00013501769447310375
74,0.019784521856810244
75,0.011326376711048821
76,0.00651953536121673
77,0.0001252941262614471
78,0.021773658111615832
79,0.04191407549222798
80,0.015447299455302791
81,0.0001318625243505397
82,0.0057225820060388755
83,0.008211664627659574
84,0.03132872222222223
85,0.0001348462818300247
86,0.008476073712971727
87,0.004311955926878035
88,0.011549253380190364
89,0.007564565004081633
90,0.005284990415087839
91,0.00013132358146338328
92,0.0001308099844199629
93,0.04385764865229111
94,0.00014296431587245187
95,0.027362112593423023
96,0.007287053306097747
97,0.0315776463241437
98,0.02387859632495164
99,0.045826631807909614
100,0.007385390517903795
