1,0.00013200159252188228
2,0.00012872188180639815
3,0.00013542413041829263
4,0.00013149082691941578
5,0.0001273840902203103
6,0.0052946501614879165
7,0.00012923495699059697
8,0.005349677165704132
9,0.004309568364637588
10,0.00013173643835616436
11,0.00013614362196344307
12,0.00013246554122366
13,0.004660689839580748
14,0.00013873204544622756
15,0.0001366929151925086
16,0.00012172921394622846
17,0.000129277432809162
18,0.005760275019040365
19,0.0001519331091489397
20,0.00016989481784600725
21,0.00014042172527033172
22,0.013856764997703263
23,0.004825253066185696
24,0.00814162712429475
25,0.00430791778921779
26,0.0054756702901114455
27,0.010833323333091092
28,0.005904118560652148
29,0.00012578108028495625
30,0.00013754912354939144
31,0.00012715845700048608
32,0.009421642139099943
33,0.0074611647752394995
34,0.00012974373694167542
35,0.014163973562676721
36,0.00013133955204058955
37,0.0103975882469886
38,0.0001388728070276564
39,0.005520541755344457
40,0.0001309135002591116
41,0.009014530668414155
42,0.021156018000000002
43,0.005626907172736222
44,0.01103821372071445
45,0.005684326427606533
46,0.004290864465993624
47,0.00013652078218387228
48,0.006956426589861752
49,0.005618744434171599
50,0.005705583420707733
51,0.0001321285118875526
52,0.010401579430107527
53,0.00012687552887075362
54,0.005671498879421035
55,0.006628636169467786
56,0.006389224583002382
57,0.0057855934188034185
58,0.004975643959561064
59,0.005639200312969455
60,0.005331729825017326
61,0.005946259723242713
62,0.010558958802434251
63,0.00479517990625
64,0.005439696585010941
65,0.005597245827039275
66,0.01825361266666667
67,0.014270898847517732
68,0.008468142357403766
69,0.013775989276485786
70,0.018612799421630997
71,0.004314444168004281
72,0.00889988979086406
73,0.004408667037609012
74,0.00433753267991407
75,0.00812283486277151
76,0.02483597222222222
77,0.0075354019554848975
78,0.008034469104602508
79,0.005291603618638467
80,0.019136195899705017
81,0.009389627260104907
82,0.005443974964054636
83,0.0048730844084913455
84,0.024025296754143645
85,0.018805116604177826
86,0.01092117407742812
87,0.004938198628841608
88,0.005156724362582781
89,0.008964743663347327
90,0.005253637796404544
91,0.008917393409048594
92,0.005638002079268293
93,0.04200305380368098
94,0.004297949512369355
95,0.008369500729864483
96,0.034842239590909097
97,0.00843907840610205
98,0.014756880926180651
99,0.004359318700482652
100,0.004309121479754784
