1,0.00013305566967012828
2,0.0001299296969602099
3,0.00013192620178025143
4,0.00012491956030031493
5,0.00012951249967823586
6,0.00012740662580109266
7,0.00012875854796354908
8,0.00013377326938059726
9,0.00012972280202188318
10,0.00013260543401799805
11,0.00013189658107821893
12,0.00012887769987784988
13,0.025944277413273004
14,0.00013042742153334045
15,0.00013218961013631103
16,0.008165904377646064
17,0.05480101400264201
18,0.06514111641452346
19,0.0001204000348989528
20,0.00012589360148396918
21,0.00012935437203264483
22,0.00012816024850226937
23,0.0001325430616087876
24,0.00012633781424130293
25,0.0051144729744199875
26,0.00896183211963589
27,0.005672841712033038
28,0.02146004397363465
29,0.0075732036481364505
30,0.010615697358294495
31,0.008153037569950825
32,0.007102531251858459
33,0.00013950307939399607
34,0.030358431489184694
35,0.049169289361702125
36,0.034814432126696826
37,0.005253496037192828
38,0.006482460225820196
39,0.01955914305804907
40,0.1885527381147541
41,0.006766114665686994
42,0.09561524569536425
43,0.00012945740172497377
44,0.024317901887439944
45,0.008946667748671222
46,0.005763711951737335
47,0.0001222087717101543
48,0.004303783989922126
49,0.02952992544677545
50,0.013348170445789764
51,0.03496729068673565
52,0.009131159996217138
53,0.012082740648931306
54,0.02701258145468393
55,0.01434718674287411
56,0.007502311235165521
57,0.036555702045454545
58,0.00012781448050896106
59,0.018684848757575756
60,0.00847577282722513
61,0.08588901789587854
62,0.004936423498344632
63,0.034481053587647595
64,0.031448074649629024
65,0.03333189041272571
66,0.10125589099099098
67,0.005453657663725034
68,0.01097402897335783
69,0.004299367260687938
70,0.15925946408934707
71,0.02045941661300708
72,0.01688311145016798
73,0.0076728749759306806
74,0.02112957615291262
75,0.005701450491214811
76,0.04389349707505518
77,0.007326379690346085
78,0.017668887075575023
79,0.025972961710719524
80,0.006430114375111652
81,0.008899185665810713
82,0.010052672299398716
83,0.008173549404660656
84,0.00013689800810741946
85,0.04610791148272018
86,0.09501742033898304
87,0.05672237978290366
88,0.004299192892540675
89,0.04059112879120879
90,0.06687954728682173
91,0.008647788016603502
92,0.12656089916666663
93,0.008172713435897434
94,0.00013087096852833346
95,0.018036581434952546
96,0.004340656048242468
97,0.022634982542262677
98,0.14757499491803278
99,0.03411936899122806
100,0.024360878413028416
