1,0.00013689874802313545
2,0.00014021884386428087
3,0.00013600691468062655
4,0.00013523050698597056
5,0.005650424360105913
6,0.0001221724928837978
7,0.005277629377397977
8,0.00013439919688448435
9,0.00013217737128263187
10,0.00012419290174683255
11,0.0068877006525168505
12,0.00012822066682230174
13,0.00012887187492518018
14,0.0001392471438424881
15,0.00013634018987065133
16,0.005361021070231987
17,0.00012510375282597698
18,0.0001352698253856034
19,0.008146920265951386
20,0.004855473357664233
21,0.009079495795795797
22,0.004538281172976986
23,0.00013760472575815105
24,0.0001279948388434473
25,0.0001351602677056248
26,0.008233270121222467
27,0.01724460905349794
28,0.0001384128237186748
29,0.004314060273939406
30,0.00013068435705691927
31,0.00012531820354717295
32,0.007672893884719781
33,0.004623969381643959
34,0.007427836326681449
35,0.00014116051751939586
36,0.00014005304491815086
37,0.04123327711229947
38,0.00013511711705906744
39,0.03489904845679013
40,0.00013933097886128937
41,0.01486472284545017
42,0.0057754403512120635
43,0.00013476374759742611
44,0.00012672485589485072
45,0.004303867891896673
46,0.0067621690218176555
47,0.01952470503397159
48,0.03492354294449671
49,0.00433976048340961
50,0.026685249712849968
51,0.030734917942386836
52,0.0056739785783423485
53,0.007623477273449921
54,0.004549318674586969
55,0.013048367773109245
56,0.010465860246699848
57,0.010361712343682623
58,0.03264781890295358
59,0.04485668714442013
60,0.007085316419084957
61,0.009533181957831326
62,0.015480473292867981
63,0.008151168926458157
64,0.005230207987290457
65,0.0076060788905622494
66,0.00012633287232402846
67,0.019762820362903232
68,0.005489122478283992
69,0.01583009567567567
70,0.0052096288870008495
71,0.029822868055555556
72,0.007033058196958725
73,0.03279598790393013
74,0.00577625620486507
75,0.005727425568667554
76,0.008042425284045062
77,0.04516328818897638
78,0.005944083637924691
79,0.046188846391752574
80,0.0064871229034794186
81,0.017750014844177146
82,0.00524671622527945
83,0.03323427226596675
84,0.007633500959572125
85,0.005615410234899329
86,0.02113689990864799
87,0.004293789370601513
88,0.007606589091343095
89,0.004301131607508229
90,0.023734433066759392
91,0.0059096258034495594
92,0.032319219354838724
93,0.04524005622895623
94,0.004324510787549055
95,0.007635631638192559
96,0.010292975364674776
97,0.004295331217006706
98,0.005313727876949739
99,0.007667648763866877
100,0.022543785340833882
