1,0.0001392804632815009
2,0.00013182034383418643
3,0.0001383241089600146
4,0.00013589347101305006
5,0.00013178556281874738
6,0.00012574553233344569
7,0.00012971012340869768
8,0.004878796377043924
9,0.004308540777585301
10,0.00012970741863313338
11,0.0001207374571036376
12,0.005297185939362971
13,0.0001323861387477963
14,0.0001360164769594326
15,0.004290999090669951
16,0.0001370594314794419
17,0.000140034399012584
18,0.00012990170734253665
19,0.0001229581556707902
20,0.005306364156001385
21,0.004308779340203235
22,0.00013598719601379364
23,0.004301226331492695
24,0.005221655303159691
25,0.004321803400053614
26,0.00013359679193971583
27,0.004288298530323152
28,0.005709145994734863
29,0.0046072241440739846
30,0.005446603388882676
31,0.005434592874801342
32,0.005228410912969283
33,0.00568988732542331
34,0.005778034038901602
35,0.005511543228741398
36,0.004299496026089295
37,0.006660167745969983
38,0.0049349589329218775
39,0.005300747072458791
40,0.0053090710045662105
41,0.0056394490300449495
42,0.004302873630533536
43,0.000132051374354013
44,0.004335240091381473
45,0.004306832285265114
46,0.005708543565833643
47,0.00013808079537393203
48,0.0001348054381910748
49,0.004306174377602552
50,0.004684712055413637
51,0.004279115067152894
52,0.0042881984921057294
53,0.005275135671208399
54,0.005258645795925414
55,0.004368760740873993
56,0.00014045351310868815
57,0.00534252672263029
58,0.00013089947895038103
59,0.00013335427505010755
60,0.00546726900125067
61,0.005525722350125371
62,0.0057419975457979255
63,0.0044758530448878505
64,0.00538686212173913
65,0.004339950072118851
66,0.005706760684673367
67,0.005621592130134497
68,0.004307632462625465
69,0.004297456568531532
70,0.005278656195522132
71,0.004333873385500989
72,0.0053000774404967236
73,0.005478606427732079
74,0.004368492902523143
75,0.005774646892225813
76,0.005669260544675642
77,0.004312858051493651
78,0.0054054296691936595
79,0.007692174588723846
80,0.004311875296722763
81,0.005305221286681715
82,0.0001247016068647186
83,0.00013419561917205722
84,0.005226138718473074
85,0.005352876448863637
86,0.004307580255074816
87,0.005881615935984481
88,0.005350364301860546
89,0.005746881245530393
90,0.005336001453943932
91,0.004338459025222153
92,0.004314268368712094
93,0.005765787296476306
94,0.005464131095720121
95,0.004811611217849394
96,0.004312927183588318
97,0.004293120130846078
98,0.005100263251689189
99,0.00470706723778313
100,0.005239964896575701
