1,0.00012977156796355522
2,0.00012851593381602025
3,0.00012414060571651708
4,0.00012899142858356305
5,0.0074438547977306365
6,0.00012979517335309876
7,0.00012947583768981163
8,0.0001369396680546312
9,0.0001257467799013787
10,0.028055712869362363
11,0.0001368641334218089
12,0.00012514153489230162
13,0.05134253557089085
14,0.00012968738840978453
15,0.0001224495932931779
16,0.009633913585746102
17,0.00012475370407705145
18,0.00013445030516776607
19,0.0043649445879280335
20,0.00012552185526370287
21,0.0001344173182139075
22,0.00012453186682500432
23,0.000127842182486957
24,0.15106386595394738
25,0.007588068455640745
26,0.008612794795373665
27,0.00012862944806980004
28,0.00013071505943364808
29,0.11256964507575756
30,0.00012802775477233902
31,0.022626027726675425
32,0.06702577851373183
33,0.025412185492957748
34,0.005327353759398495
35,0.02950509212410501
36,0.030184317385892112
37,0.0001314315536417138
38,0.00013701048834191375
39,0.04282568446601941
40,0.010407632780264978
41,0.045207281584821436
42,0.0057205587137715485
43,0.0001382826156657143
44,0.006589137915955633
45,0.05151958497536946
46,0.00012945554415469353
47,0.06108425104321907
48,0.0001394239625308277
49,0.035889605040504056
50,0.34222204854014604
51,0.21007987601809955
52,0.07063529833333333
53,0.4101920080508475
54,0.09935284575892857
55,0.08213140111524166
56,0.047563204794520544
57,0.09073654541666668
58,0.02153502496855346
59,0.10089433385300668
60,0.13521180589970502
61,0.06387228667687597
62,0.1639055964664311
63,0.010307161052968817
64,0.004297071226624124
65,0.04694384901734104
66,0.277411625443787
67,0.13692115312499997
68,0.004303284849290779
69,0.024888049623803008
70,0.014298079279811096
71,0.6302676822368422
72,0.036988447373271886
73,0.15691486199324328
74,0.00012756706497797358
75,0.04403775106609808
76,0.040238644018887715
77,0.16655745609318995
78,0.011414543622811168
79,0.28127993333333334
80,0.0751218503502627
81,0.06184165527456647
82,0.005659602585899417
83,0.021703319910657305
84,0.12678279331476322
85,1.2089307319999996
86,0.47719318550000006
87,0.12391584779005528
88,0.00012427383668702836
89,0.16188699469964668
90,0.15531953424657538
91,0.00012829766977522718
92,0.009699790885833068
93,0.04310365431499461
94,0.0737262019557823
95,0.0659978228441755
96,0.06917256701277955
97,0.023803728936742936
98,0.07352493758445947
99,0.005775714642696276
100,0.022569570259165613
