1,0.0001286915923762661
2,0.00014286475773139733
3,0.0001425276323526209
4,0.00012879524142816906
5,0.0001334479530997216
6,0.00013391169778811135
7,0.0001305627637974361
8,0.00473030712166172
9,0.00014014761367415443
10,0.005352010076344449
11,0.00012598196797056132
12,0.0001339322295779162
13,0.00013416841654912762
14,0.004299993923246176
15,0.00013575113836087227
16,0.00012736343920830438
17,0.005598906203703704
18,0.004329731592720638
19,0.00012577464379471472
20,0.00013468811815547807
21,0.0001296970969832714
22,0.004308930146475403
23,0.005344487620939875
24,0.0001298890341705535
25,0.00500239189976084
26,0.005350873997311226
27,0.005249309042076992
28,0.006486401411960132
29,0.00013266563851613573
30,0.004413419379702699
31,0.005916764986269125
32,0.005276931874793343
33,0.004295325810894872
34,0.005744902946895127
35,0.004440897855877691
36,0.008908499770684277
37,0.005349119275008714
38,0.006787534677419355
39,0.007048874020393298
40,0.0053378732589868146
41,0.004940728977741137
42,0.005638167673821745
43,0.006029379861544218
44,0.00432429655541674
45,0.005251931248932171
46,0.005692436166823973
47,0.004296008468377121
48,0.005645639320565992
49,0.008977670130963518
50,0.006669789878717873
51,0.005261416675731534
52,0.004318707017293125
53,0.00839838275013188
54,0.005773413749761949
55,0.004305094002282127
56,0.0059621530272182515
57,0.005723068781065089
58,0.007703097935891209
59,0.004308389627565464
60,0.007452211877454831
61,0.005676966919548342
62,0.005499357753308991
63,0.004299689519128587
64,0.004297627402608927
65,0.006678840683996515
66,0.004306466915796922
67,0.004310095659506479
68,0.006364404780481354
69,0.005324362311948816
70,0.008293721259842521
71,0.0057580384461391795
72,0.005238719010680158
73,0.005967732461252324
74,0.01203281705590062
75,0.0042985276568430686
76,0.005277321605413731
77,0.005338539414021625
78,0.005323887718618552
79,0.004308349130938586
80,0.005298536430694704
81,0.004294225800459932
82,0.008837513468567253
83,0.005476898256437769
84,0.004307614590731534
85,0.004301026474252376
86,0.010833460004466281
87,0.00738528458951082
88,0.008089566311156255
89,0.004882643261749145
90,0.01586273858238936
91,0.004336638275185152
92,0.005642268070112034
93,0.005670347678037104
94,0.004609237921926903
95,0.004982025699281963
96,0.00881538299307328
97,0.004946020678336981
98,0.004300182096720768
99,0.009450695544264217
100,0.005504457875706215
