1,0.000133627606818531
2,0.00012631027293078838
3,0.00012149721622156086
4,0.0001337498197842382
5,0.0001357034699893748
6,0.00013591957737516227
7,0.00013126052598793703
8,0.00013185318331458899
9,0.0001310885443836728
10,0.0001291271716021855
11,0.00906521234813971
12,0.00012275696606030322
13,0.00013750729519282739
14,0.004887125424495127
15,0.00013725656354606492
16,0.005698329950894472
17,0.00012495445672146106
18,0.0001259201686634679
19,0.0001331651159095813
20,0.00013633450370762417
21,0.004926582824912615
22,0.0001271828390591149
23,0.00012787458863832156
24,0.00012787561882595647
25,0.000128076059016116
26,0.0001336533810103637
27,0.00012823998531311334
28,0.010603848560123105
29,0.004302285416666666
30,0.00013186726997464963
31,0.00013236257369085564
32,0.008192732047377327
33,0.005092452859342352
34,0.00012641334830778986
35,0.0001410250916127105
36,0.00014280302041908623
37,0.00015717493335615492
38,0.00012712092036347246
39,0.00012903886028733258
40,0.005747447920277297
41,0.00012993961429757798
42,0.0001276988823275597
43,0.00012721461645698562
44,0.00013191056100926644
45,0.0062550009955752205
46,0.00012624583485050614
47,0.005233807330574816
48,0.004310852412312097
49,0.00013236349739685873
50,0.00012621809073889897
51,0.00012594922735962945
52,0.0001279938626786291
53,0.00013617007800273656
54,0.00725939226817681
55,0.0001281609430783509
56,0.0001324518520547795
57,0.0001373040107308712
58,0.00012779139110784924
59,0.020513341185795814
60,0.0001335964443746885
61,0.00013270545395774894
62,0.0001392748487740462
63,0.005913429772722379
64,0.00012999984343675314
65,0.0001295383556011895
66,0.00013254484690379068
67,0.00012926499782791668
68,0.004296130017699115
69,0.00013796270226033367
70,0.0001317287545921817
71,0.00013219442413696156
72,0.004310949222936763
73,0.006628989209704881
74,0.000134142431236696
75,0.005778585424910497
76,0.00013069409538349417
77,0.004300098664240703
78,0.0001406180555186061
79,0.00013085811990334027
80,0.00013427541447029283
81,0.00012772748961792864
82,0.00013021774937206773
83,0.00012672760488535278
84,0.00012881700131739445
85,0.00012320767866815842
86,0.005988186168985693
87,0.0001372426439129708
88,0.00013104108646033296
89,0.00013512674612688787
90,0.004482787222633136
91,0.004512524110395067
92,0.00014430604494160694
93,0.00012187862061998646
94,0.00012810935654579604
95,0.00012989761543323591
96,0.0049157995921305184
97,0.006263326346996649
98,0.00013146107784424028
99,0.005451567339069773
100,0.00012522077900259756
