1,0.00014361006513334714
2,0.00014058384256747836
3,0.00017620761927165848
4,0.00018314740184823122
5,0.00016980968459212158
6,0.005154379108470337
7,0.0001318058471865152
8,0.0001251300452689197
9,0.029619508571428567
10,0.00012406266421195083
11,0.011553144045893719
12,0.00013621711726225316
13,0.00013712226591574807
14,0.01855023357582541
15,0.00013361222391806852
16,0.00013847105999977168
17,0.0043344415905836025
18,0.005509191783821157
19,0.005332872154963681
20,0.04242135683987275
21,0.00563931719346374
22,0.01965094879057925
23,0.00013897055420841137
24,0.00013817887615964424
25,0.007257731731203858
26,0.0001320995871176332
27,0.0001406776025478518
28,0.05233155192554557
29,0.00011991081281585959
30,0.0001402788887429397
31,0.0001357041330304319
32,0.03342552018388792
33,0.00013499930347618433
34,0.0001281914468087362
35,0.0001228347293446351
36,0.02418416042253521
37,0.0001335348731341426
38,0.010357818176867786
39,0.008863083151854032
40,0.00531660574643532
41,0.00013714473607538748
42,0.004505809534603997
43,0.000126604910107045
44,0.02629549362891207
45,0.008862456556174831
46,0.0001286688162631628
47,0.008536857250677703
48,0.01795705814479638
49,0.0055960401280811985
50,0.004314329592755913
51,0.008724747540343266
52,0.09751049036796537
53,0.008241256461249574
54,0.0001432656848250122
55,0.1391751399380805
56,0.021541085922933502
57,0.00013952932725126049
58,0.0001350107824187265
59,0.00013190899290365355
60,0.00013090452120349198
61,0.00013201744729181972
62,0.060799364731494915
63,0.00012731897698867815
64,0.00013173859024347975
65,0.054406052704485494
66,0.00011988446891766008
67,0.011058171275738724
68,0.00013446639887071204
69,0.057741676629681
70,0.00012819799547241184
71,0.05735804414600551
72,0.028530389570552147
73,0.00013921426236966083
74,0.009833307718120804
75,0.06894313727858294
76,0.00012937478701895893
77,0.00013629405053351844
78,0.00013591446332077126
79,0.019233344926719277
80,0.0001370717030619295
81,0.01010332995613119
82,0.04565404892167991
83,0.03502948975903614
84,0.00012558570966663356
85,0.011871437797619046
86,0.00013699150793596414
87,0.00012829720682175564
88,0.0001315447470169647
89,0.00012958864978500795
90,0.0001232290467618461
91,0.016726579847381202
92,0.021468644367130547
93,0.013167179018704256
94,0.01437163916695324
95,0.00014159457487050584
96,0.00012884466448953016
97,0.0001245922481717134
98,0.00013485090306856822
99,0.013734110753911807
100,0.16399871582733816
