1,0.00012796851639346405
2,0.00013720531541130902
3,0.00014528310060063528
4,0.004296482721440029
5,0.0001395259001672279
6,0.00013367569752125493
7,0.0001300126441025312
8,0.00013217752781590923
9,0.005653307396069934
10,0.004310182624933659
11,0.00014415497392088523
12,0.005771539577357047
13,0.005491841327284431
14,0.0001286178009886383
15,0.00013081107861256767
16,0.005744514005534833
17,0.008206299499745634
18,0.00012849318201684098
19,0.00012954306667074572
20,0.005223139371438438
21,0.01425297730224321
22,0.005237070368104981
23,0.0059987582206759435
24,0.004630861038836683
25,0.004296879006822007
26,0.00013391735338352497
27,0.00013324012677384684
28,0.028241001557507986
29,0.004889212023845609
30,0.006509445332480819
31,0.009307127210949465
32,0.005229371173469387
33,0.006922561960509897
34,0.005509476368563686
35,0.01036516121121577
36,0.004756396921328326
37,0.014795876795977015
38,0.005739030209118313
39,0.004298586122418924
40,0.007724537368168744
41,0.006155965874439461
42,0.005914287703089632
43,0.006548708837797932
44,0.004297412588984181
45,0.004334659749964075
46,0.004909546550133278
47,0.008505326427564327
48,0.004299171151099686
49,0.00534189123202218
50,0.004319561329479769
51,0.005682175985129412
52,0.004293601063677898
53,0.005680377038933208
54,0.004302782362621637
55,0.005935964520665199
56,0.015638163617571064
57,0.005454885849162639
58,0.005286819182717335
59,0.004356350743712251
60,0.008684469859276279
61,0.005756829312612075
62,0.004813142969735183
63,0.00529816249864616
64,0.0048591779234191295
65,0.005373558398395141
66,0.0045825581846799576
67,0.009740830366073214
68,0.005674907634422434
69,0.004307278464178465
70,0.0052969723326992905
71,0.0059445527682508575
72,0.009001156878306878
73,0.007004465782055612
74,0.0052447542509777255
75,0.005223489585156932
76,0.006758186793123047
77,0.0064181223795333605
78,0.025279910936356984
79,0.00436572669885225
80,0.005281258181917688
81,0.008139416478040541
82,0.005678483042273878
83,0.004858248979697535
84,0.008199615701013513
85,0.006364241356295121
86,0.004957618656955339
87,0.004711831438415159
88,0.004343612758735811
89,0.006598577585731994
90,0.005767829785911603
91,0.005449952752880922
92,0.005664726161971831
93,0.005662750621921182
94,0.008055767490718865
95,0.005156280164910673
96,0.005701181255215163
97,0.008897163683279268
98,0.005247620379187214
99,0.007403521542839563
100,0.004335513532750697
