1,0.00013247101718805057
2,0.0001311227946343695
3,0.0001383651800046188
4,0.000134933954858656
5,0.0043055290659419244
6,0.00012210123303028095
7,0.00012182786123948157
8,0.0001333728388345361
9,0.004327298152154317
10,0.004469954588014982
11,0.00430985688519897
12,0.00013472477348921356
13,0.00013999138177118287
14,0.00012597883448720347
15,0.00012534476444319066
16,0.004313822323563268
17,0.00012652437384153508
18,0.004301612434659343
19,0.00013065196368835657
20,0.0001752548068025073
21,0.0001314006203141224
22,0.005305601479795105
23,0.004313586039848518
24,0.005467837665347653
25,0.00013005593646394506
26,0.0001393052007176159
27,0.00013902551743059485
28,0.004295624686527345
29,0.00013599027142455745
30,0.00013607116997568512
31,0.004317194614219529
32,0.004305050050014289
33,0.004916833964049195
34,0.00013737217504884423
35,0.00013017393465061995
36,0.004741239276885044
37,0.00012643756896975965
38,0.005236758361629881
39,0.004870388926588526
40,0.005497357631271879
41,0.00011974715243445544
42,0.004306653892242145
43,0.00012881617931690057
44,0.004299741294100844
45,0.00012449936625260583
46,0.00013115669592638849
47,0.004340052968540188
48,0.005226073139792269
49,0.00013106521704190542
50,0.00014137753795571178
51,0.005520121030890804
52,0.005474507493356953
53,0.00013608488778803988
54,0.00497009132995256
55,0.0050490376620139586
56,0.004297136833214794
57,0.004301701558061079
58,0.005313052739844426
59,0.00012685189466374384
60,0.004298670500720629
61,0.0001391847276456887
62,0.005317814520829762
63,0.00430069468869349
64,0.004888699095899258
65,0.000131014969246898
66,0.00012694961894572706
67,0.00013352603594947595
68,0.00012579685475865571
69,0.00013473874294509436
70,0.004306526559596496
71,0.005060893780982424
72,0.00013748340641785546
73,0.00012751596869227554
74,0.00013199891897259548
75,0.004985736749933741
76,0.00496607088788981
77,0.0042955040319959835
78,0.004291727055913789
79,0.00012739325340202626
80,0.004294871489726028
81,0.004973574925280841
82,0.005279828865753425
83,0.00012992398852121223
84,0.00014164730728862974
85,0.004368932039464209
86,0.004929676833527357
87,0.005238254092223922
88,0.004305444737594737
89,0.004295768826449211
90,0.004305445742857144
91,0.004297870985628105
92,0.0043130747852848554
93,0.0001224572217670963
94,0.00013785208863109966
95,0.00012799419854280514
96,0.00012507956221431406
97,0.005328653605302251
98,0.00531479108004386
99,0.00012984143467772882
100,0.0001292622470699869
