1,0.0001382157653570846
2,0.0001265054543877232
3,0.00012936597085846073
4,0.00012606489507025734
5,0.00012816224421684545
6,0.00013410751466810513
7,0.00013140843827590034
8,0.004289662984599044
9,0.00013000092120551353
10,0.004287353177346452
11,0.00014868765716740656
12,0.00012787500327891938
13,0.0001223545416634021
14,0.0001559823986483434
15,0.00012981060981213677
16,0.0001292049365353283
17,0.0001423820022379986
18,0.00012771361919896345
19,0.008132523706781025
20,0.00016266255390305032
21,0.00012679644559417694
22,0.00014081865518449145
23,0.00012457097723492667
24,0.004929002595017566
25,0.004845715633982753
26,0.006619213366124893
27,0.00013577206354946868
28,0.00013657955523005552
29,0.00013010939079485334
30,0.00012650463545794413
31,0.00012915726974627856
32,0.004293241391843972
33,0.0001569109723546579
34,0.005759565400146843
35,0.00013000151102036947
36,0.0001318849950036275
37,0.00012413064951184195
38,0.004346544636778794
39,0.00012860940857922562
40,0.00013899156437610402
41,0.00012767969016759572
42,0.00013531077457753637
43,0.00011924371116226967
44,0.00013704917723478358
45,0.00014469742671473318
46,0.00012261489110290753
47,0.00014184728155965424
48,0.00013133632560373103
49,0.006014437450609203
50,0.0001360668477243772
51,0.00013778963724965537
52,0.0001344461775882678
53,0.00012866690748558135
54,0.00013205655114324034
55,0.00012434509758951813
56,0.000133840346122043
57,0.00012697183966109405
58,0.005324882413732701
59,0.0001254070095825503
60,0.00011973148321487501
61,0.00013769794112121866
62,0.004489864852658078
63,0.006689785134743552
64,0.005267105792368511
65,0.00013658525741743326
66,0.0001268990666067129
67,0.00013355195343737374
68,0.00013175023902403267
69,0.0001363431598689682
70,0.00013141025345311686
71,0.004289849043824701
72,0.00013625378374207308
73,0.00013098625803976865
74,0.00013986519052767906
75,0.005231411474435196
76,0.00013910465436493502
77,0.00013355672923602037
78,0.0001467927379105174
79,0.0043076992090997955
80,0.0001274252614790411
81,0.00013807189646003904
82,0.00014167353547517964
83,0.0001276763956016036
84,0.0001291172787071908
85,0.0001312385167599894
86,0.00012779274778693402
87,0.00013675807207476432
88,0.0001335894812151939
89,0.00014162010851962193
90,0.00013211134038175948
91,0.0001347392135992514
92,0.00012179365037221097
93,0.004304611109524489
94,0.005343841945024356
95,0.00014388866218643218
96,0.0001464523259979574
97,0.00012963716935055676
98,0.00013836503182211744
99,0.00014215301533377289
100,0.00013710557323902154
