1,0.00014537384628804896
2,0.00013597289859305553
3,0.00012636470073463952
4,0.00012631103650712514
5,0.00013835604833517147
6,0.00013968128683109287
7,0.009718865019164817
8,0.00013210214016642674
9,0.00012603684866316136
10,0.00013641871052373134
11,0.00013136149013235937
12,0.004486442142180095
13,0.01104253625910747
14,0.00013188577149111135
15,0.0001303905874950698
16,0.010117956740632195
17,0.007627015044025158
18,0.005664178403811793
19,0.010917434804367607
20,0.00013182091103229986
21,0.008158208453450907
22,0.013385072485453032
23,0.022264747598961708
24,0.00013269639136150025
25,0.00013741688134085437
26,0.00012239710460638814
27,0.00012821917312542488
28,0.006543581915913449
29,0.052245496235884564
30,0.00011992101760446446
31,0.00566855152936761
32,0.00013243667834048046
33,0.00013412304367818126
34,0.04361756835937499
35,0.0001211389928170523
36,0.07491877449324323
37,0.00012201640019897459
38,0.039561212299196784
39,0.11725567571801566
40,0.018611355662983428
41,0.00013746563027734597
42,0.042385067005347596
43,0.00012731841287519884
44,0.07189704878246753
45,0.05813700692729767
46,0.029636429109062976
47,0.07494565958549222
48,0.046503404303510756
49,0.09554361163793103
50,0.021536003584672433
51,0.00869222104023197
52,0.0070937119988119975
53,0.0078100174071082384
54,0.00013058927250170625
55,0.007417008263460628
56,0.07647533893884893
57,0.09538192954545453
58,0.09434287291220557
59,0.0001395287480011534
60,0.015164411315912275
61,0.016724384232026143
62,0.038810169921875
63,0.00012890766560385387
64,0.022299586973180078
65,0.021938900031766198
66,0.004736541068945888
67,0.10137700242494226
68,0.05805634424410539
69,0.00013174059304842684
70,0.016947621260245904
71,0.0001356562645799705
72,0.03212558828596038
73,0.029223494730586375
74,0.008395211034455152
75,0.016142281977911645
76,0.16117433573943662
77,0.013043562675296655
78,0.025699709733530713
79,0.0664942623233909
80,0.03795040761758692
81,0.004732094233128834
82,0.0001361157550432926
83,0.13421616482035925
84,0.04685946766431924
85,0.1408856069230769
86,0.037774318358974365
87,0.00828619352251164
88,0.00013434508888004283
89,0.012064513920633145
90,0.00014882607231559922
91,0.06774827266881028
92,0.009648193194137723
93,0.00578211034845874
94,0.03165162561728395
95,0.00013623213582649875
96,0.008654308902635825
97,0.00808611144421628
98,0.00013274710555953738
99,0.00012682509304424124
100,0.004607430544984015
