1,0.0001339335538485786
2,0.0001308293470036005
3,0.004942716446753248
4,0.00013442272729789206
5,0.000130822545608756
6,0.00013542070844766273
7,0.0001250330941431782
8,0.00012550462631487417
9,0.00013616568036253944
10,0.00013674004410213982
11,0.00013155364547630703
12,0.00013025063110710754
13,0.00013125421381058656
14,0.00013001204832122142
15,0.00013050657212780494
16,0.00013945897335024206
17,0.004605862887052343
18,0.00013011857127635487
19,0.005697076680851064
20,0.004724570588583758
21,0.00012545983260651769
22,0.00013699906737897507
23,0.0001357594132451691
24,0.00013629827676771096
25,0.00013679564299960223
26,0.0001285709268989894
27,0.0001325480416974259
28,0.00013374734708744535
29,0.0048963501367218915
30,0.00014193815719996985
31,0.00013214055327530978
32,0.005292159433471932
33,0.00013518925524417033
34,0.00013265729234134113
35,0.004324359135691894
36,0.00013635919244010437
37,0.004301586594993004
38,0.00012981591494381692
39,0.00013113035108527405
40,0.004287852450155073
41,0.00012301790013762953
42,0.0001364234206922153
43,0.000124964976317851
44,0.004317418791177313
45,0.00012709236693703933
46,0.00012431812476126214
47,0.004955088458702065
48,0.0001217942159559663
49,0.004965702885841837
50,0.0001323143655788958
51,0.00013277977928224027
52,0.0001403883616419862
53,0.004301044759068279
54,0.004863816217938506
55,0.0001309212227994088
56,0.004297597927046262
57,0.00432173210994598
58,0.005752823256452498
59,0.004296408813197842
60,0.004666040957072485
61,0.004715957773359842
62,0.004851898918705603
63,0.005246789580365948
64,0.00466150113425247
65,0.0001369961043973272
66,0.004623048837735851
67,0.007643045799115603
68,0.004296376705299479
69,0.005384479416685256
70,0.00460117588133699
71,0.004595935045885361
72,0.00012838111077092
73,0.004892421548053528
74,0.0053229734166666655
75,0.00014084262432927916
76,0.00495521800464895
77,0.00652714169431771
78,0.00012639349718039192
79,0.00013150040060469983
80,0.00012568899413192987
81,0.004299188567505315
82,0.00013779333452015416
83,0.0056409637383177565
84,0.004287659723453289
85,0.004318276471110323
86,0.0056620416326768445
87,0.0056856051917861285
88,0.004686636534000732
89,0.004932340580367264
90,0.004300710295553386
91,0.004300162652669829
92,0.0001249194534739599
93,0.00477624568053031
94,0.004291733055358411
95,0.00535623874844122
96,0.00013473539751255407
97,0.00012615719710664373
98,0.004971436303953067
99,0.0042951521097560974
100,0.004304029020916778
