1,0.00013520462664844252
2,0.00013117333954266894
3,0.00013570226015704063
4,0.0001358686093103418
5,0.0001376003005838451
6,0.00014225729632377405
7,0.00013688051445778277
8,0.00013078051586325873
9,0.00013089387346042005
10,0.0001240244667775657
11,0.00012923472227553646
12,0.00012863815112112493
13,0.02359051337357052
14,0.00013263671250177342
15,0.02506367609618105
16,0.009716647080319942
17,0.00013151426728185865
18,0.02152546359309935
19,0.00013807304536574778
20,0.0057846468432021575
21,0.032339755540897096
22,0.005223008442745554
23,0.007390590915300546
24,0.00013522291096834023
25,0.004344909955692197
26,0.005238444696198235
27,0.007387606644683964
28,0.00013792631683750815
29,0.016272219244421907
30,0.0068792494416961125
31,0.005572976094152262
32,0.014772792349087502
33,0.022086556883116885
34,0.0592863554378531
35,0.006612981836937962
36,0.010253573689794187
37,0.0259216094461305
38,0.05692227566807314
39,0.01895508397897067
40,0.007665880019461563
41,0.018862316736152473
42,0.03733204642521167
43,0.020769403414634145
44,0.04985813967861558
45,0.04184143916490486
46,0.06968191359797296
47,0.01320855079170079
48,0.028653194152046785
49,0.05984285239436621
50,0.02962847818685669
51,0.04156490388888889
52,0.023507285831622177
53,0.00899583142777468
54,0.005712910048395314
55,0.034105485581189
56,0.046555462181818184
57,0.02620257226331361
58,0.10723679441747573
59,0.013835757144894467
60,0.00012972735977571668
61,0.02876922281035795
62,0.043647152161862525
63,0.006610540318938754
64,0.005625042064372918
65,0.09026242902240325
66,0.0001235266598427776
67,0.022687065257352947
68,0.0044383627296707305
69,0.012199472061414548
70,0.0053105736513793704
71,0.006896216302274396
72,0.015135762394645513
73,0.04030716957831325
74,0.030711267480314955
75,0.031654078083333335
76,0.008924139979569094
77,0.07265831848013815
78,0.015144566015014077
79,0.04074228947100712
80,0.03327549144385027
81,0.17356562725563907
82,0.005446138514442916
83,0.014895716755062682
84,0.0054732516291877
85,0.13150624956647397
86,0.016888567532119914
87,0.005720575082488086
88,0.020344031837098688
89,0.15235299834437085
90,0.007372224142577167
91,0.004933187104546406
92,0.03219021312026914
93,0.006774172864819006
94,0.01366352456673449
95,0.02848939478918059
96,0.007185496697943532
97,0.013847691252513646
98,0.00877038717239371
99,0.04618810159817351
100,0.009118826121673003
