1,0.0001417127535897196
2,0.00012295312501601065
3,0.004931095223593525
4,0.00013239892465064215
5,0.00012673239515648051
6,0.0001360699433631993
7,0.00014332426954217714
8,0.00012817314937158743
9,0.00012921194150575187
10,0.0052868971493134015
11,0.0043054205627705636
12,0.00014303593224782957
13,0.00014221899195435928
14,0.0001280771481075943
15,0.00012207209940316312
16,0.007016392261213107
17,0.00014001058146272065
18,0.00432584081769437
19,0.00429755041410824
20,0.0001289774605449581
21,0.00012729643129555897
22,0.00012589928142330814
23,0.0001346078634328922
24,0.00012546312024502485
25,0.004946316637408235
26,0.0001261225903011555
27,0.005660655062145529
28,0.004301047229609929
29,0.00013291846202519126
30,0.0001349319675392729
31,0.007405800733746378
32,0.00013667604440412398
33,0.0067830462468806635
34,0.000134864261396492
35,0.00013349710076981762
36,0.005749707386504589
37,0.0001435792130435401
38,0.0001275713150199636
39,0.005936747505197505
40,0.00013313206454173822
41,0.00012676451487866075
42,0.00013818752338404878
43,0.00013042854388733654
44,0.00013241026273876668
45,0.0001305078547970881
46,0.00012547444177269334
47,0.005307677885783719
48,0.0001322549310332488
49,0.0066474536376604845
50,0.00014308325931962912
51,0.005714472779342722
52,0.000131052164825321
53,0.00012392751370954143
54,0.0001292355278221496
55,0.00013111805264390153
56,0.00012830711076121043
57,0.0001284798917345318
58,0.0001274762170308176
59,0.008160532576380188
60,0.00013856195221181048
61,0.005924080500214546
62,0.005752310037593985
63,0.00014260581326240593
64,0.00012640451307361128
65,0.00013099755954345955
66,0.00014153864542138273
67,0.00012843000129852058
68,0.008725535305017759
69,0.0001372901889290218
70,0.00012898452936992787
71,0.00012806079805552497
72,0.004288312375798438
73,0.0001384331122381527
74,0.00012496738157846308
75,0.005206658056212606
76,0.00012640674641524257
77,0.00013599595401570164
78,0.005609361195254323
79,0.00013242112278402874
80,0.0001318204309668735
81,0.007322070661730681
82,0.00012160663410810118
83,0.0001303057581127957
84,0.0001293676913271823
85,0.00013321989127630253
86,0.004496337531245406
87,0.00012372675414806035
88,0.00013863154226721576
89,0.004299596284774687
90,0.00014113490739747994
91,0.00013548908308607383
92,0.0001421848418664321
93,0.00013697547432236728
94,0.00013632657778775718
95,0.00012625874814706974
96,0.004315636272670419
97,0.008145686354005515
98,0.00013208451506855278
99,0.00012559333983700602
100,0.000123980283941196
