1,0.00012639218615370242
2,0.00013378798963721987
3,0.00014158594772978173
4,0.00012435424742242488
5,0.00012873297805539164
6,0.00012465925130561762
7,0.0001261251158414567
8,0.00013697576610954774
9,0.00013425823431259233
10,0.00013496006344314413
11,0.0001412916521221042
12,0.0001289216979559303
13,0.00012291506538602122
14,0.00013591956306038892
15,0.00012783502138349496
16,0.005913827037624275
17,0.0001423410836104616
18,0.00012639037171362731
19,0.008637999483618233
20,0.009031299867774841
21,0.017647239525368247
22,0.0043406556279406445
23,0.0053295111842105265
24,0.00450780761629533
25,0.005316875419089977
26,0.0001336774947700314
27,0.00012226118078769121
28,0.00012330596389114405
29,0.0057915927131127745
30,0.00013261498155989025
31,0.005762203960764838
32,0.011336895279020485
33,0.005374615776616294
34,0.0001310041625224071
35,0.0076041657078938975
36,0.009076286162326554
37,0.0168663876745435
38,0.008689900931899641
39,0.009025068183531184
40,0.005726268268534171
41,0.004300394341044049
42,0.0045195024002369555
43,0.006173891417085428
44,0.005217508270932608
45,0.006032340049850448
46,0.007944644946025516
47,0.005202523725188228
48,0.006411236554447215
49,0.004332315838398285
50,0.005255375984116021
51,0.0001272781431334623
52,0.0069811453702171705
53,0.008277804330364938
54,0.011113599873679375
55,0.005490906635152067
56,0.008175118141480925
57,0.005947233582089552
58,0.0054888074126871
59,0.007125516737692873
60,0.011651670900944537
61,0.004299085740993412
62,0.004942555921120379
63,0.005627023336916278
64,0.00763939917653578
65,0.004325971722812975
66,0.01940317217142857
67,0.026526521547965115
68,0.004308487116711383
69,0.005750779046469524
70,0.008202517300614274
71,0.03173292813028764
72,0.005912350971540727
73,0.004333166076709383
74,0.005005055940274414
75,0.005462261361219425
76,0.008825971500182283
77,0.0056832336410256425
78,0.007760885706205557
79,0.005522836480294957
80,0.005767511164122137
81,0.007125061098884977
82,0.008142566094384301
83,0.007022963079110096
84,0.005744836970157639
85,0.004299436988524401
86,0.010559359155746507
87,0.004297973574396605
88,0.019778709612860892
89,0.0076468762912572435
90,0.010473416899741824
91,0.004293815093162165
92,0.00433369574755012
93,0.010328662019603724
94,0.0073033800655587745
95,0.004296392975052248
96,0.004436440188759732
97,0.006971161546346463
98,0.005719269200636553
99,0.005769995298100432
100,0.00547554281900694
