1,0.00012781486337812054
2,0.0001349467764084944
3,0.004953838391845979
4,0.00013708640014691546
5,0.004949242003601243
6,0.0001362562662047284
7,0.0052213720020498795
8,0.005317937631897595
9,0.00012636902209141855
10,0.00012355775646806294
11,0.004969861919137466
12,0.00013254094600362678
13,0.004893761515056133
14,0.00012691912988401405
15,0.004884578142559546
16,0.004304275303393213
17,0.005280728868050905
18,0.004298767966819626
19,0.005326408474280731
20,0.00013674472829155375
21,0.004988822894993498
22,0.004306479316752431
23,0.00013424620427408766
24,0.004803889975035108
25,0.0001313704585389435
26,0.00013296579468534373
27,0.00012756264528922547
28,0.004305250509888134
29,0.004303365906070005
30,0.00013886325737845305
31,0.00013286720002266204
32,0.004296179051997464
33,0.004306367172928324
34,0.0048941041482300895
35,0.004968476431359792
36,0.004306629257673091
37,0.00013797922220582044
38,0.004742817641723357
39,0.004316309380948065
40,0.004303857641765462
41,0.004507798028542677
42,0.004307485185979971
43,0.004713270932922128
44,0.0046634454248366
45,0.00528833742467311
46,0.004944100794753085
47,0.00013180459700600118
48,0.004295725428326132
49,0.00429286803129485
50,0.00013054142430730478
51,0.004658298158249562
52,0.004305420854209298
53,0.00474549088016144
54,0.00012704619459516828
55,0.005675204991571455
56,0.004475164107090321
57,0.00431225584333663
58,0.00013865559642572704
59,0.00527948211965046
60,0.004910492515840864
61,0.004302963136872004
62,0.0042998923029008715
63,0.005288176366699272
64,0.004302227409337355
65,0.004291814278407227
66,0.004939026587357454
67,0.00012395417353884715
68,0.005328988790745384
69,0.0048804165121107265
70,0.00468502794650952
71,0.004302694369015292
72,0.0047131054373359136
73,0.004597978994038749
74,0.004434947706317586
75,0.004696367351809083
76,0.004959602092999279
77,0.004301114254603319
78,0.0044491980051598636
79,0.005110242499173007
80,0.00013435543768115945
81,0.000132721195382034
82,0.004915665047666834
83,0.00013372563993743275
84,0.004298733651006754
85,0.004760948938809261
86,0.005238512401439836
87,0.0047963559221817125
88,0.00013737030922536054
89,0.004305550273418904
90,0.004957536692946942
91,0.004758219124884651
92,0.0001280619239281973
93,0.0001295314722674927
94,0.00013042738427865
95,0.00012697863319866579
96,0.00013373269249176525
97,0.004965947234403029
98,0.00013392350862597504
99,0.004300889420825631
100,0.005474407715501952
