1,0.00013110230316673604
2,0.00013093219571746505
3,0.00013331839109763662
4,0.00012717204471793687
5,0.004321226888888889
6,0.00012322362449791014
7,0.00012673189640959056
8,0.0001277485511754375
9,0.00012493328798922045
10,0.00013886449273169644
11,0.005348679138142883
12,0.006570251426718548
13,0.0001408572577973733
14,0.00013368955770725845
15,0.0001423326066978565
16,0.00013297787296910995
17,0.00013025726126436753
18,0.011157348060294458
19,0.009381487727978269
20,0.00012487018324134727
21,0.0001310464368275622
22,0.0001375290813021698
23,0.0001353263348255604
24,0.004892861782346549
25,0.0001278831618223328
26,0.011304696138983675
27,0.0001392301026319641
28,0.0056294955859421845
29,0.011169657908104364
30,0.024108229467296023
31,0.007535118349850558
32,0.006668522843935421
33,0.009946661259228877
34,0.005124065591931217
35,0.004324728864691182
36,0.023326791893830703
37,0.018425608058198095
38,0.05131835567375887
39,0.12810162198879552
40,0.022045298828887443
41,0.09449238479657386
42,0.0045151728867505545
43,0.008571830389845873
44,0.0057445513816821525
45,0.03662945092678406
46,0.0236213717752235
47,0.005644979439678773
48,0.01786700144425188
49,0.0044858923096548365
50,0.013037215507011866
51,0.005226603651637236
52,0.02074937909657321
53,0.027757817324888225
54,0.020338323581452104
55,0.08122497960526315
56,0.01141586786147364
57,0.035072229215896894
58,0.017634448976769912
59,0.005664298977395048
60,0.0554098965879265
61,0.007300543569697467
62,0.01585009845334686
63,0.007042418325950106
64,0.049111376802096984
65,0.007435349025413274
66,0.005713302242416319
67,0.0858271264765784
68,0.037420241359223304
69,0.0052291771790116725
70,0.012995203693258123
71,0.09787422459770115
72,0.08272470039292733
73,0.046493333333333324
74,0.06704184193011647
75,0.010112091519546028
76,0.015813661773700305
77,0.009634055119384866
78,0.021789652637511276
79,0.005735506600869251
80,0.02966343700631912
81,0.044441134945054944
82,0.035968393827751195
83,0.03568669714540588
84,0.02666729000407158
85,0.004537857091036743
86,0.015752105815709967
87,0.006082523638222676
88,0.03599120849952517
89,0.10913770504926106
90,0.007680297836191698
91,0.011934363196842624
92,0.010812268
93,0.012747288799661876
94,0.05331414804177545
95,0.005233222931382443
96,0.0753056586115993
97,0.033420108539823
98,0.14258059546925564
99,0.03211950355308219
100,0.020414832134292564
