1,0.00013370751936151018
2,0.0001285044614888336
3,0.00013180385311369026
4,0.0001292704144550531
5,0.00012508644283958602
6,0.00013795036419244635
7,0.0001338083268663054
8,0.00013413019639827838
9,0.00013491089360239875
10,0.0001331806931675102
11,0.00013264989626238179
12,0.00013601801508045981
13,0.00013321559454307423
14,0.00012974297507810796
15,0.0001334124906077456
16,0.00013665082141962068
17,0.00013388568973705435
18,0.00013239442814486083
19,0.00012859767575744503
20,0.00013634577880787852
21,0.00013605997215062094
22,0.004303297033305346
23,0.00012464433425039034
24,0.0001285253229528635
25,0.004926550743553235
26,0.00013496631004300053
27,0.0001373033141688554
28,0.00012593796672135594
29,0.00013307901359144487
30,0.00013044492219757795
31,0.0001263102055015265
32,0.00012881204114766317
33,0.004736192631907587
34,0.00013882674071142618
35,0.00012579699574371818
36,0.00012846899611379623
37,0.0043073833274336285
38,0.00013689812440779677
39,0.0001366391446053695
40,0.00013256862411490026
41,0.00013629350368714582
42,0.004774955316830142
43,0.005235167626779359
44,0.00012689952002756979
45,0.00012712909483846013
46,0.00013074614907300996
47,0.0001225805082759438
48,0.00012460702136916053
49,0.00013491421115805244
50,0.00012592345869386976
51,0.0001342817352196315
52,0.00012582345268377963
53,0.000143729070878494
54,0.00013620200126227897
55,0.00013432632286958278
56,0.004383026407227242
57,0.0056937119594515405
58,0.00013143450969761863
59,0.0001357507362312009
60,0.0001320431140801644
61,0.00429313882342518
62,0.00012743526404101652
63,0.0001237392787736211
64,0.0001368179537940324
65,0.004943617649918962
66,0.00012412948503629873
67,0.0001285555735177009
68,0.00012758755969777182
69,0.005754732842949943
70,0.00013415132749633433
71,0.00012581460372621084
72,0.0001339924639290691
73,0.0001273380043659089
74,0.00013851445835929327
75,0.00012734742678523932
76,0.00013526561209005746
77,0.00013170733740772899
78,0.00011936304019856112
79,0.0001380365840879321
80,0.00013381088409752953
81,0.005700986794379054
82,0.004292773066963698
83,0.0001392263220581229
84,0.0001269406580331368
85,0.00013763976596009903
86,0.0001412126365895366
87,0.00013273219624950275
88,0.00013161854496218032
89,0.005702958444611623
90,0.00012512169756871946
91,0.00013183233042995545
92,0.00013372246001835814
93,0.00012959487527138236
94,0.0054209486264216985
95,0.00013856481802924407
96,0.00013172587881650916
97,0.00013140195002163123
98,0.0001293801100872171
99,0.00013983685321819874
100,0.00012822194279961632
