1,0.00012488182185776793
2,0.0049322436008165825
3,0.00014641210080314606
4,0.00012857844546363003
5,0.0001289257921828278
6,0.004308944107117286
7,0.00013108030635582528
8,0.00013311888259435873
9,0.009117308946966806
10,0.00013330572759346455
11,0.00013278074903523755
12,0.00727339634057971
13,0.00013872815803375074
14,0.0001402450621879204
15,0.00013802209948782468
16,0.0001247044190398218
17,0.012116834334088094
18,0.00012563844150253762
19,0.06957639599018003
20,0.010118212282904373
21,0.008702178598211709
22,0.00013470548455713914
23,0.07708144310344828
24,0.008873336749252241
25,0.00013963423491822466
26,0.0056996150911228696
27,0.0001314241054008363
28,0.00013198827639189435
29,0.06284479813153962
30,0.018573001730987512
31,0.013693120427236314
32,0.004972825104427736
33,0.03572544752212389
34,0.01066666149797049
35,0.00013601696750079653
36,0.00013178795679457688
37,0.00012785864434051205
38,0.025266858014705885
39,0.004312399764799859
40,0.005736012277546383
41,0.007650889175911252
42,0.009200223653037829
43,0.03143034753289474
44,0.020954730882352942
45,0.004317458745638364
46,0.04476557191323694
47,0.007388141203491041
48,0.07695555762081785
49,0.010636437099466453
50,0.1203418420212766
51,0.03614501785392245
52,0.005273973296836983
53,0.053238217300380225
54,0.010051171330821918
55,0.010683969788219722
56,0.03465360305451127
57,0.02961768554313099
58,0.021534294354335626
59,0.02488574157468727
60,0.004657154733557369
61,0.03813751144230769
62,0.029671477871485948
63,0.033053095110410095
64,0.06719826519784172
65,0.01158005164386849
66,0.03742400934442269
67,0.05657484062918341
68,0.028275247374701672
69,0.039008442663316586
70,0.012145254324982526
71,0.006586837450034458
72,0.005236985182709448
73,0.05172029166666666
74,0.02947031309062742
75,0.06460324962178518
76,0.009145667933852878
77,0.00896492233000739
78,0.022740759075797874
79,0.005296589411157026
80,0.056467143939393935
81,0.0076710466339299874
82,0.013140583505856715
83,0.009479971006564551
84,0.012146732475520965
85,0.06499279378330372
86,0.004310802203033322
87,0.06976550242085659
88,0.033042813014403295
89,0.007470959936884238
90,0.027559231432858218
91,0.03464046579181494
92,0.013563169624860021
93,0.015546413313313313
94,0.01856532290909091
95,0.02455729454545455
96,0.05521649657179819
97,0.013200846123815115
98,0.008053897699129852
99,0.010508358563535911
100,0.021953783524537925
