1,0.00013380117476714462
2,0.00012947365791029827
3,0.004298904454472345
4,0.0001297492816458929
5,0.00013010697740271465
6,0.0001275846730991969
7,0.00012938578630439286
8,0.00013697935219728532
9,0.00013354202412381696
10,0.0048755233197556
11,0.004881139306867297
12,0.0001370296506922524
13,0.00013053244700624166
14,0.004324075789755488
15,0.00014023560830860534
16,0.01152745958854668
17,0.004306923049715858
18,0.0001312124143861042
19,0.005360846759570182
20,0.00012592547889644028
21,0.00012611374859942034
22,0.009054086239575434
23,0.00571653029162747
24,0.004302395731599434
25,0.0043051960042887775
26,0.0066095659928188735
27,0.005711230529886537
28,0.00548645113494637
29,0.00012513061878365912
30,0.023156615259308514
31,0.00441333383430745
32,0.030415205349620895
33,0.00012779166048780015
34,0.0001317025815556641
35,0.004308927115044248
36,0.0001273082970620239
37,0.006482116154970759
38,0.012522667602899303
39,0.000138446034268323
40,0.005344740901152637
41,0.009441198635211543
42,0.02393663017955801
43,0.005742345737804879
44,0.005492622420670897
45,0.00012686512836527128
46,0.0001348285878787189
47,0.013819385493119266
48,0.00013836328673718062
49,0.0001345117092698386
50,0.008540498996891778
51,0.0056452091910032965
52,0.008367949100968188
53,0.044121509180327874
54,0.004305827935393259
55,0.010531747030905076
56,0.011337100175602903
57,0.01144554839108911
58,0.00013115957959953554
59,0.005668558715220949
60,0.026302828984899336
61,0.00429787436279696
62,0.00488769739008855
63,0.028936137193460488
64,0.00818657396364254
65,0.0043241432492997205
66,0.010412132134812997
67,0.0072435510073673125
68,0.008375494962426941
69,0.051087140920245404
70,0.024477928109273902
71,0.02657879407652686
72,0.006977504572506896
73,0.00015077934763673467
74,0.005349046866295266
75,0.008149062808015162
76,0.004449223691562675
77,0.005289003912229971
78,0.009692289762387701
79,0.00014231663633068335
80,0.03168230024691358
81,0.005582505598802395
82,0.0189284551183432
83,0.007785459882029736
84,0.005266898070253943
85,0.007908389090431128
86,0.02259750449324324
87,0.005709932679620966
88,0.0066278311699402214
89,0.008429487622634896
90,0.004745617257390497
91,0.020967073868852458
92,0.006210508030532077
93,0.0082839811351537
94,0.005605479639081297
95,0.008231997038118131
96,0.004296036479154769
97,0.007137274954914338
98,0.004306272147113759
99,0.008507044223668016
100,0.030019544143700783
