1,0.00013730552176908567
2,0.0001529169468271471
3,0.0001321853516548301
4,0.0001286979744096441
5,0.0001360258773476642
6,0.00012804074227544358
7,0.00013123555777247304
8,0.00013675718155650848
9,0.0001333063210519919
10,0.0001319225239637475
11,0.00012615628787171346
12,0.004907106121366433
13,0.00012931406516413394
14,0.00012795817455811068
15,0.004846015590967328
16,0.0001231598208430787
17,0.0001351393753100934
18,0.004687863219595883
19,0.00013654875733749408
20,0.00013133571459644758
21,0.00013996722783820082
22,0.004296568286750398
23,0.004297925389656394
24,0.005282828907330568
25,0.0001311783014216417
26,0.004295718453666855
27,0.005296423234857991
28,0.00013926954536518994
29,0.005305739989023051
30,0.00013020315307902343
31,0.004940018905074436
32,0.0042920866855524105
33,0.005317598897881867
34,0.005230254883443934
35,0.00013111045893837245
36,0.005006640118556156
37,0.00012801744772300441
38,0.004783550761979575
39,0.004311682506423319
40,0.00012935683663583655
41,0.0001325821136613665
42,0.00013667231845745846
43,0.004337579730094467
44,0.005219913787489289
45,0.00012639936407370762
46,0.0052030421150684935
47,0.005278380643214347
48,0.00013340332416718134
49,0.00012567806035646367
50,0.005302382643837998
51,0.005408742066933511
52,0.0058343532908163255
53,0.004689727540249494
54,0.004301498907540635
55,0.00014008286629692951
56,0.00430121153956217
57,0.004323201288223233
58,0.004296027984612841
59,0.004866421229050279
60,0.005238526097370766
61,0.00012257563746710377
62,0.005149993044532628
63,0.005487004588607596
64,0.004900951679193986
65,0.004708826949722882
66,0.004304998685684826
67,0.005359391447023913
68,0.0054356375176180406
69,0.0056331526712678935
70,0.005290175894845008
71,0.004885651377932051
72,0.004900077062775563
73,0.004305119747340426
74,0.004480485813097866
75,0.004386742860542599
76,0.004560283877020785
77,0.004802675404984422
78,0.004311287613722603
79,0.005764886863531413
80,0.005688155205751116
81,0.004299708523632501
82,0.004325683562807331
83,0.00487210493316359
84,0.004304903238261296
85,0.0056756033110571084
86,0.006765529358515869
87,0.004690718075512833
88,0.004298160056632156
89,0.004749769255727718
90,0.004318893805073431
91,0.00430475411900328
92,0.0043111588936492265
93,0.0049514772303176436
94,0.004303667171046811
95,0.0042881480358251305
96,0.005698655194805195
97,0.004307344303909428
98,0.005527257136978249
99,0.004312915176403371
100,0.00428879526805494
