1,0.00013966527048693932
2,0.0001352186696377107
3,0.004299784399279503
4,0.00013900627719587796
5,0.00013102531161737334
6,0.005669451329690347
7,0.0001226238796495153
8,0.00012811475025242028
9,0.00562469290197972
10,0.00013062270211836402
11,0.00013499898863496743
12,0.00014138145188655166
13,0.00013165117561527652
14,0.00012743983872751585
15,0.0001284310116041338
16,0.005206327020331454
17,0.00012185563781019801
18,0.00013766116610640017
19,0.00013506572939244292
20,0.00013400491667523877
21,0.00012492187779545097
22,0.00012116786940352625
23,0.0001285628188213822
24,0.00012537589833215888
25,0.02158754101297097
26,0.00012932884556402177
27,0.008614842821113314
28,0.005678284123364222
29,0.01237774865522541
30,0.007588773244781785
31,0.0001293083703582765
32,0.00014019840181923187
33,0.005238218166267534
34,0.00013053085596682518
35,0.005118030979921431
36,0.00012902299416875246
37,0.005768898781980658
38,0.005994278207449835
39,0.005994109710436548
40,0.005776681005372218
41,0.00012763289357729912
42,0.04124593217884131
43,0.00013660842686476581
44,0.00013313984124569843
45,0.007122153920096125
46,0.0074297612736793466
47,0.018306812196566016
48,0.00013645687417093046
49,0.05839888465277777
50,0.00937692576990122
51,0.0001387911267385548
52,0.014725042048229546
53,0.000132333071016265
54,0.008104611937627812
55,0.005722959637551991
56,0.04392193515016685
57,0.00013157867307786212
58,0.007916910252698079
59,0.01275705325079439
60,0.00012894586777078922
61,0.0001255060382242311
62,0.025505532046476764
63,0.00013500665195433992
64,0.027529361639999996
65,0.020258929034157835
66,0.06644809509632224
67,0.0001250148646393007
68,0.007181226922259071
69,0.029517992644757435
70,0.00013089471089978289
71,0.0001324701557707212
72,0.005167725783234546
73,0.021948176182544975
74,0.00430696043594306
75,0.015695097991653622
76,0.005227737320082248
77,0.03304633586030665
78,0.0001263979058977452
79,0.00013035479482106777
80,0.010097395985708281
81,0.007152380806299953
82,0.010362921491509317
83,0.00014181499354167515
84,0.0056332704083501195
85,0.006602993553028227
86,0.00013095295083728994
87,0.015440137351333975
88,0.0057189297061354975
89,0.027789370500287517
90,0.00013599638711758196
91,0.00561996197002924
92,0.0001308753727931229
93,0.0049460428988480345
94,0.00012695357951389254
95,0.00013048132490074362
96,0.0001289057206173663
97,0.011432629506641366
98,0.004399305607734805
99,0.0001369895544150168
100,0.006706943729323612
