1,0.00013679509200473778
2,0.00014062284402707883
3,0.00013177359768604135
4,0.00013170577866464852
5,0.0001277110227288092
6,0.00013134693530300544
7,0.00013770850538251148
8,0.00013023503198776495
9,0.0001260325745356291
10,0.000128184386804198
11,0.0001317802299905786
12,0.006189624118928617
13,0.00013180926247373433
14,0.00013061094776273304
15,0.00013878318931646318
16,0.00013038900748618205
17,0.00012094161329800507
18,0.00599481260712955
19,0.00012312260918765654
20,0.0001410956619647504
21,0.00013551750215410252
22,0.009246566070061253
23,0.008066779841059605
24,0.00013186104970043573
25,0.00012835823778256674
26,0.007831923696529458
27,0.00848952826974268
28,0.006204453046245777
29,0.005963224419033567
30,0.0001229637875197171
31,0.00013532991324243906
32,0.007359769180177424
33,0.00012232335772329302
34,0.00011901558637015958
35,0.03614115013250884
36,0.03390608607929515
37,0.01029208116883117
38,0.00012386408882645518
39,0.0001370305609647375
40,0.0001271247017104406
41,0.00013123201798624702
42,0.005239142200239158
43,0.006140739214314273
44,0.0001283836527494693
45,0.00013073830614756586
46,0.014719981150234745
47,0.00013073456172241072
48,0.0197356170433145
49,0.00014083865960730788
50,0.0001369583828029419
51,0.0001317632029580683
52,0.0001413700469812477
53,0.00012701299506161348
54,0.00012143785318340588
55,0.0001308078676988604
56,0.00012941863916480145
57,0.00013736712851593382
58,0.024449099663526246
59,0.005778568551907383
60,0.007681068677842796
61,0.012045995626093478
62,0.0001303957721060062
63,0.005765628586357592
64,0.0001354740313329362
65,0.00011959113227334823
66,0.0057370071857020455
67,0.0001246680738529597
68,0.00012616664131180912
69,0.00017293472791463538
70,0.008521962733089581
71,0.0001301182627513222
72,0.005318157200969361
73,0.00012357114038341027
74,0.011404306667453387
75,0.009978356120959334
76,0.006094578808108327
77,0.012155424892097902
78,0.004312958319014892
79,0.0001253366544863512
80,0.00013162608330943487
81,0.00012810033894933992
82,0.020120765173836177
83,0.009503233632697899
84,0.0001362947573998378
85,0.00013016050049046696
86,0.0001261710787720659
87,0.005674590709987966
88,0.0073542457846003904
89,0.00014051555261858242
90,0.0052388238331338675
91,0.01017300455971554
92,0.004308790446937321
93,0.00013145243717621927
94,0.00013289078593011034
95,0.000133619320123913
96,0.004302875338319089
97,0.005889161837949465
98,0.0001375462688323917
99,0.015374703674280042
100,0.00012577794396908566
