1,0.00012344052442504855
2,0.00013228946904218308
3,0.00012776561540229947
4,0.00012964688351622334
5,0.00012363435838857724
6,0.00013270040975792927
7,0.00014013432555025788
8,0.000129342234201937
9,0.00013140452786414235
10,0.0001244866090824028
11,0.016178191761223485
12,0.00013594456658425796
13,0.0001323655189146855
14,0.00014195471391853043
15,0.00013652324117903296
16,0.00566851087644213
17,0.03272183717188823
18,0.009259264934618977
19,0.004304122433300741
20,0.03906502111553785
21,0.000133877294781429
22,0.039326412884615386
23,0.005711424715909091
24,0.00013099977572417933
25,0.00012637873169357735
26,0.037890504734299515
27,0.030706811097461095
28,0.00012870414217272476
29,0.015889054624823033
30,0.04559035078387457
31,0.000125868100352599
32,0.0634378342301943
33,0.023812440684544814
34,0.022606895236572888
35,0.0066481419751742155
36,0.004350014906474821
37,0.019294324111980732
38,0.005275129078197824
39,0.00013585087071790204
40,0.005604154296250768
41,0.017211352124269785
42,0.010042413049792531
43,0.022718321140065147
44,0.0737043146551724
45,0.006013143986595507
46,0.00839399948242013
47,0.00012727681924560924
48,0.03478120260600707
49,0.009444819101570264
50,0.05200483068459657
51,0.007957558487024648
52,0.00014010263873784142
53,0.018476978418308077
54,0.008798649476776206
55,0.035017023394495424
56,0.005764608172785654
57,0.12116800120967743
58,0.08314853527131782
59,0.07701659973544973
60,0.04133562534174553
61,0.0068173439603536785
62,0.00804081353554249
63,0.05036741179706601
64,0.03882268134541985
65,0.054971813606340805
66,0.009810499445485605
67,0.044964184088335225
68,0.06624911757164403
69,0.01894143665338645
70,0.011525670574105213
71,0.02162741679245283
72,0.13990902377300615
73,0.020190375166163142
74,0.006704269384083045
75,0.024788353992932863
76,0.00013425074233438847
77,0.01984150879602572
78,0.03189274930008749
79,0.032763862414089344
80,0.006362664479210824
81,0.00013481219744998095
82,0.022494130981794543
83,0.018069523340707966
84,0.011487049218374219
85,0.15035331398026316
86,0.04448560194013304
87,0.11122472081280786
88,0.02532403506944444
89,0.006002734013806706
90,0.011926418325903911
91,0.09738687777777777
92,0.015802179892015707
93,0.006596978043999129
94,0.06729846417445484
95,0.015306733849669884
96,0.02788758450647249
97,0.021889289235474004
98,0.00896946452434881
99,0.012321112885010269
100,0.03326292210338682
