1,0.0001392613166850687
2,0.0001364746005748102
3,0.00012865320589449024
4,0.00013371462442764745
5,0.00014059062421114635
6,0.00012435443681162712
7,0.00013639367736523333
8,0.00013007626342642325
9,0.00013032364529183744
10,0.00012417787137376234
11,0.008155579324576842
12,0.0001263232779365318
13,0.006411309515374805
14,0.00013159275211241736
15,0.00013508826782945418
16,0.00012689721042576576
17,0.0001260644408051166
18,0.0001258011160197227
19,0.00013131822073888461
20,0.00012462846179963583
21,0.006933335475263234
22,0.00013336988182991794
23,0.00013171009222510765
24,0.00012911102724816572
25,0.00012702278497685364
26,0.007056150249449743
27,0.00013776074105178597
28,0.004827709126858589
29,0.006543200266247952
30,0.00014014964148719412
31,0.00012868023712158002
32,0.00013381196602825355
33,0.00014019847155895463
34,0.006317060833158886
35,0.00014100549319911917
36,0.000125843052068268
37,0.009653700641065233
38,0.004286901023125178
39,0.006636928376660073
40,0.0001313523790873614
41,0.0051646913709677425
42,0.00012814442194456765
43,0.0001448116540013893
44,0.00013101459232915034
45,0.00013299042481894317
46,0.0001252404252875177
47,0.0001322229266673406
48,0.029776495137157105
49,0.0065744126593216675
50,0.00013169751109199133
51,0.00013200560669718783
52,0.006296406168495136
53,0.005755779450113378
54,0.010255220218405426
55,0.00012767847958121856
56,0.0001253114001791656
57,0.0001240009902837761
58,0.00013011379995510255
59,0.00013054260979524345
60,0.00012608339465924667
61,0.00012440858992823368
62,0.009779327185169842
63,0.00012716258396300713
64,0.00012565831290534078
65,0.00013635154635390336
66,0.00013429728283727128
67,0.00013020078965564203
68,0.00012960678238271633
69,0.00013761092502615496
70,0.007704855997971088
71,0.004962209485898637
72,0.0065517786723893615
73,0.038703690136718746
74,0.056254217523680664
75,0.01814207878090857
76,0.004289955828382276
77,0.00016246493565699543
78,0.00013221020485716022
79,0.011324617718687178
80,0.00013837785071053486
81,0.00014224890524648816
82,0.03329794752028854
83,0.005633328620777892
84,0.013589672234794906
85,0.009807004564863768
86,0.0001265536778701611
87,0.0043292805132568975
88,0.005787398112847884
89,0.022083120226130654
90,0.00012544651519471762
91,0.00826563346160424
92,0.00012524328052994198
93,0.0001302967714410646
94,0.00013267049822419813
95,0.00013499843384200952
96,0.00012505700587820857
97,0.019041581087333722
98,0.00014036319517847268
99,0.007042414606967405
100,0.03866726387512388
