1,0.00013914913841166348
2,0.00013188321051967373
3,0.0001435601850358284
4,0.00012800117356317732
5,0.00013403883075296553
6,0.00013087623187841104
7,0.0001248797986585838
8,0.00013135547789085684
9,0.00012858354683319227
10,0.00012633287534391426
11,0.008352252570070887
12,0.0001267473055534613
13,0.00013281612340797393
14,0.00013423982583273293
15,0.015493327291139244
16,0.00013075934899590985
17,0.060611270324005886
18,0.03431647271505376
19,0.009262188911446248
20,0.029738310221465072
21,0.007886276671035386
22,0.00541242969898897
23,0.017093104447852767
24,0.00458494656195715
25,0.00895488993158834
26,0.026088109908186687
27,0.004314275344169109
28,0.00014264578187437197
29,0.03302554435053381
30,0.010437934116885919
31,0.06383060045592705
32,0.020813922189349115
33,0.007134373174509515
34,0.03145125346700084
35,0.0064234733033470045
36,0.00013106732247070155
37,0.004290471674920411
38,0.00012907141965331757
39,0.011926542386587772
40,0.00013572756783908346
41,0.017342353879310345
42,0.00014024330832950675
43,0.00013451569771601293
44,0.0001332082971393722
45,0.0073783018761875
46,0.00738891987539702
47,0.004540989915029948
48,0.02580786094100075
49,0.0057079868217508505
50,0.00012280716570583133
51,0.032713260490111785
52,0.00012645722662109452
53,0.011264471106462112
54,0.00013077165613901572
55,0.00013519005025639598
56,0.008136231023741369
57,0.00013261115618310753
58,0.005340915026849125
59,0.019542718903186273
60,0.004301357889380531
61,0.004495081006661732
62,0.005305316265373289
63,0.013179910379159849
64,0.00734552420890937
65,0.0001285166888547534
66,0.00012872020112143637
67,0.01260877285304098
68,0.00012904731694322918
69,0.02432221471932115
70,0.00011964135304231405
71,0.00013974350217962
72,0.008530411532550538
73,0.01974607698863637
74,0.004950783535417996
75,0.034816101426024954
76,0.0001251732529264322
77,0.027259804977544905
78,0.00012936653285868692
79,0.007817776600784058
80,0.018858387964108908
81,0.00012268006544736187
82,0.00547604030621328
83,0.00013017069040795065
84,0.008379525888395337
85,0.00013235925199878688
86,0.005116440166966079
87,0.03519666881419234
88,0.008760314065547467
89,0.004309525814303416
90,0.007443578854666695
91,0.024484785098438554
92,0.005739430165600302
93,0.020050265284810128
94,0.00862485790935149
95,0.0076879529411764715
96,0.052018125339925836
97,0.00527206925391095
98,0.00013185417959294993
99,0.00012683746498837523
100,0.005673536066869301
