1,0.0001371759036518598
2,0.00012639959881265283
3,0.00012910238595220856
4,0.00013747922619426536
5,0.0001316390728601315
6,0.00013438539358023733
7,0.0001424369394531174
8,0.00012853997425462776
9,0.00013893394161352702
10,0.004438661713893967
11,0.00013450368817285587
12,0.00013337590171319289
13,0.005331569397527425
14,0.005920806463878327
15,0.00012893352532892215
16,0.0001340173713706151
17,0.00012465170789739837
18,0.0060052258360765035
19,0.00013408801114182732
20,0.004593007745368546
21,0.004293005277359993
22,0.007322817290579933
23,0.004304725234929078
24,0.00012185413190464011
25,0.00012638442617520526
26,0.00013165535741423406
27,0.0001343251367627132
28,0.005921318207639569
29,0.004827317759134389
30,0.0001302075008529191
31,0.00012522201096748276
32,0.005836345454545455
33,0.0001253336206118349
34,0.00012531696557862884
35,0.005306582059988682
36,0.009224732366965478
37,0.004296392821952902
38,0.0043103608511014775
39,0.005743204473535506
40,0.004338150085186514
41,0.006139259362307068
42,0.0042945858292574475
43,0.0052895854469739035
44,0.00012288683491679046
45,0.005483376718173431
46,0.004724037001867995
47,0.004309701768144874
48,0.005669641999254009
49,0.00013840341849957573
50,0.004612476623574145
51,0.00013246842069883255
52,0.007683369405370846
53,0.014596217045993364
54,0.00012566116121187556
55,0.0061972029676798735
56,0.007686093731079717
57,0.004844279404988479
58,0.00576270924393455
59,0.004312785737857974
60,0.004848471304933665
61,0.005920056739370175
62,0.00013086689833842385
63,0.019890548
64,0.00013521208356020206
65,0.00565972109082397
66,0.005445651713134028
67,0.005326451933170049
68,0.008958419652291858
69,0.00013553352929052148
70,0.00571043786516854
71,0.008181776411704311
72,0.004303076496214826
73,0.004318402615678911
74,0.008877795857011917
75,0.008137399558257336
76,0.004300168184578021
77,0.0001295457654751077
78,0.004309617289342831
79,0.004309766931818181
80,0.005679591490408264
81,0.0178081981629393
82,0.015387070220243671
83,0.004301662467649036
84,0.004869806741753821
85,0.004607965888703056
86,0.005718908044423552
87,0.005510897835872577
88,0.012400005016636805
89,0.007514513328620797
90,0.004321481677954867
91,0.004308698461120279
92,0.005652742772511848
93,0.004806553365613589
94,0.005768048699200263
95,0.014047758686245054
96,0.014424777980997623
97,0.005093070326215294
98,0.0056108280124526925
99,0.0052752722023809515
100,0.005670039931267334
