1,0.00013116682555478702
2,0.00013680308070536677
3,0.00013126757248689897
4,0.000138947788912555
5,0.00013616578533980013
6,0.004298701717164855
7,0.00012300345462955826
8,0.00430574504700435
9,0.004961202361576511
10,0.004400351388888888
11,0.000127153087474708
12,0.00013653581890981682
13,0.00012981005785420312
14,0.0001288621556827177
15,0.00492976092430279
16,0.00012189274088083213
17,0.009072464538807648
18,0.00012859113776462342
19,0.0001292401182172531
20,0.00012525343630211846
21,0.007991541927774829
22,0.005922340735111889
23,0.004555074691244849
24,0.004327980296137722
25,0.00431408133096717
26,0.005713872377245509
27,0.00013487159721196893
28,0.005755129587378641
29,0.0001254362340479434
30,0.00012956935858876727
31,0.004303658536071843
32,0.0001322834725498753
33,0.008939007985912812
34,0.008667610775553967
35,0.004437260065402949
36,0.004308057535650624
37,0.00014069489611267868
38,0.004482502323872508
39,0.004312517004640702
40,0.005260836791929941
41,0.0001287253268099479
42,0.00534777916635846
43,0.00012980590169214915
44,0.00013179948181361138
45,0.005744566268316118
46,0.00013558026983654612
47,0.0054944024014707575
48,0.005671503749058935
49,0.005729449104449471
50,0.00012463778209232673
51,0.00012143033835936456
52,0.00013031889939139332
53,0.00012944784779256275
54,0.00467847170442451
55,0.0001280871509673504
56,0.00013963885517808764
57,0.00012904091679325616
58,0.0043035698300015945
59,0.008162021370267454
60,0.00012865916572755526
61,0.00013118614101772353
62,0.0066225589320121105
63,0.00012564431513476654
64,0.0001401981678788799
65,0.007029484406858202
66,0.004298385626785429
67,0.00013056022968910343
68,0.007272407746388192
69,0.0001310480066404761
70,0.00013434111264269983
71,0.0056775641829828385
72,0.007058949404878017
73,0.005726055389521071
74,0.008646737428680397
75,0.0001309772234024756
76,0.00012956787196447065
77,0.00013122702657347352
78,0.005730925315547907
79,0.0001367159362684573
80,0.005711448994323791
81,0.00013231362156144948
82,0.004886771975997474
83,0.00012989121791711193
84,0.00012589074410301825
85,0.007164929431914382
86,0.004947183165758972
87,0.00013003611952472878
88,0.00012392071169030962
89,0.004298349427957978
90,0.00012830042781751026
91,0.00012213445928639123
92,0.000122553379997015
93,0.0001259346830399434
94,0.007394679686042897
95,0.0001322244615805437
96,0.0052855869858278596
97,0.0049398942901716075
98,0.005755063513996427
99,0.006646135119131538
100,0.005685102216202813
