1,0.00013123468583715222
2,0.00013308810639629695
3,0.004661539277793848
4,0.00012661101457509173
5,0.00012347593349259513
6,0.00012813100830920754
7,0.00013219621520578853
8,0.00013200301711513063
9,0.00012370693542776166
10,0.00012382889437519688
11,0.00012863781381910406
12,0.09613554558189656
13,0.008974809273145342
14,0.00013589609828818937
15,0.00013355938493819875
16,0.017015647111913355
17,0.00013019483734600206
18,0.1606261957746479
19,0.00013039392436478976
20,0.00013806118644947682
21,0.00012883918238796883
22,0.00013390815093516193
23,0.009856907654623392
24,0.022963021992238035
25,0.00013225860078490602
26,0.030651469688269074
27,0.0001286098559429383
28,0.00012416383354229722
29,0.017696068520547947
30,0.014279709637188208
31,0.00012864526100548734
32,0.019514292088787705
33,0.05661415
34,0.019788071393492944
35,0.00013104930442993875
36,0.2862600337423313
37,0.00012669397161880425
38,0.023904658146437992
39,0.00012183375109925533
40,0.07336939662522203
41,0.05564852438650307
42,0.058221218376068376
43,0.02246806559748428
44,0.01052705785267547
45,0.013167709290687552
46,0.20423697876106195
47,0.2841203720496895
48,0.11361282336683415
49,0.0001359840545784396
50,0.04894384928486293
51,0.01472504834714795
52,0.045476246892655364
53,0.021697958133506154
54,0.023383373595125257
55,0.00012463071963881867
56,0.06758373771929824
57,0.00874588096716666
58,0.012676401501697573
59,0.03504616261638733
60,0.1918354843096234
61,0.09913917466216216
62,0.025910937198581566
63,0.18243024980392156
64,0.05931218097595475
65,0.09993255193181816
66,0.005825993706962509
67,0.10392609027777779
68,0.02697794778694674
69,0.15988053146853148
70,0.037576005693779904
71,0.09655999256465518
72,0.051841842936802975
73,0.024298764986648867
74,0.07359761782094597
75,0.02517501252731245
76,0.08053664566420665
77,0.062028936842105274
78,0.3481800746268657
79,0.0456345027027027
80,0.006866144164193868
81,0.13746386006006003
82,0.3220886417241379
83,0.3050720842948718
84,0.007970818382108415
85,0.11213273972431077
86,0.10282562977011496
87,0.0052755634753593435
88,0.00864061145795079
89,0.007830805096889758
90,0.04963757168850073
91,0.00821929053010808
92,0.04574750382685068
93,0.0684104281618887
94,0.04600581523915462
95,0.09950913442265795
96,0.13036141351744185
97,0.039367027908163266
98,0.00549959424722374
99,0.005753851868351882
100,0.022284477248500998
