1,0.00013157099247366176
2,0.00013197299330307104
3,0.00013138220709792573
4,0.00013081982588766835
5,0.00013326473769377894
6,0.005330931873613443
7,0.00013062852781519344
8,0.0001305080281800086
9,0.0001381823309862801
10,0.00012259815093423925
11,0.0001341001705021586
12,0.0001273852806763813
13,0.00013142548065048681
14,0.005000927187079407
15,0.00013164466985396783
16,0.0001275967453513564
17,0.00013938446853750086
18,0.0001290050956524164
19,0.00012626226145555347
20,0.00013161280793538084
21,0.00012866554616994765
22,0.007064017479674795
23,0.00855419388264669
24,0.00014127526660957362
25,0.005166516550964187
26,0.010877032962166829
27,0.00013187733896469214
28,0.000127278735502807
29,0.00013099245972142528
30,0.00012471381974856635
31,0.0056763204057058165
32,0.02149451589673913
33,0.00013268050835885518
34,0.0536805903638814
35,0.00012839692439871602
36,0.0001370016552160265
37,0.012230133369917297
38,0.014014201394943327
39,0.00013720240878033364
40,0.004315922242197101
41,0.00013388011406226743
42,0.00012685185233587208
43,0.005737697542515417
44,0.048040721318289785
45,0.026362451375515822
46,0.00882927120933652
47,0.029915945813204507
48,0.00013293825170541555
49,0.019831996447922936
50,0.005230255170362358
51,0.04400414229508197
52,0.04229842867001255
53,0.024740795623707786
54,0.0157674661069449
55,0.061220673265895954
56,0.2547545664835165
57,0.0001486394264464521
58,0.018539663042150274
59,0.017541851537616695
60,0.01987912820139698
61,0.004295502449503898
62,0.04276536204379563
63,0.02207828891838089
64,0.011705820433921503
65,0.00850348372072548
66,0.02002969769094138
67,0.008367563189700474
68,0.007643312465753426
69,0.04534620374841169
70,0.005712262761606927
71,0.019211082583621687
72,0.008701166570466198
73,0.03362448832417583
74,0.006206095237181945
75,0.023526456040756913
76,0.0060915641220581134
77,0.008102321358896736
78,0.004922879767789401
79,0.020160574524248003
80,0.015316687208121826
81,0.00012913018139501303
82,0.06749192985197369
83,0.027980611422254973
84,0.10265072373853211
85,0.033489188359106525
86,0.12202156756756756
87,0.02191446202694035
88,0.07530733513986013
89,0.008786637696239503
90,0.016639360425884955
91,0.08496364474226803
92,0.044105293103448275
93,0.004314547959818651
94,0.013681612401129944
95,0.007476694902251917
96,0.06757035552884615
97,0.008122905291598946
98,0.12745421476323118
99,0.03368410161001789
100,0.05216048591549296
