1,0.00013454308184463924
2,0.0001273624326757538
3,0.00012249984592854746
4,0.00013331797540234116
5,0.00012869831973870893
6,0.00012353652091782197
7,0.00013374683102111544
8,0.000125618282546794
9,0.00013163520896197292
10,0.00013449133891864267
11,0.00013203873102127716
12,0.00012996389202529196
13,0.0001317419019070973
14,0.00012819198768149065
15,0.00011936718119026605
16,0.00012846016821952455
17,0.00013027568801079816
18,0.0001322976781176833
19,0.00013414739471182758
20,0.00012820864253285796
21,0.00013298980496039546
22,0.00012775278364623177
23,0.00012751370257277377
24,0.025410844135593223
25,0.00575183089666215
26,0.00013244479659194538
27,0.0001282066646973182
28,0.007391780813058207
29,0.00012586294152190482
30,0.007179144274410272
31,0.00014353656011100642
32,0.005270651951848668
33,0.00013002836604849617
34,0.00014217375263803002
35,0.00012456819958329317
36,0.025468319640234948
37,0.00013033628394512118
38,0.0697319658759124
39,0.00013063283694757775
40,0.00017562022089475044
41,0.00013736334736658728
42,0.00013186412948749626
43,0.00013418965190273505
44,0.038133877448979586
45,0.008077507215447154
46,0.00012702563695387933
47,0.00012934973874991366
48,0.0073476656049004585
49,0.044069075306577485
50,0.005646172216076697
51,0.010056538990634755
52,0.00014176615823104308
53,0.005926265445077618
54,0.005522499698850156
55,0.0001224254710582889
56,0.00013688052325078241
57,0.009043252945605122
58,0.013676478818199311
59,0.00013267718573424045
60,0.00013655187554858513
61,0.00012872022574021922
62,0.025643035574229693
63,0.007019363703976434
64,0.01905373916194077
65,0.0001271029157413762
66,0.0001330132304628762
67,0.00013115155331188283
68,0.00013400243370837575
69,0.0001324456740007894
70,0.00014169545870503514
71,0.0001268872805252162
72,0.00014475798446038745
73,0.006573539855846236
74,0.00769288097117088
75,0.02874416130563798
76,0.00013778751118113301
77,0.014968976687712483
78,0.004589735585970916
79,0.010627223488865323
80,0.04000194343434343
81,0.00012848563624103088
82,0.0001362586352646819
83,0.005755024571876508
84,0.00012803892661734546
85,0.000132981775875111
86,0.032742101272015656
87,0.0738233440374787
88,0.00013602629450268746
89,0.03786476984585742
90,0.009461777915515987
91,0.005725797501070701
92,0.00012546675560055266
93,0.00012992177251431545
94,0.00013824970459912388
95,0.00013050564564995532
96,0.000136258459270869
97,0.00013728254749291626
98,0.00014186022316120078
99,0.0057537013250714975
100,0.00013049963348698575
