1,0.00013893230951305896
2,0.00012879578831147715
3,0.00012696283203555633
4,0.00013633267810177246
5,0.0001325828223959908
6,0.004311378379457158
7,0.00012789946694152167
8,0.00013000972557965338
9,0.00013508053468127917
10,0.00012606960889368615
11,0.005334020709561708
12,0.00013290664447331824
13,0.004311113233458177
14,0.00013401129504371482
15,0.004815245224972443
16,0.004291084816716589
17,0.004292365462363684
18,0.0001316901088428434
19,0.00013759948764196185
20,0.0001287100717947077
21,0.0001294416294943637
22,0.005267474243276696
23,0.0042992704626176525
24,0.00013572219164738314
25,0.00012156923907885205
26,0.004296403777492144
27,0.00012888123058384297
28,0.004768022068422239
29,0.00013727094719241008
30,0.004929143397129186
31,0.005690453349460365
32,0.004301535020085526
33,0.0001288846280884472
34,0.0043057292400783065
35,0.0050078217795625065
36,0.005631662568928314
37,0.004297286502404335
38,0.004299498315405813
39,0.005475907609475951
40,0.004291150243169158
41,0.004289909137168141
42,0.004333164012223621
43,0.005319404554955581
44,0.005629504617994471
45,0.0001275476034412126
46,0.004872697528478438
47,0.0001297376461826973
48,0.0053296939465228375
49,0.00013685386562939115
50,0.006760785131981915
51,0.004977738466353677
52,0.004307610586833116
53,0.0001293885637048421
54,0.00532645031152648
55,0.004289723866052445
56,0.005335280159556018
57,0.005297777456750997
58,0.005321417021834061
59,0.004374602354168557
60,0.005316765872210954
61,0.005372180842414806
62,0.00428892625945483
63,0.005597436845637584
64,0.005786848327204176
65,0.005340120266636791
66,0.005277476818130568
67,0.004300284536494405
68,0.004301936853016872
69,0.00529932411078075
70,0.005493445378599359
71,0.0052178217309662
72,0.0052294756712844195
73,0.004886606399796022
74,0.004786774869337979
75,0.00782661544117647
76,0.005528581946983546
77,0.005350712786819636
78,0.00430025454869528
79,0.005376863550073888
80,0.0056562337633136095
81,0.004304138717729282
82,0.00547833439439617
83,0.004709600577777777
84,0.004895033431290232
85,0.0043153662805662804
86,0.00429867917380137
87,0.005295612735376044
88,0.004311289934475189
89,0.005317708491408168
90,0.005273112239554318
91,0.00428831240361606
92,0.00532777832425786
93,0.004296875070771409
94,0.0052838187055353125
95,0.004297470569349316
96,0.005719224762550881
97,0.006985431663386345
98,0.0046908410810810805
99,0.005297657436162871
100,0.005562720741051119
