1,0.00013424459181043074
2,0.00013354226869675737
3,0.0001361748634188507
4,0.0001300004790335062
5,0.006760092640160823
6,0.0001411932490911223
7,0.0074714058173784995
8,0.0001316054199542806
9,0.00012532287901061823
10,0.03182012220853858
11,0.00012857612040214866
12,0.000128323044087633
13,0.0001329467609777746
14,0.006605873878069433
15,0.016690692605445808
16,0.008216770158426659
17,0.00013265811251773438
18,0.0001264491547809064
19,0.00012719520696694885
20,0.00013562212098774636
21,0.012540577092050208
22,0.006620715078992548
23,0.015109798797626485
24,0.07391088419243987
25,0.08192849702048419
26,0.060870462573099415
27,0.06592247436708862
28,0.007248715164424514
29,0.008162017700016986
30,0.00014162146423895067
31,0.006176119951729686
32,0.03091663534246576
33,0.03703958608247423
34,0.04405742533659731
35,0.0001315228616925708
36,0.0001284925267356985
37,0.035933340175438595
38,0.00948576718905969
39,0.03177572574041813
40,0.010275408963520033
41,0.024323774804177547
42,0.004312962425021423
43,0.00016598411362866774
44,0.04442996655092593
45,0.01257248432581322
46,0.055941471275167784
47,0.03285214907813872
48,0.006404531035558326
49,0.006323907669740151
50,0.18487440225409837
51,0.03163209743384122
52,0.11635875844155845
53,0.057414038771466315
54,0.27458535
55,0.11006538787128714
56,0.35511466098484845
57,0.007339375008686691
58,0.00885835390310786
59,0.0052292930665550725
60,0.10330661180555556
61,0.0001223467432244744
62,0.5401197022727272
63,0.03952685743048898
64,0.027452436064374534
65,0.06491899789062501
66,0.025004949179157746
67,0.04529787631578947
68,0.1245890473756906
69,0.04369829781634939
70,0.010217031560059108
71,0.02211306503164557
72,0.006694261603999436
73,0.044235001506696424
74,0.0043103473650293565
75,0.008647242892946652
76,0.04460146730769231
77,0.03620012410714286
78,0.08126619423791821
79,0.006544682527515723
80,0.02221284117338217
81,0.08284500403846153
82,0.0550154849936143
83,0.005790781195112638
84,0.00013684324913833308
85,0.00013185459378003137
86,0.1040439355022831
87,0.05415485823605708
88,0.032290550846740054
89,0.23508286425
90,0.005348567859021568
91,0.016980571786492378
92,0.07280168195615516
93,0.18946020795918367
94,0.005307925056160358
95,0.02411445604575163
96,0.00013151982657528535
97,0.00013581005314688516
98,0.00013100895323009062
99,0.01572418635184224
100,0.017278192437431995
