1,0.0001476643859710423
2,0.00014237073766051054
3,0.0001322820290702017
4,0.00013508223242636062
5,0.00014141020064663875
6,0.00012640365540336643
7,0.00013315338161013298
8,0.005740726711422089
9,0.00013003555371133224
10,0.00013550677016930967
11,0.00013025252102019953
12,0.00013395630827097197
13,0.00014243968972318098
14,0.00013805096648664375
15,0.03203794242677824
16,0.00013682711043634842
17,0.00013335921291500339
18,0.008246554722651553
19,0.0001399623245953793
20,0.004784741178049211
21,0.0001467882374810667
22,0.004310136606121281
23,0.005763571366071993
24,0.03586787363636363
25,0.005644231164673191
26,0.004400295907559686
27,0.004320236790851424
28,0.0001327998481095616
29,0.00013666262593887028
30,0.0057214074873417715
31,0.02212894491469816
32,0.006568917377191083
33,0.01429544925170068
34,0.00013016197592659873
35,0.0043326504440013925
36,0.00013187522920176235
37,0.0001292070913027347
38,0.01571202932083122
39,0.004645022830538222
40,0.00013148855259925696
41,0.03323880290546399
42,0.00012170158409106464
43,0.03250426012605042
44,0.024401040076071922
45,0.010620567293575186
46,0.006668571499928642
47,0.004314819037495453
48,0.005504274496369173
49,0.00013128651416528692
50,0.008120353541076488
51,0.01790981599234554
52,0.00012734459629081723
53,0.021941141807909605
54,0.010070357578253707
55,0.0001343396827524315
56,0.00013228711356034437
57,0.03811651334922527
58,0.01756988345342254
59,0.05298621617210684
60,0.0001224290818134291
61,0.00930207662760957
62,0.007680083050440352
63,0.014636809870323937
64,0.029799721793863105
65,0.00012974029690007713
66,0.014703661752988047
67,0.007402329408184998
68,0.0073909950531914894
69,0.004969291106187687
70,0.005653558623875816
71,0.06984532403536978
72,0.008136436914623837
73,0.00013917498420585927
74,0.017304638060941825
75,0.00012991350470268037
76,0.004310923436607652
77,0.035511220899718844
78,0.005706180043273514
79,0.0001391209347443651
80,0.007634015898211135
81,0.0001302332819854974
82,0.007086301714370899
83,0.007314384522076662
84,0.017638847727272727
85,0.012021010535491906
86,0.00013511680336599912
87,0.004758177891314444
88,0.009738871891108248
89,0.03284138009458297
90,0.005318330740154711
91,0.009230934644016035
92,0.0045068796063651596
93,0.046792762890173416
94,0.007862973358196856
95,0.007236323090277777
96,0.00012173676160158517
97,0.012252815872374796
98,0.004298855908309456
99,0.00012752803907150942
100,0.00012561066774974941
