1,0.0038402980567772893
2,0.004008228495734224
3,0.004152820560348509
4,0.0049323204730417096
5,0.005216218210197711
6,0.005225490610130063
7,0.006018136810341088
8,0.006174435857371796
9,0.006322304008908686
10,0.007225212520138089
11,0.007438850480882008
12,0.0076480604477611935
13,0.008604241819654428
14,0.008851336513157896
15,0.00903730838647075
16,0.010058001568322981
17,0.01023016583987441
18,0.010459189850461343
19,0.01137909268884269
20,0.01152736110916725
21,0.011771323106864828
22,0.012789979478764478
23,0.012925676058252428
24,0.013269914488748522
25,0.014411624913419912
26,0.014642383933274801
27,0.01485771036235086
28,0.015684845058664257
29,0.015983939856746766
30,0.0162076685660019
31,0.01693318785894207
32,0.017424270005083883
33,0.01758539847041123
34,0.018436675411522635
35,0.018853943756936737
36,0.019219916597294485
37,0.020067027836691412
38,0.02067043704121965
39,0.02102900087626129
40,0.021262065086982605
41,0.022590739194444442
42,0.022821846856810248
43,0.02358512908680947
44,0.024564461685261305
45,0.024980802734374998
46,0.025274507301017355
47,0.026348344811893205
48,0.026715954804161567
49,0.027080155126621364
50,0.028056508487555833
51,0.02833204419852448
52,0.028673223411918802
53,0.029516753027278773
54,0.029864474000000002
55,0.030331438992661774
56,0.031327680910987483
57,0.0323370236516035
58,0.03313526328519856
59,0.03405449590343819
60,0.03507114847605225
61,0.0358867738490566
62,0.03716703475232198
63,0.03763471571661238
64,0.038272682328990226
65,0.039003488567941405
66,0.038904984444444436
67,0.04011645930626058
68,0.04077217970464135
69,0.04140555598802396
70,0.041605061033519554
71,0.042484148018433185
72,0.043005904827586205
73,0.04369825811889973
74,0.04431696243267505
75,0.04497139852125693
76,0.04545120528233151
77,0.046035112243947865
78,0.04648965356445312
79,0.04713755601145037
80,0.04759855613870665
81,0.04831874778420038
82,0.04878027340930674
83,0.049298444782608704
84,0.04998178659244917
85,0.05051807097087379
86,0.05113906181181181
87,0.051709793916155405
88,0.052310083757637474
89,0.05276000425884956
90,0.053405711902286906
91,0.05381150509885536
92,0.05466401244769873
93,0.05473354283903676
94,0.055802565506329116
95,0.056217058814270734
96,0.056733992778993436
97,0.05724304632432434
98,0.05799518196721312
99,0.05843414418344519
100,0.05933901275167784
