1,0.02278575983662355
2,0.04161824796703297
3,0.06521107748885588
4,0.08455460990654207
5,0.10428882787810383
6,0.13177084646892656
7,0.1456072981595092
8,0.16593831529209618
9,0.18666287326923076
10,0.1969407289473684
11,0.22730401023255814
12,0.2582183587301587
13,0.2817794002873563
14,0.3035735211656441
15,0.3085311365625
16,0.31289316329113925
17,0.3281323940789474
18,0.3910722263779528
19,0.40941625983606567
20,0.4448505216814159
21,0.43626118114035084
22,0.4550911477477477
23,0.47517867311320755
24,0.4740324452830189
25,0.5140884979591837
26,0.5379416047368422
27,0.5544361864130435
28,0.6074481192307691
29,0.643423181
30,0.6391035127450981
31,0.6348375701923076
32,0.6780728601265822
33,0.7048710106382979
34,0.7699276615942029
35,0.798460137804878
36,0.7697825546511626
37,0.7873784988095238
38,0.7669796023255816
39,0.8177893136363639
40,0.8705014565789473
41,0.8724516657894734
42,0.892982668918919
43,0.9185285138888888
44,0.9351885128571428
45,0.977203050909091
46,0.9825881763636363
47,0.9531199828571428
48,1.0432827401960785
49,1.0400163546875
50,1.138615716304348
51,1.141063374137931
52,1.108209765
53,1.148866220652174
54,1.1477958396551722
55,1.1684411160714285
56,1.1899254357142857
57,1.2093125666666666
58,1.231734796296296
59,1.2784438809523806
60,1.2713267019230772
61,1.2957461461538462
62,1.3161280499999999
63,1.336123432
64,1.3855351328947367
65,1.3801587999999998
66,1.3999158708333332
67,1.4507787864864865
68,1.4438552608695654
69,1.463136204347826
70,1.5153902385714286
71,1.5047558954545455
72,1.5265127431818184
73,1.580038681818182
74,1.5697056309523807
75,1.588508723809524
76,1.61172289047619
77,1.6310043650000001
78,1.6527893374999998
79,1.674958125
80,1.695847645
81,1.7519002833333333
82,1.7373510342105265
83,1.7586691973684212
84,1.7795648447368417
85,1.801025865789474
86,1.82287705
87,1.8433631694444441
88,1.8654548805555553
89,1.886470194444444
90,1.9081257972222219
91,1.9268001911764705
92,1.9486351058823532
93,1.9705701823529413
94,1.9930396176470588
95,2.0123101529411764
96,2.0332183764705887
97,2.0540210437499997
98,2.077131909375
99,2.1009208833333335
100,2.1210474562499995
