1,0.0061841161938382535
2,0.0084130090896921
3,0.01063587260926717
4,0.013141051793543246
5,0.016390552403393023
6,0.01860343662938485
7,0.022445884326647566
8,0.0259424639044072
9,0.029333752713434812
10,0.03213789154013015
11,0.03526937653814603
12,0.04233547067636987
13,0.046468141876750704
14,0.050174090402010055
15,0.05316812353658538
16,0.05691583010501751
17,0.06052221556122448
18,0.0641495692212608
19,0.0673394083773087
20,0.07833008553233343
21,0.07385164395604395
22,0.0773964105067064
23,0.08074669357034797
24,0.08407767515576323
25,0.08749671882067853
26,0.0911043368729097
27,0.0944328189119171
28,0.09784855393559928
29,0.1011692475092251
30,0.1047755094924812
31,0.10798559021526419
32,0.11129791431578949
33,0.1148434731557377
34,0.11828383191489365
35,0.12175360735930735
36,0.12522521647982063
37,0.12842958414634145
38,0.13206121070588234
39,0.13550301552941177
40,0.13888991939759035
41,0.14235954077306734
42,0.14519609173333334
43,0.14921964910941474
44,0.15245545053333334
45,0.15597419554054054
46,0.15945133082191784
47,0.1629808632394366
48,0.1665411104519774
49,0.18640916507096775
50,0.17294941366366368
51,0.1765234066666667
52,0.1799958907692308
53,0.1834441065625
54,0.18700029116719244
55,0.19018090342019542
56,0.1934141384868421
57,0.19702091245791245
58,0.1999030566420664
59,0.20377846116838488
60,0.2072090591549296
61,0.21067801014234877
62,0.21424971793478262
63,0.2175321941391942
64,0.22145350864661656
65,0.22471476104651167
66,0.2283199444230769
67,0.23132261201550386
68,0.23483341043307088
69,0.23820652083333335
70,0.24178995795918368
71,0.2453199782786885
72,0.2487577328512397
73,0.2515479852272727
74,0.25566312796610174
75,0.259218348917749
76,0.26269256637554583
77,0.2994081218884772
78,0.2689032988789237
79,0.2722363425339366
80,0.27586146490825686
81,0.2796909722222222
82,0.2826500545023696
83,0.28654747908653844
84,0.2893656305288462
85,0.29335092777777777
86,0.29681693647343
87,0.30029078950000004
88,0.30368670653266333
89,0.30753629289340106
90,0.31069286984536076
91,0.3141419899484536
92,0.3176931171052631
93,0.32095373862433857
94,0.32393063425414365
95,0.327213864516129
96,0.3314348698369565
97,0.3346769434065935
98,0.33814191933701654
99,0.34096331988636364
100,0.3454858525568182
