1,0.012990737877512433
2,0.023885845080251218
3,0.032421611184210525
4,0.04530193010989011
5,0.05230067328199051
6,0.06388781822033897
7,0.07438793787128714
8,0.08495237198905109
9,0.09523429765784114
10,0.10495385849889625
11,0.11603557126865674
12,0.12048065050251257
13,0.14237904498525075
14,0.14627327972972973
15,0.1551751685897436
16,0.16605837227891157
17,0.17629817625899277
18,0.18714147366412212
19,0.20199540769230767
20,0.2105849097046414
21,0.21270743354430374
22,0.24573720763546794
23,0.22960880814479637
24,0.2498651371287129
25,0.2600674353092784
26,0.27163569064171117
27,0.28255277206703916
28,0.3068486342424243
29,0.3066803732142857
30,0.3049371632947977
31,0.3645534119047619
32,0.3445622503125
33,0.3854329031690141
34,0.3830134416666666
35,0.39414940607142857
36,0.4058304175182482
37,0.4234311263358778
38,0.42996456550387596
39,0.4236018768939394
40,0.4787079469298245
41,0.44049189921259846
42,0.4899674053097346
43,0.4833619166666666
44,0.4954956045045046
45,0.5285300380952381
46,0.4954051278761062
47,0.5197800369230768
48,0.5104867245454545
49,0.5857997615789474
50,0.5543320395
51,0.5839099672413794
52,0.5699998266666666
53,0.5959865075268818
54,0.6332773226190475
55,0.5920758415789474
56,0.6451185754716982
57,0.6389485005747126
58,0.6500274000000001
59,0.6458360235849058
60,0.6567898019230768
61,0.6831442981707317
62,0.6786056499999998
63,0.7058267329113924
64,0.700329962244898
65,0.7117110979166668
66,0.7390168763157896
67,0.7323480159574468
68,0.7444315934782609
69,0.7544740988888888
70,0.7661881866666667
71,0.7765151500000002
72,0.7866916249999999
73,0.7977303674418605
74,0.8281909462686566
75,0.8206017523809525
76,0.8501223166666667
77,0.8409561634146341
78,0.85169714875
79,0.8633865187499999
80,0.8746275576923077
81,0.8853189602564101
82,0.896494732894737
83,0.9063621236842107
84,0.9376791822033896
85,0.9281196135135136
86,0.9387795391891893
87,0.9717940448275861
88,0.9619542291666666
89,0.97208713
90,0.9822983442857145
91,0.993722097142857
92,1.0048633044117645
93,1.0152676117647057
94,1.025810561764706
95,1.0366936106060607
96,1.0473452287878786
97,1.0584051045454543
98,1.069053528125
99,1.0801728874999998
100,1.0907906406249999
