1,0.0032498398627044825
2,0.0032455599001833366
3,0.003242475941408601
4,0.0032290055328691933
5,0.0032419817572144696
6,0.003229391339703191
7,0.0032426693222274467
8,0.0032226546593421314
9,0.0032431385385081873
10,0.0032154959435862994
11,0.003243356784380306
12,0.003212547100481026
13,0.003244565583277141
14,0.0032263281159712427
15,0.003232230755759127
16,0.0032555997076612903
17,0.003243697770657673
18,0.0032330748841330435
19,0.003228766823982983
20,0.0032221215125601286
21,0.0032370517174030175
22,0.003240080316619106
23,0.0032234228020134223
24,0.0032454576369840104
25,0.0032364726412534755
26,0.0032377462350811313
27,0.0032533540208488456
28,0.0032186230064438185
29,0.0032591359803854796
30,0.0032312158942624605
31,0.0032368986848256157
32,0.0032291925406902136
33,0.0032282411426277757
34,0.00322671958486776
35,0.003221428137746573
36,0.0032475785897695796
37,0.0032403888134333396
38,0.0032529705695131033
39,0.0032354066191377213
40,0.003232206732122512
41,0.0032364139889940273
42,0.0032197090155615697
43,0.0032439556338503036
44,0.003251654358247249
45,0.0032152558111298484
46,0.003236021711011327
47,0.003221723311103701
48,0.0032332710831200324
49,0.003221184693061388
50,0.0032411723650472334
51,0.0032291001012214045
52,0.0032330309956146363
53,0.003233275870730074
54,0.003258589029322548
55,0.0032331730988593155
56,0.0032008484896451656
57,0.003214177715472446
58,0.0032248943193209922
59,0.0032533487430073463
60,0.0032399139724820386
61,0.003236542878757313
62,0.0032536219605991084
63,0.0032308039375928675
64,0.0032264497294950574
65,0.0032246066334768574
66,0.0032340155173576
67,0.0032212965574754822
68,0.003269080063507238
69,0.0032279620551512317
70,0.0032181645623573637
71,0.003245455370219691
72,0.0032522877990755848
73,0.003214744647709949
74,0.0032392076678066112
75,0.003231457510026738
76,0.003221650150210294
77,0.003222188104564123
78,0.0032463210347837765
79,0.0032515271573873017
80,0.003226197576163375
81,0.003237823236108298
82,0.0032133909523809523
83,0.00324354120912394
84,0.0032167837144376496
85,0.0032412999664722057
86,0.0032329836454263777
87,0.003226051524654701
88,0.0032456986998842833
89,0.0032281714930161064
90,0.003217148363115082
91,0.0032151089442122413
92,0.003219464705882353
93,0.003222127439268553
94,0.003217319634779138
95,0.0032168796504538685
96,0.0032521323963695475
97,0.0032609857017543856
98,0.0032342750067051096
99,0.003276330245277891
100,0.003291832548040757
