1,0.0032131471857978614
2,0.0031923917181172407
3,0.0032310513443396223
4,0.003235288298955082
5,0.003222950672690763
6,0.0032208615666422433
7,0.0032364933853573576
8,0.003218835960739648
9,0.003212002430717006
10,0.0032159767084890558
11,0.003216000009443323
12,0.003221138367986139
13,0.0032391022448889713
14,0.0032129829199173177
15,0.0032126742678523666
16,0.0032117443522037747
17,0.0032363457803081053
18,0.003224146369559377
19,0.0032002814347107437
20,0.003224858151773145
21,0.0032091782534475833
22,0.003197039498726712
23,0.003217491702184336
24,0.00320626399675829
25,0.0032204519918181207
26,0.003225745239368815
27,0.0032237060337268124
28,0.0032131945455153503
29,0.003210365508021391
30,0.003213427606461087
31,0.003209089305258943
32,0.0031978557517122154
33,0.003207072440971291
34,0.0031926360173993884
35,0.0032196880780494446
36,0.0031841548757170174
37,0.003190461435126688
38,0.003196024449280214
39,0.0031990412015868745
40,0.0032043259962556835
41,0.0032173253993824677
42,0.003215537761744966
43,0.003212776162596186
44,0.003217187089153345
45,0.0032021943040096558
46,0.003208407088313413
47,0.0032136301990780946
48,0.003206809107620321
49,0.003220284552845529
50,0.00322517963504975
51,0.003201581215120914
52,0.003200957371113473
53,0.003215918808966209
54,0.003208970658025922
55,0.003214331345565749
56,0.0032046293743336882
57,0.0031983757366729174
58,0.0032121646942734816
59,0.0032246138590604034
60,0.0032165718964026866
61,0.0032412050360439266
62,0.003208687362637363
63,0.0031924051471081028
64,0.0032092435791713776
65,0.0032213650725126477
66,0.0032346058680114893
67,0.0031975711259680946
68,0.003218515832324048
69,0.003220039095212695
70,0.003209824412662596
71,0.0032267849252934897
72,0.0032060173049976645
73,0.0031944834526543295
74,0.0032076290084529723
75,0.0032170776067226895
76,0.0032221388727836577
77,0.0032036996262181285
78,0.0031967666556379035
79,0.0032132494670016306
80,0.0032024026278836513
81,0.0032259086820295127
82,0.003209059154090548
83,0.003219487551129887
84,0.0032227440801886795
85,0.003205643479705043
86,0.003213196707805203
87,0.0032148801656231066
88,0.0031979206723466084
89,0.003169730015881418
90,0.003215207201059954
91,0.0032069227215608463
92,0.003191391601224544
93,0.0032022861893009616
94,0.0032261220719818373
95,0.0032342546084966
96,0.003211040897025426
97,0.0032251391934924917
98,0.0032047417248255235
99,0.0032115874515827435
100,0.0032091515785975405
