1,0.005137967823185989
2,0.004432213329961375
3,0.005184530330913388
4,0.004330377331471294
5,0.00434606180945481
6,0.004470028760385827
7,0.004772257224090189
8,0.004698784008917714
9,0.005756278683076923
10,0.005982161478909261
11,0.005549638537296037
12,0.006245180549813972
13,0.00656164825256975
14,0.006520635145724498
15,0.006485700598563448
16,0.006617271354237985
17,0.006943597380750805
18,0.007045201516565562
19,0.00744261175203815
20,0.0072678953112930616
21,0.0067662970210687874
22,0.006764221523553543
23,0.0067954548919146535
24,0.007733550892857143
25,0.007677004084804954
26,0.008443005169712792
27,0.007564138225175919
28,0.007725248657206652
29,0.008609563919841839
30,0.008532551106364875
31,0.00842964007689491
32,0.008184367074853397
33,0.008476514743925887
34,0.009576260531339484
35,0.009548241924432266
36,0.00949638595324466
37,0.00902023168549906
38,0.009587455534129902
39,0.009381450995138424
40,0.009241541836931379
41,0.009215203502760326
42,0.010636892454905412
43,0.009899643689420501
44,0.009978133586278587
45,0.009980032599710684
46,0.01074904994435789
47,0.010964052034090909
48,0.010818072713844875
49,0.011327171041470312
50,0.011809133215245543
51,0.01237901409032258
52,0.012900564753401358
53,0.013446345804498274
54,0.014453402457897132
55,0.015216985046500245
56,0.015707539373814042
57,0.016350054803384768
58,0.016747132308096737
59,0.01718324802006336
60,0.017694112145969502
61,0.01797762538137822
62,0.01803750563806381
63,0.01810571477149075
64,0.018207773020207534
65,0.018354452671118533
66,0.01849110893267024
67,0.018986301828254844
68,0.01921781895051659
69,0.019607595540691195
70,0.019757757613050948
71,0.01958077466024915
72,0.019769847134502926
73,0.01991582332175926
74,0.019864095691202868
75,0.02004992985244041
76,0.020089692004634993
77,0.020556629939393934
78,0.020757714973102213
79,0.020795656965280757
80,0.020963525749711644
81,0.021349615406427217
82,0.021404399354243542
83,0.021711787603550293
84,0.02176591184132623
85,0.021773758001189768
86,0.022091131272401428
87,0.022248220089858793
88,0.022541655231509323
89,0.022759145974842764
90,0.022773614905063293
91,0.023189469750320102
92,0.023416891561314792
93,0.0234668232247557
94,0.023623161760841
95,0.023866880612947658
96,0.023920895857988168
97,0.024384628958333328
98,0.024409991364535265
99,0.024796646445029623
100,0.024975393123772102
