1,0.0046842100604020205
2,0.004606535273388796
3,0.005132042745835572
4,0.00443177537637388
5,0.005144082269322438
6,0.005157735225936503
7,0.005165224769151848
8,0.004366004766203286
9,0.004326228611989346
10,0.005211864608985025
11,0.004340032702151127
12,0.004901628152678195
13,0.004432529564187588
14,0.0044505401647883325
15,0.0044942055100875514
16,0.004545182512048785
17,0.0047309999300699295
18,0.004731991059734074
19,0.004699340423264311
20,0.005937244368994234
21,0.0054373437837351565
22,0.005622328280057252
23,0.00592499309472162
24,0.0055160558836918165
25,0.006041316721003134
26,0.005538583602222657
27,0.006131723418121996
28,0.006212189485861182
29,0.005987047178963493
30,0.006534673772943577
31,0.006565364521380508
32,0.006564607554495912
33,0.006510014853698184
34,0.006563719732550556
35,0.0065607280916552685
36,0.006576907635265037
37,0.006603627162963984
38,0.0063550725851331666
39,0.007089063574287732
40,0.007371390861575628
41,0.007010020677382318
42,0.007397984666564701
43,0.007183015974168124
44,0.007398001989260436
45,0.00734077259128567
46,0.007358108346036585
47,0.007135440349978036
48,0.007484994120844983
49,0.007556984229111469
50,0.006784421030133145
51,0.0076340869999999995
52,0.006774462575608382
53,0.007663427574698028
54,0.007675427721822543
55,0.006812413809056497
56,0.0068415650007049205
57,0.007723461740663566
58,0.0077320514192313824
59,0.0076518646239113215
60,0.007741407856030457
61,0.00758259943564822
62,0.00759329594700533
63,0.0075726653486529304
64,0.0075674029949953075
65,0.00755121568320551
66,0.008562018997149982
67,0.007860335986430062
68,0.008543364416846654
69,0.008447818251675484
70,0.008591395240213526
71,0.008559328475534356
72,0.008550255276152158
73,0.008666909885181198
74,0.008805088029583637
75,0.008152077463241505
76,0.008892644296690306
77,0.00895221959382737
78,0.009391300339081574
79,0.009238839940828402
80,0.009335408012386297
81,0.009402599951361865
82,0.009449829219737797
83,0.00957760862341772
84,0.009650879458059373
85,0.009704371636546184
86,0.009249051805230288
87,0.009854417422512234
88,0.009010222507496252
89,0.009831324884959722
90,0.009143104480399275
91,0.009503231098385427
92,0.009388564919827924
93,0.009462414132783342
94,0.009231940472998851
95,0.009737074616471539
96,0.009181099876025178
97,0.00924025311827957
98,0.010279542278535845
99,0.010187311719593865
100,0.010418468747295543
