1,0.004435825383613875
2,0.0044112404939354085
3,0.004892080795687884
4,0.004476031230136474
5,0.004563879874583578
6,0.005350987829205424
7,0.005471285294117648
8,0.006214318752429072
9,0.006419294198270128
10,0.0065339419611169115
11,0.006683103838495576
12,0.007054008193863321
13,0.0074299891193113895
14,0.007607362825928243
15,0.006777415644257702
16,0.006840480776878286
17,0.008401265085748844
18,0.00851223859454197
19,0.008574922321588267
20,0.008523818062074353
21,0.008278841391209588
22,0.008131826339513523
23,0.009498304943864487
24,0.009666339202956455
25,0.008967157497160165
26,0.009548199371257485
27,0.009849914815776045
28,0.010613571928082948
29,0.00999545031768805
30,0.010226751937738247
31,0.010126909713508991
32,0.011099858025830259
33,0.011265428644620401
34,0.012165262154348919
35,0.012818022288995725
36,0.0138664307793345
37,0.015041614952405262
38,0.01588638375812094
39,0.016878168359375
40,0.017421822598039215
41,0.01787239958656331
42,0.01800017709320695
43,0.018213239961496153
44,0.018512028715647784
45,0.01877079061098654
46,0.0194654289163722
47,0.019728658242059143
48,0.019644383360323887
49,0.01982897227926078
50,0.02000945955882353
51,0.020112534271619274
52,0.020384098640832852
53,0.02076601485661989
54,0.021031288362068967
55,0.021360165653935184
56,0.021734210195439734
57,0.021744846199748744
58,0.02218291850793651
59,0.022578670757097793
60,0.022799532063492063
61,0.022935816508838382
62,0.023476532580645162
63,0.023665218443427075
64,0.023778438092061375
65,0.024144069385026737
66,0.02446696181075561
67,0.024810787952600395
68,0.02521482030704815
69,0.025245813296398894
70,0.025711676909722224
71,0.02580130616197183
72,0.026298547772277223
73,0.02642603578535892
74,0.026795886288585792
75,0.02705908441744103
76,0.02736102088108882
77,0.027657251008968608
78,0.027928215204888574
79,0.02834905925524223
80,0.028394816469282012
81,0.028868153
82,0.02906001795162509
83,0.029259548186119866
84,0.02953505730912477
85,0.029745725559883158
86,0.030020486594202898
87,0.03038303368380062
88,0.030769982117080995
89,0.031072539968895807
90,0.031344647970173986
91,0.03157002592773437
92,0.03201282030352748
93,0.03235922266313933
94,0.03265573980263158
95,0.033506971255230125
96,0.03371962250786989
97,0.033907040756663794
98,0.03437990278988666
99,0.03489111788546255
100,0.035055445100612426
