1,0.004430310510496624
2,0.005150880627337641
3,0.005139647210657785
4,0.004475826421860543
5,0.004781113528222673
6,0.004739620684104628
7,0.005735741096999128
8,0.0060552263738341315
9,0.005632692641864846
10,0.006564313247863248
11,0.006574315855147159
12,0.00660104110123119
13,0.007364126680994779
14,0.007392335634761095
15,0.0074091269424900585
16,0.006829222813822285
17,0.007683698340778558
18,0.006840978778710058
19,0.00774808883418795
20,0.008500831982410069
21,0.007596708034401801
22,0.00860276233801296
23,0.008691172645218945
24,0.008196278949637807
25,0.009424752545348159
26,0.009555359366656323
27,0.009674584550898204
28,0.009136437021154947
29,0.009468274803227077
30,0.009224031779823552
31,0.009954292496877529
32,0.010423937164211437
33,0.009930218068696012
34,0.010013513998710786
35,0.01019584302130984
36,0.01103880133470226
37,0.01127252002617801
38,0.01206757641025641
39,0.012780618657133024
40,0.01346023695530726
41,0.014589889754464281
42,0.015260908861707442
43,0.01627844883551674
44,0.01700842261009667
45,0.017492093060590366
46,0.017958594936034116
47,0.017965849132321042
48,0.01817156517571885
49,0.018425007174515236
50,0.018542812938470387
51,0.01904404169560185
52,0.01971105334254144
53,0.019748310337810337
54,0.019681993662351675
55,0.019864106744868035
56,0.02001984532033426
57,0.020140636103312747
58,0.020302166314837153
59,0.02060884076738609
60,0.02100671949300699
61,0.021139609637046308
62,0.021580327504445763
63,0.021625354275092934
64,0.021823411205808083
65,0.022100648831488316
66,0.02232518109717868
67,0.022547280338874678
68,0.022968870104358503
69,0.02312492877697841
70,0.023399495454545453
71,0.02370269022875817
72,0.023939539906103285
73,0.02409459436015831
74,0.024608217426820962
75,0.024735629627071827
76,0.024976069147496616
77,0.025315839292730846
78,0.025521324774774774
79,0.025836899303621166
80,0.02590272951635846
81,0.026313077346506706
82,0.026439126166902402
83,0.026614277626050422
84,0.026987664437134507
85,0.027069863167795333
86,0.027544394038039502
87,0.0279267165052161
88,0.02817589270449521
89,0.028409550037147097
90,0.02861596187694704
91,0.02870132227442598
92,0.029042696047619054
93,0.029362804961538466
94,0.0294569924219345
95,0.029798661381172844
96,0.030032490278884463
97,0.030131402891566263
98,0.030465395682001618
99,0.03095910785603715
100,0.031234460208333335
