1,0.004377155690105339
2,0.0044992755351249405
3,0.004550857422634175
4,0.0045483416084435855
5,0.004573821495505834
6,0.004579871228883241
7,0.00395557957265715
8,0.004609445198725727
9,0.003943971154524608
10,0.004625849167623422
11,0.004023137763713079
12,0.004646938543641528
13,0.0041911176948375515
14,0.004206342636969275
15,0.004217069025313933
16,0.004300987824400914
17,0.004766178463220363
18,0.004832957006469938
19,0.004863160857188044
20,0.004906002250235627
21,0.004972829975409836
22,0.004967521262615645
23,0.004966023467453128
24,0.0049673598572470565
25,0.004959783692656833
26,0.004969643783917119
27,0.004969076107977437
28,0.0049736992880523734
29,0.0049318959809154135
30,0.0049691392892237144
31,0.0049448697250691395
32,0.004956295968342759
33,0.0049760427419354835
34,0.004935161608583414
35,0.004971909009231785
36,0.0049704946299968696
37,0.004945433168991923
38,0.0049697011747732904
39,0.0049410948083454635
40,0.004971785423868312
41,0.004914275800740383
42,0.004892831315057199
43,0.004975833640286255
44,0.0049440662612244895
45,0.0049797765462487225
46,0.004922652583635201
47,0.004912052980203319
48,0.004908560979707897
49,0.00497782067774305
50,0.004913605129032258
51,0.004933236120051496
52,0.00497842028440667
53,0.004908220735366746
54,0.0048932547965998795
55,0.004923380337805075
56,0.004891538159675237
57,0.004924762970182278
58,0.004983323648648648
59,0.004979845804525456
60,0.004882971282669124
61,0.004893787294995795
62,0.004986420685695539
63,0.004981059108878274
64,0.004880745496
65,0.0049820923296054025
66,0.004867550959257349
67,0.004984363431764585
68,0.004901475287947346
69,0.004991278369744435
70,0.004866222680248289
71,0.004993657055464926
72,0.004992764299802761
73,0.004898676229903537
74,0.0049945292058774975
75,0.00499710909165169
76,0.004995985180603661
77,0.004998848082656522
78,0.004872185773903856
79,0.004876041189241255
80,0.005021412878415971
81,0.004891848656859609
82,0.00502906934771947
83,0.004883764980079681
84,0.005026378134353176
85,0.004875683528866934
86,0.005034853966155475
87,0.004901621774580335
88,0.005039152443890273
89,0.004861132392228295
90,0.004875104376410024
91,0.004880147990751076
92,0.0050342257906938245
93,0.005030902416448231
94,0.004869546234676007
95,0.005033817392021102
96,0.004862650810753147
97,0.005041456014790468
98,0.005042377491911074
99,0.005042912054231718
100,0.004877115085932526
