1,0.004949582909949519
2,0.004899490984531098
3,0.005075854791216103
4,0.004798155428407546
5,0.004727786400373019
6,0.004611644446860954
7,0.005271632376021799
8,0.0045417093650950875
9,0.005134027781999783
10,0.004525257269291435
11,0.004500946469282013
12,0.0044939758863670074
13,0.004429752910910629
14,0.0051947603139396005
15,0.004373358559006069
16,0.004391362751433512
17,0.00519083270130304
18,0.004337576417548897
19,0.00441544889648167
20,0.004448412520914669
21,0.004861700693240901
22,0.004530113338480842
23,0.004544157314832721
24,0.004634255414769354
25,0.0047435329088029565
26,0.004581162842892768
27,0.00472380547739181
28,0.0049357460345886206
29,0.00504169430048734
30,0.004911828773634179
31,0.005161431733561059
32,0.004755824751088985
33,0.005349329803086747
34,0.005400442869965219
35,0.005177556694426649
36,0.005612365323336457
37,0.006071313599441554
38,0.006097309262171736
39,0.005918836107983352
40,0.005563585292096221
41,0.005496058616447986
42,0.006241545426388603
43,0.006250628816714935
44,0.005582394824196161
45,0.0062876482058902205
46,0.006306350670437879
47,0.00568220152024997
48,0.006318756415465269
49,0.006372756579225725
50,0.006071381281281282
51,0.006497594258783205
52,0.006548055550329257
53,0.006592633400165929
54,0.006620003023997779
55,0.006414290570116185
56,0.006652477296479648
57,0.0061320018342821015
58,0.006703933333333335
59,0.006107390226978959
60,0.0067448187850257775
61,0.006041593010887248
62,0.00677261488764045
63,0.0067762215329492765
64,0.006804755609262589
65,0.006807419998855511
66,0.005960432225237448
67,0.005911554442244225
68,0.006829511059346332
69,0.00704866675892207
70,0.007366012973760934
71,0.007385998116674322
72,0.00734879818014987
73,0.007492068324365873
74,0.007415845051801451
75,0.007460610066491417
76,0.007442154912091302
77,0.007111069958726415
78,0.007488058268573206
79,0.007499777456602602
80,0.007048055326820192
81,0.007541508638702635
82,0.007553529444357735
83,0.0068790814883323845
84,0.006852195870722432
85,0.00685724095865194
86,0.007666304594890805
87,0.007726085682290834
88,0.006955691122434333
89,0.007790552486187845
90,0.007766562699171448
91,0.007820780984085743
92,0.007627230782528772
93,0.007822865879652403
94,0.007708728389423077
95,0.007745929274402068
96,0.00777857791618545
97,0.007787395671065338
98,0.007652381967477054
99,0.007812955147058823
100,0.007847980369589884
