1,0.004601525156327543
2,0.0052232323071718535
3,0.004731558826720396
4,0.004750908950554995
5,0.005971227085804666
6,0.00556796472769409
7,0.006503897058022337
8,0.006073969801536491
9,0.006802105684736092
10,0.007443886790366184
11,0.007518938557871811
12,0.006848800687837339
13,0.007762538989866495
14,0.00734670963099066
15,0.008347312273948077
16,0.00865769178488059
17,0.008993926014020751
18,0.008857213988082516
19,0.008461481254992607
20,0.00902577593457944
21,0.009626287137176939
22,0.009764182542236525
23,0.010460347018794556
24,0.010070726532106253
25,0.010904966746139872
26,0.011152638850574713
27,0.011295748883741632
28,0.010826051410974244
29,0.01233425691067315
30,0.013361724720550302
31,0.014351701807228915
32,0.01527103709354677
33,0.016316906466876974
34,0.01688105536
35,0.017451309254362772
36,0.01778639157561817
37,0.017949122561659193
38,0.018189288007790766
39,0.018606973970671174
40,0.018948377698048222
41,0.019632059427414687
42,0.019878575350877194
43,0.020231232277710107
44,0.020515658602466236
45,0.020667701461632156
46,0.021125348704573995
47,0.021601056728911786
48,0.021780492236230922
49,0.021874446607482556
50,0.022341930337443222
51,0.02263024739906264
52,0.02295044453480807
53,0.02342587336480108
54,0.02360372193911317
55,0.023891366084193802
56,0.024354306278613475
57,0.024675487404580154
58,0.024800519113573404
59,0.025205661888586958
60,0.025600020770877946
61,0.02567289033496162
62,0.026072171250914405
63,0.026390581359011626
64,0.026754552375730992
65,0.027124557558552167
66,0.027612134367903097
67,0.027755574468864463
68,0.028063515759637184
69,0.028372466517524234
70,0.028914351479514412
71,0.029156645023510973
72,0.02951557480650155
73,0.029793652071486595
74,0.030157097344771237
75,0.030412218116520347
76,0.030818756343906514
77,0.031216456584197926
78,0.03150623927378965
79,0.03173925243704306
80,0.03237028942225998
81,0.03265792789559543
82,0.030606400757575765
83,0.03099234746621622
84,0.030974197454843998
85,0.031129776766417285
86,0.03148841048321049
87,0.0316576904
88,0.03190346541322315
89,0.03227653013980263
90,0.03256329695540309
91,0.032580737169650466
92,0.033133971113989635
93,0.033209344833625226
94,0.03346580890119251
95,0.03363709226943942
96,0.03380399611650486
97,0.03424596359610274
98,0.034444875
99,0.03488371945701357
100,0.0350744286367795
