1,0.0029868428530588913
2,0.003388320336422932
3,0.0030534188744932816
4,0.0030261814854788066
5,0.003016237238413147
6,0.003016650885801682
7,0.0030289437903327854
8,0.003002551466485851
9,0.00305024359209815
10,0.00304067617624653
11,0.003073384184438792
12,0.0030085890299801784
13,0.003022613804767023
14,0.00300415444736168
15,0.003000539901030095
16,0.003055957564315884
17,0.003001087162162162
18,0.0030899384454860664
19,0.0030007866490909963
20,0.0034241262095609476
21,0.003073337149631006
22,0.0031775344916572393
23,0.0030335896145943586
24,0.0030090310235374547
25,0.0030257609475067195
26,0.003038455264043569
27,0.0030225477758465307
28,0.0030544295975712156
29,0.0030428505422030565
30,0.003043827068014802
31,0.0030593793633440516
32,0.0030628659273328365
33,0.0030551415531683613
34,0.0031023503757924317
35,0.0029980040740048585
36,0.003016531586239524
37,0.0033644224323568475
38,0.003045631335756353
39,0.003025422871226124
40,0.0030462785397261985
41,0.00305226037610713
42,0.0030375663139608337
43,0.0031043647214418686
44,0.0029891756198600706
45,0.003000702855799373
46,0.0030384279892219607
47,0.003001375643449622
48,0.002975830560192914
49,0.0029668601505745624
50,0.003017642652080435
51,0.0030105528481212504
52,0.0030402323667711594
53,0.003027878296159008
54,0.003003626090275764
55,0.0029953240557275542
56,0.0030188358016434167
57,0.003151027661817354
58,0.003214286384727562
59,0.0033741039280283836
60,0.0031012291256896267
61,0.002999517189089522
62,0.003108538769734882
63,0.0031117363431301007
64,0.0031657727656322684
65,0.003017374814072045
66,0.003070008695764631
67,0.003364190277879342
68,0.0030260823135879454
69,0.003106536381298172
70,0.0030277892583957223
71,0.00304908068877551
72,0.0030312683177110135
73,0.003050864125531641
74,0.003122930380602409
75,0.003120799208770257
76,0.0030790837641098
77,0.0031012614073053974
78,0.003224088145155905
79,0.0033557383123617255
80,0.003369862376031625
81,0.0033906314125712734
82,0.003417320878143111
83,0.0034206629056099105
84,0.0034277653051146386
85,0.0034419190395360345
86,0.003442453647050492
87,0.003447920910187287
88,0.0034500205838482846
89,0.0034627521029369835
90,0.0034730985759267217
91,0.0034765228896220324
92,0.0034946408691898115
93,0.0035137215627917837
94,0.00352891534165095
95,0.0035286020742997773
96,0.0035468199191685057
97,0.0035675327036901717
98,0.003580192813276795
99,0.0035804481946984878
100,0.0036063002169117644
