1,0.0029832837346311473
2,0.0030419032189939843
3,0.00301630916310965
4,0.0030416899211019852
5,0.00298254646761716
6,0.0030240945975744398
7,0.003409060030589742
8,0.0030043303995747877
9,0.0030276978672676203
10,0.0031408771669692694
11,0.003055892079047804
12,0.003024515784804512
13,0.0030992931122418607
14,0.0030183463330155703
15,0.0030541294404134783
16,0.0030002719922789696
17,0.0029952313700787403
18,0.0029982764429875306
19,0.0029997055028107436
20,0.0031373785549645883
21,0.003078499400182553
22,0.0029974911021892797
23,0.003042819541727579
24,0.0030948269734023073
25,0.0030353423427500158
26,0.003004433682166667
27,0.003031855170372319
28,0.003007611134505869
29,0.003110128682170542
30,0.0030180753836398224
31,0.0029805265088091964
32,0.0030873193373079245
33,0.003041131812032981
34,0.003076686814210459
35,0.003048841047171651
36,0.0030127188681680324
37,0.0030548508979512446
38,0.003060237644623067
39,0.0030163341015625005
40,0.0031140575059717033
41,0.0030541775592599052
42,0.003061661168172256
43,0.0030785175814911957
44,0.003059483066817066
45,0.003036303716196164
46,0.003032661847684368
47,0.0030622742179174226
48,0.0034621351439378016
49,0.002964844751643288
50,0.0030549462690387815
51,0.0030850017940498233
52,0.003090163802746471
53,0.00301017312460379
54,0.003048951453507235
55,0.0030509468025263988
56,0.00306307983242127
57,0.0030067235930682
58,0.0030628535246627945
59,0.003052893879203626
60,0.003038350896401588
61,0.0030836878553231434
62,0.003049984155231561
63,0.0030554457682078567
64,0.0030468134860466636
65,0.0030666463560885607
66,0.0035361316284779052
67,0.0030654170192085076
68,0.0029864464435900295
69,0.0030319558217104356
70,0.0030287942128169546
71,0.002995367966715366
72,0.002976922138084633
73,0.0030626923161060976
74,0.0030105055320808686
75,0.0030534489958077412
76,0.0030201554262326534
77,0.003026441878644111
78,0.0031110403963811504
79,0.003129552925054813
80,0.0030362077968305065
81,0.003040620711930916
82,0.0030224400516462233
83,0.0030438314044698997
84,0.0030391779310124153
85,0.003007151891296364
86,0.0030547224131951545
87,0.0030210231131193514
88,0.003057169419446187
89,0.003072805718607196
90,0.002996659967198911
91,0.0030497825982489634
92,0.00301399853013834
93,0.0030813726953684392
94,0.00302317635579687
95,0.0030028272013176236
96,0.0030408187796633315
97,0.0030587832291377177
98,0.003047165429638066
99,0.0030539415536374845
100,0.003368296081820801
