1,0.0030363132940802035
2,0.003053683317310773
3,0.003026690386691218
4,0.0030549944069367227
5,0.0029946808689803013
6,0.002984841357717792
7,0.00299794129805224
8,0.00301332001168376
9,0.003044292442951693
10,0.002980386208972329
11,0.0029911702763005077
12,0.0031143409119157536
13,0.0030350298748865554
14,0.0030229548747735925
15,0.0030140870301920797
16,0.0029945284475137437
17,0.0029637945450638513
18,0.003081638705666797
19,0.0029783931875796985
20,0.002969278729383018
21,0.0030820786874300762
22,0.0030202904637573044
23,0.002985676899725187
24,0.0029995238078848563
25,0.0031298602201459105
26,0.003198148858608206
27,0.0031247670576735093
28,0.003004994779037935
29,0.0030127196155000776
30,0.0030302073840182365
31,0.00313437814221989
32,0.003027090846298941
33,0.0032058973616260595
34,0.003366839348232201
35,0.0034086422888187874
36,0.0034334169066533994
37,0.0034485605495640204
38,0.003465586093822038
39,0.0035099522782808677
40,0.003544522451535028
41,0.0035824898060376263
42,0.003582155645638537
43,0.0035936733190781657
44,0.0037963052505488107
45,0.003954086222722895
46,0.003981445590168243
47,0.00400516401138922
48,0.004074126991530819
49,0.004119887185887835
50,0.004150986269343371
51,0.004177130701901331
52,0.004206223017676768
53,0.004201129787234043
54,0.004263655989472792
55,0.0043826173676680975
56,0.0045845593643795346
57,0.004580565689346464
58,0.004668172498364945
59,0.004709071910217881
60,0.004687879027332417
61,0.004713221871175031
62,0.004756316438777078
63,0.004775787068699938
64,0.004810256013345748
65,0.00489002472873474
66,0.005044687844311378
67,0.005133116782464847
68,0.005244696413304141
69,0.0052804685438413365
70,0.005322575047348485
71,0.005205813853423976
72,0.005204305785465982
73,0.005228723774550255
74,0.005238994012223323
75,0.005252419741636304
76,0.005277394898468709
77,0.00536742519905133
78,0.005471002541493776
79,0.00554176243637002
80,0.005559522833538407
81,0.005616943117803366
82,0.005689757164902998
83,0.0056910478151411615
84,0.005690763906868033
85,0.005722844172388869
86,0.00572833006500542
87,0.005743986141304348
88,0.005790239598906108
89,0.00589945090299758
90,0.005913232656860921
91,0.005952810005621136
92,0.0059803500563591966
93,0.006019258913412563
94,0.006063456918238994
95,0.0060854468032159265
96,0.006119026056067587
97,0.006134803563196311
98,0.006158982976878612
99,0.00620243660472319
100,0.006260661736491777
