1,0.0030539698094165925
2,0.003032016726641414
3,0.003044751670751851
4,0.0030510403875918996
5,0.0030132410230309203
6,0.0030179836386669263
7,0.003050730100388601
8,0.0030323565050530896
9,0.0030339442373326334
10,0.0030820865655363868
11,0.0030078886965117014
12,0.0030566748317887526
13,0.003053026033432681
14,0.003044878340087477
15,0.003065129734162509
16,0.003047333785697252
17,0.0030504327604938277
18,0.0030410966645748353
19,0.0031058956904363665
20,0.0030545055451605663
21,0.003009486161026097
22,0.0033516654014513108
23,0.0030063535626617126
24,0.0030199001673747914
25,0.0030386555623358588
26,0.0030513200996888693
27,0.003049347413261232
28,0.003071418684092798
29,0.0030210270008251194
30,0.003034350158589191
31,0.0029874145798793024
32,0.003042839194822973
33,0.003059038883560292
34,0.003010784706703911
35,0.0033712327124183006
36,0.003035215722208057
37,0.0029979112507755893
38,0.003023846529945774
39,0.003054330185758514
40,0.003041674010731053
41,0.003074075551721893
42,0.0030471712991718427
43,0.0030883661942000653
44,0.0030603352239415224
45,0.0030228419292871954
46,0.0029876645212896873
47,0.00303292775724175
48,0.0030649876034101677
49,0.0030132291419227215
50,0.0030268713679684096
51,0.0030198641868955356
52,0.003067700225239124
53,0.0030774503754331926
54,0.003073125244786368
55,0.0030601116160000326
56,0.003020491477129139
57,0.0030524403566298173
58,0.0029990414855862032
59,0.003035309283870968
60,0.0030239029599434955
61,0.0030605206317138073
62,0.0030275738876258526
63,0.003053867082521909
64,0.0030375168144766876
65,0.0030761575714847843
66,0.0030196047016964227
67,0.002978931431269802
68,0.003033955365212113
69,0.003086667828178895
70,0.003030129210342418
71,0.0030582217699612643
72,0.0029962408692262715
73,0.0029970177486359126
74,0.0030478433431141753
75,0.0030328760682680153
76,0.0030539887478594104
77,0.0030278454610803036
78,0.003047392664752529
79,0.0030432077224378795
80,0.0030152788768688663
81,0.003045684751979341
82,0.0030679297417977093
83,0.0030381860187278006
84,0.0030838424304548036
85,0.0030791427538370717
86,0.00298964330574335
87,0.0029976706368512983
88,0.003065777586531405
89,0.003057719354510973
90,0.0030426816493313523
91,0.0030241435461746116
92,0.0030516960897877398
93,0.0030308882828727884
94,0.0030678133924224374
95,0.003033388670233092
96,0.0029965440150651985
97,0.003048303338714885
98,0.0030852461578979983
99,0.0030226203122945433
100,0.003066415585085795
