1,0.003616049434596577
2,0.002665947779474995
3,0.0035602483019450447
4,0.0036032545860358645
5,0.003553609262573533
6,0.003592953796885786
7,0.003286287803702939
8,0.0027210530591022016
9,0.0032560381647913895
10,0.00270588490640611
11,0.0032777748396793298
12,0.003521908512538135
13,0.003529112065061514
14,0.003280092617652999
15,0.003597319495900395
16,0.003513420917759237
17,0.0034986740866290024
18,0.00329373283612311
19,0.003281844011123169
20,0.0031824326002544024
21,0.002728049458941537
22,0.002717968211639613
23,0.002701540434462027
24,0.003294372519398476
25,0.003280834366809215
26,0.0033019980214948706
27,0.002747351445103181
28,0.0033133496227610412
29,0.003621794545345889
30,0.0032788577319238328
31,0.003619856366335054
32,0.0036129843768791347
33,0.003604507460269639
34,0.003322342762170276
35,0.0033161381519396555
36,0.003621816597404941
37,0.0032744976915622622
38,0.0035659759204433312
39,0.003227865908299074
40,0.0028298150011486336
41,0.003577289042307692
42,0.002845221850544278
43,0.002856244253788549
44,0.003296964616287905
45,0.0028771662832965854
46,0.0032687475159541616
47,0.0033214102926657266
48,0.0029057141060950787
49,0.00290397342483032
50,0.0032884306843218723
51,0.0035032585460137993
52,0.003564128717332532
53,0.0035827300586845517
54,0.003337434506411141
55,0.0029953652650372463
56,0.003309229663522455
57,0.0030036596306958967
58,0.0033028743609800604
59,0.0036245432636425384
60,0.0033437192196531795
61,0.003371570721505751
62,0.003396782911081479
63,0.003412899515381374
64,0.0035888846631664567
65,0.0034269823323923782
66,0.0036566753772606844
67,0.0035791189333490244
68,0.0034550899878597447
69,0.003474255556749785
70,0.003474156931793732
71,0.003572905859643758
72,0.0035056020050761422
73,0.0035178397399859454
74,0.0035289875227554075
75,0.0035423554302605647
76,0.003543116201708903
77,0.003550106813750008
78,0.0035931546733111853
79,0.0038504777279224902
80,0.003880100142008779
81,0.003914380192357681
82,0.003948095216535434
83,0.003974798339196595
84,0.0039740309149684915
85,0.003982585582695946
86,0.004005325193511199
87,0.004017241962492684
88,0.004035673563696919
89,0.004058162710022569
90,0.004072657916108507
91,0.00408636666386484
92,0.004095314006414905
93,0.0041153487722555065
94,0.004124825187290409
95,0.004148717697218039
96,0.00417428703497121
97,0.004180349744738829
98,0.0042673093622162235
99,0.004426318186508497
100,0.004487433583703592
