1,1.9051131666666665
2,3.18784775
3,4.430816333333333
4,5.72853
5,6.878027
6,8.1355855
7,9.40542
8,10.647827
9,11.930096
10,13.254373
11,14.534648
12,15.79961
13,17.135348
14,18.410507
15,19.481913
16,20.960782
17,22.180375
18,23.549437
19,24.855387
20,26.026379
21,27.333573
22,28.61555
23,29.921328
24,31.256242000000004
25,32.504182
26,33.647347
27,35.081743
28,36.290547
29,37.612846
30,38.807303
31,40.157552
32,41.510123
33,42.711808
34,44.040921
35,45.370033
36,46.548882
37,47.851017
38,49.161952
39,50.439991
40,51.786576
41,52.924807
42,54.407117
43,55.654381
44,56.917574
45,57.404264
46,59.557486
47,58.408497
48,62.111121
49,63.291613999999996
50,64.676248
51,65.946272
52,67.120725
53,68.558029
54,69.767262
55,69.731198
56,72.371219
57,68.689735
58,74.876015
59,76.207263
60,66.943558
61,78.776802
62,73.759036
63,81.339171
64,79.260183
65,83.935327
66,85.298982
67,86.599186
68,87.804395
69,77.426948
70,90.346431
71,85.941092
72,89.960557
73,94.135126
74,95.980866
75,95.174269
76,95.196148
77,99.457477
78,100.619922
79,101.921587
80,98.461575
81,85.80452
82,101.652605
83,106.962236
84,101.598788
85,82.151661
86,86.409793
87,109.717236
88,100.381425
89,111.228089
90,93.634747
91,94.528574
92,111.484716
93,114.559489
94,117.196605
95,122.589843
96,123.991072
97,125.104091
98,126.434985
99,104.666046
100,93.089525
101,130.330501
102,131.550768
103,96.180802
104,129.65201
105,107.055825
106,103.018096
107,122.953873
108,139.365515
109,129.029743
110,122.218676
111,110.753318
112,124.001338
113,135.161774
114,139.49804
115,107.180004
116,133.81043
117,111.127057
118,110.07395
119,112.172037
120,138.411293
121,135.255914
122,113.932919
123,119.437835
124,140.157227
125,116.293344
126,126.015348
127,120.875598
128,146.126423
