1,1.699759166666667
2,2.1990628
3,2.70061625
4,3.344956
5,3.935079
6,4.377494666666666
7,5.1508995
8,5.6405615
9,6.0816445
10,6.6845775
11,7.276707
12,7.8188225
13,8.4360355
14,9.026787
15,9.4632195
16,10.050447
17,10.684972
18,11.244068
19,11.904013
20,12.457114
21,12.940664
22,13.577498
23,14.168786
24,14.747992
25,15.342924
26,15.851061
27,16.414753
28,16.915128
29,17.718485
30,18.239489
31,18.72888
32,19.312749
33,19.905863
34,20.425389
35,21.093207
36,21.732521
37,22.187075
38,22.799208
39,23.437643
40,24.050078
41,24.753412
42,25.291063
43,25.770109
44,26.383621
45,26.86443
46,27.525823
47,28.164133
48,28.768397
49,29.231058
50,29.768836
51,30.386573
52,31.072782
53,31.586753
54,32.156222
55,32.710972
56,33.280743
57,33.932388
58,34.538252
59,35.124245
60,35.712785
61,36.166362
62,36.73488
63,37.471164
64,38.088255
65,38.564493
66,39.094233
67,39.732249
68,40.25216
69,41.060129
70,41.610168
71,42.209792
72,42.683661
73,43.231468
74,43.892081
75,44.483048
76,45.020337
77,45.56703
78,46.118253
79,46.744203
80,47.38115
81,48.015588
82,48.515081
83,49.131433
84,49.612662
85,50.183331
86,50.99482
87,51.504189
88,52.026335
89,52.115246
90,53.136655
91,53.910034
92,54.508151
93,55.059565
94,55.617401
95,56.157132
96,56.774878
97,57.399003
98,58.001183
99,58.52042
100,59.033672
101,59.913418
102,58.206793
103,60.872505
104,61.447359
105,62.075782
106,62.64024
107,63.183356999999994
108,63.85302500000001
109,61.309963
110,65.200314
111,65.701421
112,66.452628
113,66.567569
114,67.530183
115,68.013473
116,68.777963
117,69.300878
118,69.864175
119,70.395076
120,67.681648
121,71.524139
122,65.649573
123,64.053879
124,73.297382
125,73.796069
126,74.410369
127,74.968909
128,68.254386
