1,1.188779
2,1.2221447777777779
3,1.244329
4,1.26587875
5,1.29370725
6,1.33655
7,1.38666975
8,1.396354375
9,1.4646315714285714
10,1.5237528571428571
11,1.577831857142857
12,1.5901104285714287
13,1.654333142857143
14,1.7027166666666669
15,1.7434351666666665
16,1.7730641666666667
17,1.8258481666666666
18,1.9748700000000001
19,2.0100316
20,2.0526036000000003
21,2.0871207999999997
22,2.1404032
23,2.1915638
24,2.2232664
25,2.2837746
26,2.4034297999999996
27,2.4350256000000003
28,2.4919946
29,2.53984825
30,2.57972575
31,2.610726
32,2.665523
33,2.7193325
34,2.7470595
35,3.05693375
36,3.12414625
37,3.16629125
38,3.20480525
39,3.24281175
40,3.2789905
41,3.34158
42,3.361457333333333
43,3.508457333333334
44,3.591045666666667
45,3.6373143333333338
46,3.7064676666666667
47,3.7379993333333332
48,3.777869
49,3.8211776666666664
50,3.8601850000000004
51,3.9079910000000004
52,4.142807333333333
53,4.183123333333333
54,4.208818333333333
55,4.277503666666666
56,4.34397
57,4.392629
58,4.4236086666666665
59,4.472061999999999
60,4.63628
61,4.666183666666667
62,4.726619666666667
63,4.774798333333333
64,4.805109333333333
65,4.836661666666666
66,4.921583
67,4.963913333333333
68,4.9956206666666665
69,5.4373895
70,5.4685555
71,5.524682
72,5.550895
73,5.602469
74,5.6385405
75,5.6879065
76,5.7109875
77,5.900261
78,5.946791
79,5.9599235
80,6.022744
81,6.0779295
82,6.1237045
83,6.160341
84,6.2146515
85,6.23814
86,6.466878
87,6.5017285
88,6.606163
89,6.6256775
90,6.6700035
91,6.7260755
92,6.7843595
93,6.829592
94,6.952694
95,7.0201095
96,7.057236
97,7.0928795
98,7.1453305
99,7.2060975
100,7.245996
101,7.278503
102,7.3049855
103,7.7354725
104,7.7612975
105,7.8200045
106,7.867536499999999
107,7.883214500000001
108,7.9042435
109,7.9761225
110,8.025542
111,8.1799345
112,8.2281655
113,8.264606
114,8.350434
115,15.498934
116,8.4568065
117,8.478169
118,8.5088445
119,8.5390675
120,8.8052965
121,8.8751595
122,8.9024235
123,8.93042
124,8.9641935
125,9.0404225
126,9.059255
127,9.119199
128,9.306662
