1,2.0289610000000002
2,3.08637825
3,3.947394333333334
4,5.027339
5,5.9183675
6,6.861037
7,7.784226
8,8.7713085
9,9.733397
10,10.669682
11,11.69768
12,12.695897
13,13.569683
14,14.45945
15,15.421901
16,16.440271
17,17.31693
18,18.307579
19,19.314198
20,20.246379
21,21.148285
22,22.139744
23,23.150476
24,24.041988
25,25.06418
26,26.071931
27,26.93897
28,27.938108
29,28.855753
30,29.852889
31,30.730343
32,31.709376999999996
33,32.679624
34,33.626097
35,34.704232
36,35.623217
37,36.617077
38,37.579134
39,38.487857
40,39.454089
41,41.394401
42,41.401237
43,42.279459
44,43.35423
45,44.313085
46,45.310574
47,46.317728
48,47.181434
49,48.189724
50,49.160574
51,50.154129
52,51.090943
53,52.111558
54,53.079905
55,54.021502
56,54.842074
57,55.978412
58,56.946749
59,58.003385
60,58.923625
61,59.951638
62,60.97148
63,61.913494
64,61.5632
65,63.813447
66,64.791749
67,65.761679
68,64.645386
69,67.73303
70,68.690738
71,69.716583
72,70.474926
73,64.302943
74,72.52959
75,73.542666
76,74.530289
77,68.75706
78,76.441531
79,77.481019
80,78.225124
81,76.376509
82,80.344863
83,81.293011
84,77.909077
85,83.160277
86,84.189639
87,85.22054
88,72.073814
89,87.067678
90,88.056164
91,89.114501
92,90.014189
93,90.961557
94,92.187634
95,83.175576
96,93.95133
97,95.126747
98,96.035525
99,75.222872
100,96.391874
101,99.00962
102,100.024684
103,100.976728
104,101.813339
105,102.881011
106,98.271552
107,88.841355
108,99.501127
109,93.737995
110,107.571527
111,92.145804
112,109.398082
113,104.608038
114,95.292473
115,92.366656
116,113.514113
117,104.622585
118,109.689699
119,108.829713
120,117.019551
121,109.509352
122,90.154204
123,120.118247
124,87.077106
125,122.098623
126,113.161493
127,101.207433
128,110.877177
