1,1.1985780000000001
2,1.53413
3,1.8962183333333333
4,2.1765589999999997
5,2.52396225
6,2.84674575
7,3.17302825
8,3.4978826666666665
9,3.8469366666666667
10,4.179817333333334
11,4.506762999999999
12,4.851415666666667
13,5.1791615
14,5.517252
15,5.841309
16,6.1655875
17,6.5071405
18,6.9073385
19,7.255518
20,7.567773
21,7.9026965
22,8.235711
23,8.6121735
24,8.9400615
25,9.272884
26,9.6351245
27,9.972823
28,10.310112
29,10.647978
30,10.996355
31,11.325219
32,11.660399
33,12.004105
34,12.339634
35,12.857123
36,13.230032
37,13.552988
38,13.875875
39,14.208605
40,14.552665
41,14.889756
42,15.240742
43,15.590541
44,15.922559
45,16.260315
46,16.639687
47,16.978458
48,17.340224
49,17.640332
50,17.976882
51,18.319381
52,18.778556
53,19.111461
54,19.449728
55,19.789969
56,20.113674
57,20.49132
58,20.821937
59,21.176069
60,21.544582
61,21.885212
62,22.22459
63,22.552761
64,22.894199
65,23.213228
66,23.582549
67,23.903913
68,24.249757
69,24.863465
70,25.181114
71,25.526539
72,25.850912
73,26.201238
74,26.540019
75,26.908178
76,27.246411
77,27.604246
78,27.937243
79,28.272163
80,28.638659
81,28.991556
82,29.309842
83,29.667757
84,29.993575
85,30.310597
86,30.7086
87,31.062922
88,31.386024
89,31.72959
90,32.045605
91,32.471073
92,32.811144
93,33.173834
94,33.529695
95,33.871118
96,34.205217
97,34.52539
98,34.874868
99,35.217843
100,35.547125
101,35.895298
102,36.22679
103,36.769101
104,37.151867
105,37.514581
106,37.833501
107,38.200501
108,38.489319
109,38.845994
110,39.19092
111,39.546972
112,39.853997
113,40.1967
114,40.577392
115,40.950559
116,41.2989
117,41.614507
118,41.945467
119,42.265294
120,42.686812
121,43.034694
122,43.425987
123,43.713564
124,44.060637
125,44.432076
126,44.783471
127,45.139547
128,45.518273
