1,1.0006676
2,1.1761736666666667
3,1.345710375
4,1.4794524285714286
5,1.6519102857142856
6,1.7959126666666665
7,1.9649061666666667
8,2.1050956
9,2.2870416
10,2.4561104
11,2.69696225
12,2.860216
13,2.9942445
14,3.22069975
15,3.3913626666666663
16,3.436663
17,3.661011333333333
18,3.9038646666666668
19,3.9597243333333334
20,4.223302666666666
21,4.352667666666666
22,4.591395666666667
23,4.754785999999999
24,4.826251666666667
25,5.0688845
26,5.2696245
27,5.323087
28,5.5702185
29,5.734661
30,5.9380995
31,6.039032
32,6.215772
33,6.4128775
34,6.5749775
35,6.806735
36,7.0287945
37,7.2104065
38,7.270013
39,7.4844975
40,7.6556675
41,7.881853500000001
42,8.0172485
43,8.144822
44,8.3766365
45,8.554654
46,8.654473
47,8.88669
48,9.050944
49,9.232169
50,9.339159
51,9.499598
52,9.825672
53,10.001129
54,10.079169
55,10.299039
56,10.508868
57,10.603048
58,10.802677
59,10.991715
60,11.228264
61,11.361571
62,11.48808
63,11.709729
64,11.898529
65,11.97495
66,12.212143
67,12.341129
68,12.415512
69,12.86948
70,13.017472
71,13.219832
72,13.435123
73,13.506784
74,13.693032
75,13.901561
76,13.976521
77,14.194655
78,14.412825
79,14.571508
80,14.757114
81,14.862946
82,15.083313
83,15.244166
84,15.365076
85,15.539169
86,15.866210999999998
87,15.95658
88,16.14816
89,17.870174
90,16.525248
91,16.72076
92,16.855166
93,17.023818
94,17.287898
95,17.362282
96,17.547868
97,17.743809
98,17.910885
99,18.047474
100,18.200163
101,18.405964
102,18.547838
103,18.902858
104,19.080755
105,19.249624
106,19.37276
107,19.534733
108,19.73622
109,19.922245
110,20.078083
111,20.245516
112,20.461674
113,20.695058
114,20.7872
115,20.956612
116,21.155349
117,21.255979
118,22.801699
119,21.594595
120,21.885519
121,22.124734
122,22.26439
123,22.397393
124,22.592629
125,22.710965
126,22.884053
127,23.104536
128,23.280012
