1,1.5535962857142858
2,2.1269243999999996
3,2.6337945
4,3.244367
5,3.756940666666667
6,4.228108000000001
7,4.871925
8,5.4145345
9,5.831008
10,6.4380935
11,7.023346
12,7.484706
13,8.0694415
14,8.647773
15,9.081085
16,9.7195165
17,10.268431
18,10.745341
19,11.349469
20,11.908068
21,12.408088
22,12.975718
23,13.471183
24,14.076336
25,14.607635
26,15.114491
27,15.712964999999999
28,16.244373
29,16.800479
30,17.337841
31,17.870548
32,18.430978
33,19.012254
34,19.529105
35,20.20745
36,20.796982
37,21.337894
38,21.886978
39,22.422027
40,22.980287
41,23.514717
42,24.085003
43,24.575688
44,25.128018
45,25.770427
46,26.274527
47,26.842549
48,27.443317
49,27.963158
50,28.479309
51,29.074769
52,29.68317
53,30.228453
54,30.753025
55,31.338103999999998
56,31.850605000000005
57,32.417033
58,32.971844
59,33.504815
60,34.091599
61,34.643807
62,35.188475
63,35.743156
64,36.307061
65,36.852629
66,37.348141
67,37.935719
68,38.454132
69,39.182685
70,39.736308
71,40.365734
72,40.849764
73,41.394812
74,41.986855
75,42.459506
76,43.018675
77,43.600515
78,44.12901
79,44.709477
80,45.28987
81,45.830629
82,46.412462
83,46.901604
84,47.523871
85,48.086799
86,48.676901
87,49.241089
88,49.755366
89,49.722126
90,50.853575
91,51.473195
92,52.054467
93,52.52927
94,53.09414
95,53.728709
96,54.269668
97,54.81622
98,55.363451
99,55.902055
100,55.481022
101,56.978373
102,57.584986
103,58.203352
104,58.734794
105,59.363979
106,59.897752
107,60.438954
108,61.021735
109,61.591206
110,62.143038
111,62.75042
112,63.209401
113,63.789024
114,64.336378
115,62.26525
116,65.490692
117,60.260562
118,66.553327
119,66.85815
120,66.397593
121,68.18347
122,68.753967
123,62.250101
124,69.854106
125,70.430688
126,70.739493
127,71.577009
128,63.858777
