1,0.0038011936647860834
2,0.013007025617615468
3,0.02205618953709575
4,0.028716167044595616
5,0.034698502344454464
6,0.04182805541795666
7,0.04895842008343265
8,0.05714157780026991
9,0.06887755960591131
10,0.0754658876736111
11,0.08535038619047619
12,0.08725417539525693
13,0.0924761354297694
14,0.09989528102678571
15,0.10453091862068967
16,0.11632792827763497
17,0.12482965274725276
18,0.1325494835755814
19,0.1453090620634921
20,0.15256794013157893
21,0.15691834141414143
22,0.17196443370370368
23,0.1808724116731518
24,0.18985851536885245
25,0.19182721219008264
26,0.19481887280334728
27,0.1857662512
28,0.1987777555084746
29,0.19845977118644068
30,0.22244555697115387
31,0.22611507733990144
32,0.23543291809045222
33,0.2338516086633663
34,0.23490928768844224
35,0.25301469679144384
36,0.26930198636363645
37,0.2804263834319526
38,0.2902317444099378
39,0.2903779239393939
40,0.28949700818181817
41,0.283766834939759
42,0.30041905949367087
43,0.318158332
44,0.32823133068965515
45,0.31139886928104576
46,0.319439775
47,0.33623748028169004
48,0.3333397647887324
49,0.3389179457142857
50,0.34621717810218977
51,0.35382747985074625
52,0.3612206071969697
53,0.36825551496062986
54,0.3934666880165289
55,0.38275262943548394
56,0.38675144590163935
57,0.3936848479338843
58,0.40073405966386555
59,0.425801695045045
60,0.4125639913793103
61,0.43576148148148147
62,0.42765874729729725
63,0.4350656086363636
64,0.44220789212962963
65,0.44913548915094337
66,0.47251640247524757
67,0.4595361689320388
68,0.48869521734693877
69,0.47635611199999994
70,0.4841620943877552
71,0.49180499205419864
72,0.4951280541237114
73,0.5263623018497331
74,0.5086240682795697
75,0.522289145652174
76,0.5297225588888889
77,0.5361514420454546
78,0.5434143323863636
79,0.5442281375
80,0.5782497298780487
81,0.5586448135294118
82,0.571133244047619
83,0.5803266670731707
84,0.5889048613342899
85,0.614910306122449
86,0.59377849375
87,0.6316520684210526
88,0.6190542714285715
89,0.6262739010416666
90,0.6314723993421052
91,0.6379057499999999
92,0.6650465680555556
93,0.6386906207026877
94,0.6781104985915494
95,0.665187732638889
96,0.6731897035211267
97,0.6820377366837389
98,0.6755059049295775
99,0.7215687595238094
100,0.692447679710145
101,0.7155441964285714
102,0.7218820121212121
103,0.7265413689393939
104,0.7330956999999999
105,0.724575768939394
106,0.7748188679487179
107,0.7365926898437499
108,0.7591562468253967
109,0.7660887841269841
110,0.7724900948717948
111,0.8102458161016949
112,0.7703964153846153
113,0.824472076724138
114,0.8023457328947369
115,0.8095774593220338
116,0.8168674986486487
117,0.8237430148648648
118,0.859903202857143
119,0.8187437689189189
120,0.8754208963636364
121,0.8491743660714285
122,0.8577069794642858
123,0.86509043
124,0.8539296392857144
125,0.9119471757575758
126,0.8678116
127,0.8947411838235294
128,0.9031220985294118
129,0.909348752458548
130,0.9159377848484849
131,0.9022467794117646
132,0.9636697419999998
133,0.9168240348484847
134,0.9468616671874999
135,0.9547788250000001
136,0.9620012549999999
137,1.0010621895833332
138,0.9529337828124999
139,1.0169903016666666
140,0.9923997645833335
141,0.9976194854166667
142,1.0037585050000002
143,1.0103542683333333
144,1.0526756622222222
145,1.0000476937500002
146,1.067432797777778
147,1.0431856000000002
148,1.051307505172414
149,1.0605393034482757
150,1.038237953448276
151,1.1129344075796728
152,1.0546303448275862
153,1.094855226785714
154,1.0988283910714283
155,1.102837
156,1.1076049360465117
157,1.0839973910714287
158,1.155256490934066
159,1.0973896767857139
160,1.1362661555555553
161,1.1451095222222223
162,1.153257619047619
163,1.1917616775
164,1.1356139185185188
165,1.212187614
166,1.1870444326923075
167,1.1944681787500002
168,1.20109826775
169,1.2074493259999999
170,1.2492369763157893
171,1.1847139615384616
172,1.2622585895833334
173,1.2399325739999998
174,1.2486153263157895
175,1.2559492687500002
176,1.2198208520000002
177,1.2995876625000002
178,1.233053076
179,1.2866393875000002
180,1.2940550645833333
181,1.3010248594594593
182,1.3076051434782607
183,1.2677686312500003
184,1.3534826391304349
185,1.28140169375
186,1.343160284782609
187,1.3516049021739127
188,1.3577116130434783
189,1.3913839749999999
190,1.3185079782608697
191,1.4031890295454545
192,1.3902478431818182
193,1.3943829113636366
194,1.4006702954545456
195,1.4057600409090911
196,1.4372404642857144
197,1.3648465542857144
198,1.4576892642857142
199,1.4368298595238094
200,1.4459017904761904
