1,0.023110058405029783
2,0.044097555798687085
3,0.07222090130932897
4,0.0922705132631579
5,0.11369353253768845
6,0.14523761884984024
7,0.17314891574074076
8,0.19353207907949788
9,0.2093878069506727
10,0.21808849624413146
11,0.26187563603351954
12,0.29030474754601227
13,0.28507785271084335
14,0.3217353918367347
15,0.3288946413194444
16,0.35214120970149243
17,0.39338350495867763
18,0.3942486223140496
19,0.41406276885964916
20,0.4577977142857143
21,0.45927665523809524
22,0.4781486339999999
23,0.5257051016304347
24,0.5302274355555557
25,0.5513955724137931
26,0.5978387062499999
27,0.600174039375
28,0.6242199961038961
29,0.6644720986111111
30,0.6652083131944445
31,0.6912536471014494
32,0.7460524734375001
33,0.735973412195122
34,0.757230015
35,0.8100616223316535
36,0.7852869688524591
37,0.8249791310344827
38,0.8786187845454544
39,0.8504457651785714
40,0.8924594264705882
41,0.949359621875
42,0.9173975621212119
43,0.9640979879999999
44,1.0196466616666666
45,0.9845175387096774
46,1.0303329467391305
47,1.0585226206896547
48,1.0548703931034484
49,1.1063349162790699
50,1.1241133314814815
51,1.1158919833333334
52,1.1775938615384616
53,1.200745297
54,1.1858514980769232
55,1.2506761299342106
56,1.27480058125
57,1.251193648135965
58,1.3460775108695653
59,1.3511132214285715
60,1.3190803173913042
61,1.4161411909090909
62,1.4158478386363638
63,1.3826616227272728
64,1.4881644171875
65,1.4922382214285714
66,1.4526120023809526
67,1.55799153
68,1.5607589075
69,1.516496315
70,1.6293251131578947
71,1.6300570131578946
72,1.6512262710526318
73,1.703225052777778
74,1.6995898166666665
75,1.7271258166666665
76,1.7731934117647061
77,1.7812419352941176
78,1.7965218941176475
79,1.841167523529412
80,1.853240282352941
81,1.8846416749999992
82,1.91467045
83,1.8259428117647059
84,1.9431626124999999
85,1.983419552083333
86,1.89199144375
87,2.0172210666666666
88,2.056490336666667
89,1.9627619624999997
90,2.0963825733333334
91,2.1243368400000002
92,2.024210583333333
93,2.1697438607142856
94,2.1915102678571428
95,2.0890800199999995
96,2.237413689285715
97,2.263673825
98,2.153397453571429
99,2.3127853653846158
100,2.3407735653846156
101,2.2192205428571428
102,2.3886468499999998
103,2.4163721230769233
104,2.286627871428572
105,2.44999425
106,2.4952724999999996
107,2.3547149076923075
108,2.5217674708333337
109,2.5702486875
110,2.4202546038461543
111,2.5890212708333338
112,2.644326266666667
113,2.4886479763157894
114,2.6638519041666666
115,2.7243629852941176
116,2.743792909090909
117,2.7282696500000005
118,2.802349195454546
119,2.8272067545454544
120,2.7996752909090907
121,2.878677240909091
122,2.9050963227272733
123,2.873085322727273
124,2.9569254363636364
125,2.9857706772727273
126,2.945562927272727
127,2.792127431818181
128,3.059629825
129,3.01337784
130,2.862683172727272
131,3.1386996449999995
132,3.0850269300000006
133,2.9244658136363633
134,3.2244417999999997
135,3.1564580200000005
136,2.99213995625
137,3.3028334500000005
138,3.228485815
139,3.05970809
140,3.388593361111111
141,3.411980611111111
142,3.127125665
143,3.459681144444444
144,3.482469844444444
145,3.19216113
146,3.545093505555555
147,3.5713493611111113
148,3.2564361749999997
149,3.6147961222222227
150,3.646527250000001
151,3.32184554
152,3.5622641777777777
153,3.7258834388888884
154,3.3911513777777778
155,3.6328529055555556
156,3.8080186
157,3.452398916666667
158,3.699552638888889
159,3.8949871500000004
160,3.5218982277777773
161,3.76893723125
162,3.969808325
163,4.0017879999999995
164,3.83689385625
165,4.05067001875
166,4.076037437500001
167,3.909240981250001
168,4.1329634375
169,4.16534785
170,3.9887961687500004
171,4.22526301875
172,4.243508125000001
173,4.056791512499999
174,3.831435531250001
175,4.324068314285714
176,4.1257425875
177,3.8983601125000003
178,4.405281257142857
179,4.195437000000001
180,3.9609867312499993
181,4.498790835714286
182,4.26618715
183,4.03232165625
184,4.578092514285715
185,4.611211642857142
186,4.099130431250001
187,4.660292457142857
188,4.682183971428572
189,4.163855300000002
190,4.742984264285714
191,4.77569247142857
192,4.22817731875
193,4.8110591071428574
194,4.837000571428571
195,4.303392978571429
196,4.607792714285714
197,4.947379292857143
198,4.365632328571429
199,4.673479742857142
200,5.024059708333332
