1,0.003423381191376143
2,0.004745444905543512
3,0.01750883276044421
4,0.022964428071379543
5,0.028172736726998493
6,0.03405786287944492
7,0.03823606455152671
8,0.04369337891304348
9,0.04942618727272727
10,0.055758306559571626
11,0.06675075956937798
12,0.07223985230769231
13,0.0786609543557169
14,0.08529714633911367
15,0.08864096908548708
16,0.0918021591286307
17,0.09463348622559653
18,0.10073298875
19,0.10390078009367683
20,0.1123134185750636
21,0.1196576841207349
22,0.1241083206043956
23,0.13284749380530975
24,0.13503728898809525
25,0.14997878782894736
26,0.15640505119047618
27,0.15846828286219083
28,0.17189073590225562
29,0.17906231577946766
30,0.17694586165413534
31,0.191460079757085
32,0.19261275949367088
33,0.19060428429752063
34,0.18359885939999998
35,0.20509914531250006
36,0.20055255199115046
37,0.1987429912393162
38,0.22147084549763033
39,0.21770987347417836
40,0.21603753023255817
41,0.236965659798995
42,0.233623368
43,0.23320479826732674
44,0.2587632347826087
45,0.2557321516304348
46,0.25057006296296297
47,0.2801132390532544
48,0.27133857196531785
49,0.2666984295454546
50,0.2919140751533742
51,0.2898039417177914
52,0.28244534156626505
53,0.31013305427631577
54,0.30322954038461536
55,0.29919173354430373
56,0.3279770903448276
57,0.3238386486206897
58,0.31614297448275863
59,0.32103354965986397
60,0.33727495611510794
61,0.33263213169014083
62,0.33681800528169015
63,0.3581267193181818
64,0.34880455
65,0.3540494324626866
66,0.3727248718253968
67,0.36529495152671754
68,0.37009057755905517
69,0.3951367806722688
70,0.38259851926229516
71,0.3850904294354838
72,0.40822084741379305
73,0.3959034776859505
74,0.4016483861344538
75,0.42488494819819816
76,0.41197630646551725
77,0.4168787298245614
78,0.43746284227272725
79,0.42790531944444443
80,0.43385729318181826
81,0.4591450912621358
82,0.4446824916666665
83,0.4503654971698114
84,0.47233952524752476
85,0.46078653203883496
86,0.4658560267326733
87,0.49115807783505155
88,0.4768280666666667
89,0.4831451674999999
90,0.506086042631579
91,0.49512657371134017
92,0.5005907063157894
93,0.5264282820652174
94,0.5126288833333335
95,0.5194323054347825
96,0.5417281369318181
97,0.5311725447368422
98,0.5359814044444443
99,0.5629244
100,0.5470139333333333
101,0.55208628045977
102,0.5791307518292685
103,0.5629034564705881
104,0.5687975190476191
105,0.5977940537499999
106,0.5824548091463415
107,0.5887544977881396
108,0.6128922885042624
109,0.600316432375
110,0.6064222607594938
111,0.6328686480263157
112,0.6189012876623377
113,0.6243714538961038
114,0.6471852283783784
115,0.6335157664473684
116,0.6384555743421053
117,0.6640855243055555
118,0.648528012837838
119,0.653920406521739
120,0.6794085626760563
121,0.6651334597222223
122,0.6715559322222222
123,0.7020197358208955
124,0.6843128761363636
125,0.6908521478260871
126,0.7210162773809524
127,0.7048525641791045
128,0.7117644276119403
129,0.7448404289062501
130,0.7225038488095238
131,0.7256620045454545
132,0.7579865547619047
133,0.7354445792682927
134,0.7403022963414634
135,0.774507658974359
136,0.7507467587500001
137,0.75617386375
138,0.790755475
139,0.7670161071428571
140,0.771857271794872
141,0.8074819915254237
142,0.7822728483606557
143,0.788076082786885
144,0.8247905945945945
145,0.8010947644736841
146,0.789238924590164
147,0.8423160625
148,0.8178257770270271
149,0.8051297135593221
150,0.8583748673214285
151,0.8333461982758621
152,0.8209390027027027
153,0.8760845963636364
154,0.8484136375
155,0.8375088430555554
156,0.8927957588235295
157,0.8667267542857142
158,0.8540939214285713
159,0.9106270176672384
160,0.884359255882353
161,0.8706694400000001
162,0.9285818166666667
163,0.9028879160377359
164,0.8883498000000001
165,0.9459694703125
166,0.9175810984848485
167,0.9029184941176469
168,0.962471026
169,0.9364892627450981
170,0.9200199106060607
171,0.9802367645161292
172,0.9547854109374998
173,0.9369594327512254
174,0.9981129135416665
175,0.9723520032258066
176,0.9541875449999999
177,1.0165283666666667
178,0.9904271790322581
179,0.9709839580645159
180,1.0329356967391305
181,1.0042578633333334
182,0.9863870854838711
183,1.0493318068965516
184,1.0210563250000002
185,1.0016890783333334
186,1.067460828888889
187,1.041267453448276
188,1.018397863333333
189,1.0881737035714287
190,1.06165728
191,1.03757255
192,1.1094171337209302
193,1.0839513910714285
194,1.0565352534482757
195,1.1280407537037036
196,1.09855598372093
197,1.0701984477777775
198,1.1408221392857145
199,1.109471034883721
200,1.0840899410714286
