1,0.001758904918559794
2,0.0018119640791168352
3,0.0017494621012188998
4,0.0017294346530906473
5,0.0017517328658976205
6,0.001748815915410508
7,0.0017512658511557575
8,0.0017456982180331425
9,0.0017451414445510925
10,0.0017547556478827245
11,0.0017418244118391096
12,0.0017429664630097606
13,0.001757253912556054
14,0.0017491801856802257
15,0.0017599381730044228
16,0.001748586794365789
17,0.0017435424435363227
18,0.0017545835533215198
19,0.0017476543263984868
20,0.0017803280029234422
21,0.001783885374995429
22,0.0017458742209015804
23,0.0017779439748007756
24,0.0017436229417306856
25,0.0017410562773668915
26,0.0017621302214102241
27,0.001776728278570399
28,0.001763228454234575
29,0.0017582116387236345
30,0.0017634319084691504
31,0.0017384898490266187
32,0.0017444668419530887
33,0.001766256516739075
34,0.0017364254495233968
35,0.0017401122393864107
36,0.0017827642988431178
37,0.0017989314967338421
38,0.001740139905748615
39,0.001740764536168363
40,0.0017416040695772295
41,0.0017483601230323862
42,0.0017411678183131658
43,0.0017618083610556664
44,0.0017470567091333216
45,0.0017379326709378508
46,0.001809414344143622
47,0.0017570070179533214
48,0.0017630182633326119
49,0.0017540996648769411
50,0.001723671763219636
51,0.0017380260915174537
52,0.0017336358922655914
53,0.0017366342306366354
54,0.0017315183352884192
55,0.0017582381967095595
56,0.0017726828737379219
57,0.0017362421783467129
58,0.0017509878352593871
59,0.0017483961860893598
60,0.0017585270290781279
61,0.0017644229094328709
62,0.0017365144650317895
63,0.001763756306824307
64,0.0017401783313498505
65,0.0017581793600435097
66,0.0017500785046222736
67,0.00175454390834304
68,0.001750763121095523
69,0.0017849118552443878
70,0.0017594526970505517
71,0.0018136887868956768
72,0.0017677735404352639
73,0.0019185411249851814
74,0.001985259811514033
75,0.0019959051538525
76,0.0020177643473728115
77,0.002034769310735887
78,0.002061432201281727
79,0.002059618860094851
80,0.0020480950315290535
81,0.0020720141871329993
82,0.002064001899515017
83,0.002073568394008336
84,0.002063250017126807
85,0.002115877918893441
86,0.0020909159415245385
87,0.0020886086643142985
88,0.002093717418993933
89,0.0021014824798533754
90,0.002105317851254014
91,0.002102684853682442
92,0.00210713770877193
93,0.002108034126148881
94,0.002118843914962419
95,0.002122614121793047
96,0.0022043793790980865
97,0.0021365723551601415
98,0.0021724728929743333
99,0.002146919943272469
100,0.0021948881521198136
101,0.0021736290425484112
102,0.0021774155436102742
103,0.0021758013968868097
104,0.0021863904128191203
105,0.002177847555425378
106,0.00217086102554892
107,0.0021948643217335998
108,0.0021831281245768444
109,0.0021933498321462597
110,0.002187853974034199
111,0.0022044503778050895
112,0.0021920727557838285
113,0.002222238889907836
114,0.0021987652013651876
115,0.002229208669484517
116,0.002217881569535513
117,0.002243604439101082
118,0.0022180500068703342
119,0.00225606664495114
120,0.002236757629810348
121,0.0022353538668816214
122,0.0022320931797235022
123,0.0022306202102212614
124,0.00225061284106175
125,0.0022533639544247215
126,0.0023010387812052186
127,0.002238354096208857
128,0.0022569575628989865
129,0.0022727514733243063
130,0.002286902315933123
131,0.0022707848411844503
132,0.002284861004052017
133,0.0022877455923320266
134,0.0022902623454906152
135,0.0023215815308154264
136,0.0022848327367844573
137,0.0022890389502241097
138,0.0022829833678512583
139,0.0023009862033737233
140,0.0023096478881987578
141,0.002307588404275625
142,0.002303876020116312
143,0.002319962045006491
144,0.0023421692770499757
145,0.002354224852805216
146,0.0024414164870038284
147,0.0024701945248197946
148,0.0024744004916521564
149,0.0024819011091712032
150,0.002501399282210173
151,0.0025026970440804094
152,0.002519766842900302
153,0.0025314489844935114
154,0.0025308371233799024
155,0.0025385489662447256
156,0.0025372024396420733
157,0.0025563994726545886
158,0.0025747885583941605
159,0.002567371044087492
160,0.002580040454400341
161,0.0025987218390495647
162,0.0025900230340689958
163,0.0026070263430420714
164,0.002606424157515073
165,0.0026236750067842604
166,0.0026207535632931994
167,0.002630947130813163
168,0.0026202660391688817
169,0.002632281205114255
170,0.0026414033631309273
171,0.0026491506370297465
172,0.0026359743110772253
173,0.0026434651826172406
174,0.0026526099644030663
175,0.002648568678996762
176,0.0026611901234229293
177,0.002685794560370965
178,0.0027000314473036883
179,0.0026845178746983645
180,0.0027118021573376387
181,0.002684918206205848
182,0.00269317085348379
183,0.0026843755562505583
184,0.0026927265630598348
185,0.0027010990025076627
186,0.0027002405405405403
187,0.002697905003593245
188,0.0026874030008944543
189,0.002719285412618303
190,0.0027059280318717923
191,0.002734213880048791
192,0.0027178543058045722
193,0.002737149884076001
194,0.002766919647835239
195,0.0027645732939295302
196,0.0027457646460928653
197,0.0027689057356893696
198,0.0027705138218127715
199,0.002769363607757881
200,0.00276325764075067
