1,0.0023952635570733626
2,0.0032337539636387936
3,0.003746476534161492
4,0.004001704057347088
5,0.005640642656366344
6,0.012453265196204155
7,0.01645989710594315
8,0.019276330787878788
9,0.021563698270339528
10,0.023565713581488932
11,0.025884124772249478
12,0.027950723823749062
13,0.030490775261044167
14,0.032635701480836235
15,0.033950291397379914
16,0.03611581758241758
17,0.03835274826589595
18,0.04069966574358974
19,0.042939427336197634
20,0.0454448666856492
21,0.04769598709090909
22,0.050468223525872435
23,0.052926747759282966
24,0.05526612714285715
25,0.05785698155339805
26,0.06528610359877489
27,0.06788123296354993
28,0.06972146329526917
29,0.0721281324120603
30,0.0734010506097561
31,0.07609492362068965
32,0.07961840301094891
33,0.0844128433962264
34,0.08550972864271457
35,0.0863559097826087
36,0.08806307530737706
37,0.08733151376953126
38,0.08917122686868688
39,0.09227352074688797
40,0.09436645299785867
41,0.0944135752118644
42,0.09796746799117
43,0.0998393123873874
44,0.09903892376681613
45,0.10137987585034014
46,0.10394482586206899
47,0.10605796412776411
48,0.11166321516709513
49,0.11416010179028134
50,0.11773559493506493
51,0.12016431018766756
52,0.12392145178571429
53,0.12350279082191783
54,0.12574765124309392
55,0.13112730515759316
56,0.13358318136094674
57,0.13223780042979943
58,0.13472179970414203
59,0.1460950028846154
60,0.14812955647249193
61,0.1508130737704918
62,0.1535696702020202
63,0.15663326421232876
64,0.1544293377483444
65,0.15726946197916664
66,0.1714666096296296
67,0.17407327086466165
68,0.17287476264150944
69,0.17512826259398492
70,0.17851521051587302
71,0.1813150093385214
72,0.1753687689849624
73,0.1880899291836735
74,0.18998020491803277
75,0.19177557217573224
76,0.19318859211618256
77,0.19163377970711296
78,0.19365338081896552
79,0.18829394179999998
80,0.19060042635983263
81,0.19677698771186442
82,0.19829871877637129
83,0.18487342259999998
84,0.20372090877192983
85,0.20572775
86,0.1981244497881356
87,0.20032889030172416
88,0.20983289499999996
89,0.21172199541284403
90,0.19977583922413794
91,0.20195860281385283
92,0.22133316919431278
93,0.22356345952380952
94,0.21639926046511634
95,0.22411362731707316
96,0.2271680302955665
97,0.21627161574074075
98,0.21864316921296295
99,0.23623939900000004
100,0.2384043976923077
101,0.23212335738916254
102,0.23454248743718592
103,0.25415462907608694
104,0.23263801174999998
105,0.2349979989949748
106,0.2574605806629834
107,0.2600773516574586
108,0.2527168696236559
109,0.25550930543478256
110,0.26716156473988445
111,0.2692687477011494
112,0.2519871260752688
113,0.25407516043956035
114,0.2805428818452381
115,0.2687368371345029
116,0.27112660937499994
117,0.2902411248447205
118,0.29162190276073624
119,0.26744574971590906
120,0.26957305462427744
121,0.29174366196319024
122,0.2934766178124999
123,0.28833969049079755
124,0.29050968312500003
125,0.3034578117647059
126,0.28255213313253014
127,0.28490024006024095
128,0.3093710323529413
129,0.311175983006536
130,0.30182329548387093
131,0.30419072096774197
132,0.31721404866666664
133,0.31926850476190477
134,0.3011024564102564
135,0.3262291340136054
136,0.3287833917857143
137,0.3212959772108843
138,0.32355605551724137
139,0.3116785207236842
140,0.31399841666666667
141,0.317313861
142,0.31963255068027213
143,0.32081394013605447
144,0.32311013571428576
145,0.3367970553571429
146,0.3275143793103448
147,0.32983790312499994
148,0.33313808819444446
149,0.33544937429577465
150,0.33636827852112683
151,0.33890141892857145
152,0.35645075149253724
153,0.358847820522388
154,0.34518762372262773
155,0.347283704379562
156,0.35138505444444446
157,0.35251581
158,0.35475594925373133
159,0.3708160192913386
160,0.3730888488188976
161,0.3619753926356589
162,0.363844698091603
163,0.36707934722222224
164,0.36950524496124026
165,0.3702411042635659
166,0.39176463388429755
167,0.3946198222605694
168,0.37605771904761903
169,0.3783693682539683
170,0.38396640532786896
171,0.3864769762295082
172,0.3849394860655739
173,0.38719776516393445
174,0.40771460338983045
175,0.4098857283898305
176,0.3941885202479339
177,0.39766138553719005
178,0.3995590521008403
179,0.40067431848739493
180,0.403124077118644
181,0.42301504557522124
182,0.4254789694690266
183,0.4090524685344827
184,0.4113016310344828
185,0.41275899439655167
186,0.4147113951754386
187,0.4180516114035087
188,0.43596308909090914
189,0.4381142435185186
190,0.4248035508849557
191,0.4270574202702702
192,0.4279043112612612
193,0.4301270653153153
194,0.4341662890909091
195,0.4363390672727273
196,0.45786031601941757
197,0.44139429675925934
198,0.4435329028301887
199,0.44304064861111114
200,0.44507841839622647
