1,0.01205920246789727
2,0.027543828009441385
3,0.0399953087790111
4,0.054403575773195864
5,0.0725991786189684
6,0.08684727606589147
7,0.09481892215189872
8,0.10681580523809525
9,0.12392698863013699
10,0.1461322596825397
11,0.15785950865051906
12,0.18087754007782103
13,0.19102926987704916
14,0.18464986929133856
15,0.21092071696832576
16,0.2182586260465116
17,0.23103326268292682
18,0.2583468924581006
19,0.2528829304812834
20,0.29186847080745343
21,0.3013236496835443
22,0.30181461835443035
23,0.3283992142361112
24,0.319682493918919
25,0.33279858908450705
26,0.3452853956834532
27,0.3718065430232558
28,0.3717467624031008
29,0.3840687512295082
30,0.39852918114035085
31,0.4103664086206896
32,0.4375755031818183
33,0.45682469047619045
34,0.4503706386792453
35,0.4602618866666666
36,0.47636340850000003
37,0.4913682403813984
38,0.5255880891304348
39,0.5208138266304346
40,0.5281747911111111
41,0.5411162039772727
42,0.560395011764706
43,0.597974685625
44,0.5919292174999999
45,0.6057310797468355
46,0.6094342620253165
47,0.6322054572368421
48,0.6650807062499999
49,0.6756235345070423
50,0.6718478619718309
51,0.6740458056338028
52,0.7049691209302327
53,0.7199882250000001
54,0.7553516287500002
55,0.7422210097560976
56,0.7391427231707317
57,0.7678065785714286
58,0.780241508974359
59,0.8225095783783783
60,0.8099674898305084
61,0.8051555677966102
62,0.8179460054054054
63,0.8476475611111113
64,0.8913036735294118
65,0.8757904190909092
66,0.8912115220588235
67,0.8860877544117647
68,0.9191324136363638
69,0.9628426210000001
70,0.9804316903225807
71,0.9643554046875
72,0.9538971578125
73,0.9943560596774194
74,1.0040738833333331
75,1.0513937568965517
76,1.030497070652174
77,1.0184951923913041
78,1.033621810869565
79,1.0830257696428571
80,1.1307033277777778
81,1.1071080720930233
82,1.1170791277777778
83,1.0991423625
84,1.1456417037037037
85,1.19215844
86,1.2061197240000001
87,1.19364689625
88,1.1694353903846153
89,1.22085429
90,1.237069556
91,1.27836271875
92,1.2663666458333334
93,1.2365955119999998
94,1.2485551039473683
95,1.3092253782608694
96,1.3480053021739131
97,1.3433586826086958
98,1.357674597826087
99,1.3167694760869566
100,1.3885213295454548
101,1.4193804136363637
102,1.4341819738095236
103,1.4249720386363638
104,1.3806663227272729
105,1.4583884404761904
106,1.4735113142857144
107,1.510478075
108,1.4981896390625
109,1.4516404166666665
110,1.465186576190476
111,1.5417546924999999
112,1.5797187322807018
113,1.5693378033333334
114,1.5168794325
115,1.5310369350000002
116,1.6099831710526316
117,1.6525872842105265
118,1.6409222236842107
119,1.6523575657894733
120,1.5975525578947372
121,1.682280641666667
122,1.721020019444444
123,1.7369795499999996
124,1.7277827305555553
125,1.6651768120689654
126,1.7587316444444447
127,1.7774797323529412
128,1.8078568382352942
129,1.797914526470588
130,1.7301835166666668
131,1.7454919305555556
132,1.8499501823529414
133,1.8800406593750003
134,1.8875599031249999
135,1.8970199875
136,1.8131875470588232
137,1.9199219562500003
138,1.9481299125
139,1.9635620031249996
140,1.96171186875
141,1.8787833031249999
142,1.9896465083333341
143,2.00511336
144,2.0347281166666664
145,2.0419441400000005
146,1.94796498125
147,1.961302640625
148,2.089788443333333
149,2.1085857199999998
150,2.1124929966666666
151,2.1266024431818185
152,2.0246969700000004
153,2.158278921428571
154,2.179293714285714
155,2.1923162714285716
156,2.1997179892857135
157,2.0902254166666667
158,2.228262853571429
159,2.2439393499999998
160,2.2614402321428573
161,2.275281392857143
162,2.154149471428571
163,2.168301017857143
164,2.3244282384615387
165,2.3311968346153846
166,2.348703284615385
167,2.3674780038461534
168,2.233308542857143
169,2.396420157692307
170,2.3996825153846157
171,2.429838688461538
172,2.4462713346153846
173,2.301525904761904
174,2.478637480769231
175,2.470730765384615
176,2.4893157846153846
177,2.5223085958333336
178,2.369225284615385
179,2.552428629166667
180,2.5683745208333337
181,2.559362995833333
182,2.598537620833333
183,2.4340839038461533
184,2.4488849076923076
185,2.6445006333333336
186,2.6285905833333336
187,2.684626375
188,2.7028569
189,2.5169934083333336
190,2.724972202941176
191,2.695055116666667
192,2.7082786083333334
193,2.764065645454545
194,2.583048504166667
195,2.8028845227272723
196,2.8176840363636364
197,2.7828708454545454
198,2.8487020409090906
199,2.650219354166667
200,2.6626644791666663
