1,0.018647417342968313
2,0.03520980985533454
3,0.05400535122580645
4,0.07857184278074866
5,0.09254672221052632
6,0.10616994799054373
7,0.13057257900874636
8,0.15561359090909088
9,0.1797873542
10,0.18750026485943777
11,0.1987782447033898
12,0.21709301273148152
13,0.2342639597938144
14,0.26625481581920896
15,0.29053673913043476
16,0.30435499455128207
17,0.29962661518987344
18,0.317960937
19,0.33558159642857144
20,0.3527561962962963
21,0.3699586953488372
22,0.3863923684426229
23,0.404363202118644
24,0.4354854254629629
25,0.45952872142857143
26,0.47308444752475254
27,0.47388351039603954
28,0.4934836030927835
29,0.5122103446236558
30,0.5254459793478261
31,0.5430769681818183
32,0.5616721576470589
33,0.5886274854615017
34,0.6074235936708862
35,0.626068340625
36,0.6412798702702702
37,0.67725946971831
38,0.7033711604651163
39,0.720962559848485
40,0.7209375928571429
41,0.7346257987804877
42,0.751100635
43,0.7524421425000001
44,0.7696210512820513
45,0.7880980721311477
46,0.8054329815789473
47,0.8388789166666668
48,0.8582245714285717
49,0.8756139045454546
50,0.9248857893939394
51,0.9474389296875001
52,0.9623771687500001
53,0.9524791281249999
54,0.9727534129032258
55,0.9935943749999998
56,0.9834776903225807
57,0.9999698208333332
58,1.0171633576086954
59,1.0375348948275862
60,1.0923289803571428
61,1.1055990093023256
62,1.1199110314814813
63,1.1669360711538461
64,1.1909222384615383
65,1.2090537799999999
66,1.20049725875
67,1.2191928459999997
68,1.2396175060000003
69,1.25982426875
70,1.2335039302631579
71,1.2508435229166668
72,1.2689021666666667
73,1.340485706521739
74,1.3591531657142857
75,1.3798362249999998
76,1.4161647606060606
77,1.4358661880952381
78,1.4529852619047616
79,1.4548818738095235
80,1.476159485714286
81,1.4927092952380951
82,1.5062309225
83,1.466371664285714
84,1.4818002261904761
85,1.4999020384375001
86,1.58323085
87,1.6000698842105263
88,1.6212855263157893
89,1.6652045931034483
90,1.6858816416666669
91,1.7030280888888887
92,1.7213080194444446
93,1.7182861972222223
94,1.7386726555555556
95,1.758419608333333
96,1.696943819444445
97,1.7123412611111115
98,1.7294056444444446
99,1.8377061970588238
100,1.86307567
101,1.886172278125
102,1.912775940625
103,1.9301561125000006
104,1.94614514375
105,1.9671796718750003
106,1.9706133312499996
107,1.988273434375
108,2.0091262299999997
109,1.9255535968750002
110,1.9452301968749999
111,1.9648687999999996
112,2.094700263333333
113,2.11064024
114,2.129730103333334
115,2.148775739285714
116,2.176242696428571
117,2.194252321428571
118,2.2153620428571426
119,2.2257641250000004
120,2.246390142857143
121,2.2663341142857147
122,2.1521045285714284
123,2.1677789321428578
124,2.1881479535714288
125,2.2039085714285713
126,2.3688442230769233
127,2.3885364115384613
128,2.4088323500000004
129,2.4150001307692306
130,2.4345636346153845
131,2.4554458153846155
132,2.4935997842105264
133,2.5109413875
134,2.5322434791666666
135,2.3829264346153844
136,2.3999879346153845
137,2.4188499115384614
138,2.4338961692307692
139,2.6321814125
140,2.6577157458333334
141,2.6847498166666672
142,2.6637689833333336
143,2.6772976041666667
144,2.6964025958333333
145,2.7549936772727275
146,2.7761536181818185
147,2.802838422727273
148,2.8211546454545458
149,2.6316171749999997
150,2.6483844166666666
151,2.6663763541666667
152,2.9065393090909093
153,2.9270317954545453
154,2.9459551499999996
155,2.9051401909090906
156,2.9254793545454545
157,2.9441405363636366
158,3.0300520349999998
159,3.048034475
160,3.07069262
161,3.095669545
162,2.863026654545455
163,2.880652331818182
164,2.895151159090909
165,3.17949689
166,3.20121788
167,3.2265221250000002
168,3.15168444
169,3.17114628
170,3.189675415
171,3.2099837
172,3.3358216678571426
173,3.3596199777777778
174,3.380099655555556
175,3.09175185
176,3.108734885
177,3.1289669950000003
178,3.4545434111111115
179,3.4742365611111103
180,3.498476494444444
181,3.4049835500000007
182,3.4277046722222217
183,3.444420933333333
184,3.4615799611111115
185,3.5997335944444444
186,3.6238795222222224
187,3.648395961111112
188,3.3182014850000003
189,3.3376288019841263
190,3.3558797333333334
191,3.734916133333334
192,3.7628562500000005
193,3.7865856625
194,3.8043759125000003
195,3.6656500888888885
196,3.681779299999999
197,3.7035657111111107
198,3.890731318749999
199,3.9113182499999994
200,3.9321087687499996
