1,0.002587167901993267
2,0.003393208244178729
3,0.004227549687445737
4,0.004702887268412188
5,0.012701269458257003
6,0.017364234054910242
7,0.020399699826689776
8,0.022957024272173325
9,0.02575844021978022
10,0.02849849041916168
11,0.03105084384
12,0.03387388209876543
13,0.03555284216921692
14,0.03856143275686673
15,0.04126006614420063
16,0.04413864822616408
17,0.04741197751445087
18,0.04981450275167786
19,0.053626053295310526
20,0.05606832964959568
21,0.05903415489130435
22,0.06634661108452951
23,0.06723061974110031
24,0.07012488058637086
25,0.07513105448154657
26,0.0792138357798165
27,0.08140573225806451
28,0.08397182455968688
29,0.0871165941468254
30,0.08910853265957447
31,0.08894940479041917
32,0.09035356460446248
33,0.0926283727368421
34,0.0958775522875817
35,0.09477303765822787
36,0.09730559381778743
37,0.10117384238636362
38,0.1038652501146789
39,0.10637612242206236
40,0.11235968784461155
41,0.11543192927135677
42,0.11498478226221079
43,0.12359941403269757
44,0.12604643808219176
45,0.12911577638483968
46,0.13346835857988168
47,0.13673687220543806
48,0.13569111005917162
49,0.14526146666666667
50,0.14777981089743586
51,0.15268673098360658
52,0.15722881763698632
53,0.15995671136363634
54,0.1580960445017182
55,0.17382260283018872
56,0.17706879942307693
57,0.17873583871595328
58,0.17898955038167938
59,0.18216718208661417
60,0.17764830601503762
61,0.18913614344262294
62,0.1916481997925311
63,0.1752548247148289
64,0.19365984855371898
65,0.19609317756410258
66,0.1900919987704918
67,0.1984497903846154
68,0.20055474761904762
69,0.1872204642857143
70,0.20200167324561402
71,0.20460005043859647
72,0.2010181665938864
73,0.21061124678899087
74,0.2131884456818182
75,0.20233480865800868
76,0.2199447541860465
77,0.22230221303317535
78,0.2174928451834862
79,0.2203898622065728
80,0.2305379400990099
81,0.22002128051643194
82,0.22284676999999997
83,0.23802031080402009
84,0.23397548886138617
85,0.23690252284263957
86,0.2504293806878307
87,0.23764019605263162
88,0.24036550703125
89,0.2596981046703296
90,0.25604794368131867
91,0.25959454640883983
92,0.2698522048295455
93,0.25546642016129034
94,0.2581633845303867
95,0.28137191656804733
96,0.27237056069364163
97,0.2754065020231214
98,0.2921661531055901
99,0.27186550462427744
100,0.2748099675438596
101,0.2950760778481013
102,0.2907609624223602
103,0.29355944906250003
104,0.301687028164557
105,0.28766775674846623
106,0.2904601763803681
107,0.317530786
108,0.3051221364516129
109,0.30818494379084976
110,0.30098957179487174
111,0.30441085870967743
112,0.30760894346405226
113,0.31103385394736843
114,0.3264528506896552
115,0.32926984444444446
116,0.3200009503378378
117,0.32164763299319726
118,0.32439387862068964
119,0.32875794340277775
120,0.3313557397887324
121,0.3419501449640287
122,0.3365550660714286
123,0.3392893996402877
124,0.34139139028776977
125,0.34530943321167884
126,0.34822902296296293
127,0.3644195912213741
128,0.354432305597015
129,0.3570671
130,0.3582015496212122
131,0.3630678652671755
132,0.36591787404580156
133,0.3782894528688524
134,0.3708552631782946
135,0.37345974642857144
136,0.37459290967741943
137,0.3773553059523809
138,0.38028591935483863
139,0.40283875210084036
140,0.3860708196721312
141,0.38891984795081963
142,0.39385489139344265
143,0.3947211805785125
144,0.3974977987394958
145,0.41219574115044255
146,0.40327744618644074
147,0.40616947754237287
148,0.4061845512711865
149,0.41084594482758624
150,0.4134463995689655
151,0.43216114909090914
152,0.4188955311403509
153,0.4215391106194691
154,0.4202404707964602
155,0.42668759144144147
156,0.4292453018181818
157,0.4432282902777777
158,0.44616834861111115
159,0.438292700462963
160,0.43645972545454537
161,0.4389440627272727
162,0.44603460471698114
163,0.4684110504854369
164,0.47193436386138626
165,0.45487680523809526
166,0.45204800377358495
167,0.45501774428571434
168,0.4623856388349515
169,0.47637996749999983
170,0.47970930199999995
171,0.47030010937499994
172,0.46816108118811883
173,0.4709364643564357
174,0.478198025
175,0.502093355263158
176,0.5050498884210527
177,0.4864082413265307
178,0.48491940816326534
179,0.48810865979381446
180,0.49659451958762874
181,0.5119855688172045
182,0.514918390860215
183,0.5063666451612904
184,0.5025043389473685
185,0.5051015378947369
186,0.5152704375
187,0.5394898954545455
188,0.5429962517045455
189,0.5247276684782608
190,0.5199966407608696
191,0.5230635444444445
192,0.5337238377777778
193,0.5479180591954024
194,0.5506088149425288
195,0.5418470960227272
196,0.5370197357142859
197,0.5401815738636363
198,0.5499362425287356
199,0.5524108850574713
200,0.5812407538461539
