1,0.0017322372822230982
2,0.001857143101799248
3,0.0017870704648820022
4,0.0017291343082720255
5,0.0018440474944904082
6,0.0018048864139307093
7,0.0017726816782592993
8,0.001766001353087287
9,0.001788305231878436
10,0.0017390439762525341
11,0.0018076536748687546
12,0.0017588194318614286
13,0.0017890642973412915
14,0.0017643802999118422
15,0.0018370042924769072
16,0.0017465401443001443
17,0.0020055568165803107
18,0.0020479771474981017
19,0.0020902215026031624
20,0.0021205612760001923
21,0.002149683678165462
22,0.002184308070600916
23,0.0022156379836055446
24,0.002230899429458214
25,0.0022032103330291973
26,0.002224718855659684
27,0.002251327923619595
28,0.002278261693585816
29,0.0022672192301892483
30,0.00231808637329932
31,0.0023245538284663143
32,0.0023467507623949886
33,0.0023585219574654894
34,0.002501259881044737
35,0.002574590385266723
36,0.0025717032054021712
37,0.0026049647375215148
38,0.002635335482991714
39,0.0026594527776249936
40,0.0026760509664770526
41,0.0027247275449843924
42,0.0027095727125214094
43,0.002724594611834962
44,0.002750090945440109
45,0.002765607035936697
46,0.0027911668886198547
47,0.002813912012684743
48,0.002840932547639988
49,0.0028981455669020804
50,0.0029414021192809476
51,0.002970961492281304
52,0.003051479909394073
53,0.003065948346845706
54,0.003097358475387857
55,0.0031143972545489614
56,0.0031589333508569026
57,0.003157306578118437
58,0.0032043608870967744
59,0.003222526708136518
60,0.003233100694073678
61,0.0032334500066782423
62,0.0032636046993873287
63,0.0032589269287684134
64,0.003256259376890502
65,0.003251926197353395
66,0.0032430195749815647
67,0.0032485404437889655
68,0.0032507134135711406
69,0.003251337824599074
70,0.0032571318694601128
71,0.0032706751735994068
72,0.0033148886946002417
73,0.00333132081868927
74,0.0033628099291272925
75,0.0033915933732409165
76,0.0034200313498769994
77,0.0034475437249053575
78,0.003492719367006754
79,0.0035190700159779217
80,0.0035401035147972237
81,0.003561915035273368
82,0.0035813065717657465
83,0.003657721366261341
84,0.003628827163441799
85,0.0036385764408005798
86,0.003657369538161643
87,0.0036777148925744435
88,0.0036994326388888887
89,0.0037212756270488673
90,0.003732463422844465
91,0.0037588424723756903
92,0.0037729866922400716
93,0.0038044236985767203
94,0.003838281370407925
95,0.0038435136220720013
96,0.0038959732286889133
97,0.003904697737754453
98,0.003944758388565041
99,0.004011221207430341
100,0.0041665093299406274
101,0.0042131788198598525
102,0.004248566491375684
103,0.0044999890605008225
104,0.00479669819890213
105,0.005127680510535329
106,0.005382750071199715
107,0.0054284114318962655
108,0.005546087519588091
109,0.005561852425753798
110,0.0055820125370412595
111,0.005617316248606466
112,0.005684557327736971
113,0.0057529766510660985
114,0.0059156809558397645
115,0.006273692888402627
116,0.006610063105277475
117,0.006853493415684497
118,0.00719151316179742
119,0.007646985163757197
120,0.0081688114287543
121,0.008758947300187832
122,0.009494960532181974
123,0.010342947843486676
124,0.010898864311390699
125,0.011760881807141124
126,0.010286225590707172
127,0.0108538863830745
128,0.011262917725065371
129,0.011731878341103343
130,0.011827190765801307
131,0.011895292324369523
132,0.012254539621212122
133,0.012741839207686234
134,0.012895697253218881
135,0.013024112028608583
136,0.013124094122377953
137,0.013208973889948242
138,0.013269898238451833
139,0.013395635253912406
140,0.013450358221123818
141,0.013515858022284121
142,0.01359716543313709
143,0.013683742346297557
144,0.013773544885015148
145,0.013892747016651247
146,0.014024756198472604
147,0.014146789886660318
148,0.014240030727486065
149,0.014334578672316382
150,0.014453937377367021
151,0.014544793028104188
152,0.014813228537747502
153,0.014758813180722892
154,0.014819963795210963
155,0.014935826713320463
156,0.015023425775775775
157,0.015119342397827478
158,0.015254206379076254
159,0.015351699035608311
160,0.015424202628992625
161,0.015480848611111112
162,0.015659627585365852
163,0.01582680700958144
164,0.015963755467091292
165,0.016102071880021426
166,0.016218409102972398
167,0.01634380595358224
168,0.016423378984150316
169,0.016517216718106995
170,0.01660980079533404
171,0.016664309230369212
172,0.016754542369791667
173,0.016912967843964156
174,0.017052442613933995
175,0.01718512270594369
176,0.017222392484914976
177,0.017257165567867036
178,0.017319888104611925
179,0.01740009873217116
180,0.017496217251461988
181,0.017576333431635387
182,0.017681085113447705
183,0.017787584010989014
184,0.017883833548206277
185,0.018049768202121716
186,0.018144803280911066
187,0.018271054072134963
188,0.01828058083140878
189,0.018411199694783574
190,0.018525746700058923
191,0.018648196744574286
192,0.018776157352941174
193,0.018913902270011947
194,0.019059205875706215
195,0.0191633906160046
196,0.019306497604107246
197,0.019499198343195266
198,0.019652737
199,0.01971588139345905
200,0.01973725083135392
