1,0.012217992578125001
2,0.02805090346124906
3,0.040409730831643
4,0.055572114050131925
5,0.07412701022146508
6,0.08799573134920635
7,0.09655637711496745
8,0.10737581409952608
9,0.12729154070422538
10,0.14521167641509433
11,0.15780970159010602
12,0.1818695356031128
13,0.19279482095435682
14,0.1861025079591837
15,0.2128622146788991
16,0.2190779037037037
17,0.23223569324999999
18,0.2582711586592179
19,0.25578488279569894
20,0.29222327080745336
21,0.2992468518987341
22,0.30495635612903227
23,0.31059193594771245
24,0.32364131891891895
25,0.3374351492957746
26,0.3543581907407407
27,0.37486161865079365
28,0.38129323024193545
29,0.3940414764705883
30,0.4033380830508474
31,0.4197719433628318
32,0.44292955787037036
33,0.46512278300970866
34,0.46013440533980576
35,0.4663904558252427
36,0.48701848724489805
37,0.5028897131578948
38,0.5376256446428571
39,0.5328519288888888
40,0.536596059090909
41,0.5505260936363636
42,0.5735802011904761
43,0.6141196061224489
44,0.6060300905063292
45,0.6209379058441558
46,0.6212675850649351
47,0.6478207351351352
48,0.6842025710144928
49,0.6865045852272728
50,0.6919519398550723
51,0.6898367727272726
52,0.7256665325757575
53,0.7382118756097562
54,0.7648825873015872
55,0.7619732595238095
56,0.75497842875
57,0.7888441089743589
58,0.8043111228813561
59,0.8355514125
60,0.8323933051724137
61,0.8226454148648646
62,0.8372251499999999
63,0.8715874142857141
64,0.9064549405660378
65,0.9015155047169812
66,0.9181514848484847
67,0.9082518113207547
68,0.9448380203125001
69,0.9804141064516129
70,1.0264973076086958
71,0.9914024612903227
72,0.9791372693548385
73,1.0207216216666666
74,1.032732711956522
75,1.105855606976744
76,1.0641943277777777
77,1.0489051000000003
78,1.0664761622222223
79,1.1186169777777777
80,1.1917516675000002
81,1.1369341592592594
82,1.1501652148148147
83,1.1305837833333334
84,1.1831801634615386
85,1.2643575125
86,1.2323686060000003
87,1.229120728
88,1.2063508139999999
89,1.2612174458333334
90,1.27653796875
91,1.305977685135135
92,1.3101382760869564
93,1.2769365708333336
94,1.2907303854166663
95,1.3556900369565217
96,1.3786919977272725
97,1.386245731818182
98,1.402487659090909
99,1.3632129385714284
100,1.4319395023809525
101,1.4503495261904762
102,1.5392081825000001
103,1.4758226595238093
104,1.4331223142857143
105,1.5101932574999999
106,1.52427474
107,1.6277506921052631
108,1.546184165
109,1.5061659575000002
110,1.519465525
111,1.5964793921052631
112,1.7070908583333333
113,1.6238185710526314
114,1.575796185
115,1.591461252631579
116,1.66639715862069
117,1.790295791176471
118,1.697182488888889
119,1.713752122222222
120,1.6583934973684211
121,1.7412772000000003
122,1.8762376528750004
123,1.7809418382352942
124,1.7938475029411767
125,1.7341094222222222
126,1.827037623529412
127,1.8377707617647059
128,1.8542439382352942
129,1.86400629
130,1.8056821235294118
131,1.824133035294118
132,1.9251332656249998
133,1.9359767031250004
134,1.9518171906250004
135,1.961765640625
136,1.8904407937499998
137,1.9885112156249998
138,2.006945656666667
139,2.1548501857142854
140,2.0365264866666664
141,1.9601153312499997
142,2.0661970966666665
143,2.08849222
144,2.2414293392857148
145,2.1271494233333335
146,2.037377726666667
147,2.0498400466666666
148,2.163767196428571
149,2.3214333807692307
150,2.1929015464285713
151,2.2098138035714285
152,2.1187636966666665
153,2.2433371321428575
154,2.408341061538462
155,2.262734078571428
156,2.2827801892857145
157,2.188868260714285
158,2.313564734615385
159,2.332617803846154
160,2.3390080576923076
161,2.3632378615384613
162,2.2583931857142856
163,2.271304857142858
164,2.4073263576923076
165,2.409834396153846
166,2.4388842153846153
167,2.455513303846154
168,2.3426983499999996
169,2.490039303846154
170,2.4855945576923077
171,2.5241298125000005
172,2.5439731458333332
173,2.415432996153846
174,2.5721285666666667
175,2.563359866666667
176,2.777232622727272
177,2.62300795
178,2.488200926923077
179,2.6584640250000002
180,2.6721292708333335
181,2.857496686363637
182,2.6986669583333334
183,2.5617709541666662
184,2.5787807750000002
185,2.7560463909090904
186,2.9480101090909088
187,2.7928790954545457
188,2.8013783
189,2.648733791666667
190,2.8279993727272728
191,3.030490295
192,2.815474540909091
193,2.8789655090909094
194,2.7233091235294116
195,2.9128361818181823
196,2.9292010954545455
197,2.898202395454546
198,2.9583283
199,2.7954721772727273
200,2.8070883363636363
