1,0.021909073015873012
2,0.041513282988624604
3,0.06576147965299685
4,0.08696184214145385
5,0.10297731918465229
6,0.13091990117302052
7,0.15358477826086955
8,0.18704835409836065
9,0.1841251357142857
10,0.21876194573459715
11,0.23041311896551728
12,0.26559205307262573
13,0.26891386120689653
14,0.31201010555555553
15,0.3221450193877551
16,0.3347713874074074
17,0.3524780130597015
18,0.37731692301587305
19,0.407002238559322
20,0.4179044100877193
21,0.4311579927927928
22,0.4596439203883495
23,0.49515654432989686
24,0.5025897516666666
25,0.5147741946236559
26,0.5475462218181818
27,0.5793344213414634
28,0.5921327449999999
29,0.6001371368750001
30,0.6399589372340426
31,0.6777730753521127
32,0.6798072887323943
33,0.6838522397727272
34,0.7324852878048781
35,0.7608382238095238
36,0.7692641965811965
37,0.765762723015873
38,0.8126015108108108
39,0.8694553042857144
40,0.8537233026785715
41,0.8494298026785715
42,0.8973003830188679
43,0.9333587196078429
44,0.9441932500000002
45,0.9360184901960784
46,0.9911684903225807
47,1.061103946551724
48,1.0337299619565217
49,1.0210058216666666
50,1.0830238446428573
51,1.1190373944444443
52,1.1338468925925924
53,1.1062811732142859
54,1.169454473076923
55,1.2516038006578944
56,1.2236305200000002
57,1.1963657884615386
58,1.2683657458333333
59,1.2940400041666666
60,1.3182899913043478
61,1.28147094375
62,1.365867171103896
63,1.4541796809523815
64,1.4143919772727271
65,1.3677693181818185
66,1.4559394119047617
67,1.4678256547619046
68,1.5107652125000002
69,1.4548629071428572
70,1.552237035
71,1.6532759526315792
72,1.5993143026315793
73,1.5394111575
74,1.6448208947368423
75,1.6536429263157895
76,1.6889146111111106
77,1.6239093184210527
78,1.7371195416666665
79,1.8563133117647062
80,1.7856600882352938
81,1.7109235749999998
82,1.8394958823529413
83,1.8332146470588233
84,1.87841023925
85,1.7980787911764704
86,1.9385335093750005
87,2.0682456866666667
88,1.9780715218750002
89,1.8816840343750003
90,2.019743423333334
91,2.015732256666667
92,2.06717441
93,1.9666743875
94,2.1273580266666663
95,2.27373005
96,2.1763388071428573
97,2.053998416666667
98,2.216958317857143
99,2.1954439178571423
100,2.270743325
101,2.140097684090909
102,2.3079598964285712
103,2.469741626923077
104,2.3604411923076922
105,2.2224891571428573
106,2.4144031576923077
107,2.3773015846153847
108,2.458257646153846
109,2.308538947619047
110,2.5098080124999997
111,2.6740082833333334
112,2.5627575916666667
113,2.394116007692308
114,2.6090661958333334
115,2.55677775
116,2.660145975
117,2.4817060884615385
118,2.710191244117647
119,2.880094763636364
120,2.7631521090909095
121,2.572490629166666
122,2.817663809090909
123,2.7364075772727268
124,2.8589845772727274
125,2.652965083333333
126,2.9111479454545455
127,3.0903785
128,2.9591768363636364
129,2.740275890909091
130,3.0130413199999997
131,2.921552854545454
132,3.064136665
133,2.826269009090909
134,3.11905878
135,3.3001126799999994
136,3.1662628699999997
137,2.9120015863636364
138,3.2209650449999985
139,3.1091646850000005
140,3.2672192099999995
141,2.9971028937500006
142,3.3232469392857147
143,3.5255397722222224
144,3.384647772222222
145,3.08255527
146,3.4351570444444444
147,3.2891468600000002
148,3.49489345
149,3.1713299100000003
150,3.5455872166666675
151,3.7396022333333336
152,3.5866442944444445
153,3.256894424999999
154,3.640655433333333
155,3.4838634277777776
156,3.7005318888888885
157,3.344661733333333
158,3.7392041
159,3.9517098499999994
160,3.7945368125
161,3.427419683333333
162,3.8515628375
163,3.66201975
164,3.90449561875
165,3.5170266444444445
166,3.9643003062499997
167,4.1707015625
168,4.0044260000000005
169,3.601690194444444
170,4.06352165625
171,3.8427160562500005
172,4.116454406250001
173,3.6883913000000006
174,4.1704573125
175,4.383041314285714
176,4.2187518
177,3.7720165687500002
178,4.271754127272727
179,4.0282967
180,4.3328302857142855
181,3.8623996749999994
182,4.391889742857143
183,4.615174207142858
184,4.432335171428572
185,3.9503556625000003
186,4.485802814285714
187,4.2167909875000005
188,4.535571871428571
189,4.038981637499999
190,4.590779764285714
191,4.827007114285715
192,4.664212714285715
193,4.123794825000001
194,4.71033307857143
195,4.398357871428572
196,4.766810628571429
197,4.2101146499999995
198,4.826512900000001
199,5.054785391666667
200,4.864829578571428
