1,0.0029583802858189814
2,0.003860197731350935
3,0.004615098007547171
4,0.013959679177059791
5,0.01916097743259085
6,0.022771813176320817
7,0.026337266195652177
8,0.0300493276058632
9,0.03351458230912477
10,0.03592227894977169
11,0.03945243622603431
12,0.0432882700531915
13,0.04702502482798166
14,0.05122562705521472
15,0.05490180060402684
16,0.05931257987288136
17,0.06808796206070288
18,0.07127662605177992
19,0.07396472704081633
20,0.07944378743119267
21,0.08493239328793775
22,0.08648886653620351
23,0.08665846650197628
24,0.0899364215010142
25,0.09399952515789474
26,0.0951177874732334
27,0.09999677263513514
28,0.10068724520547945
29,0.10454871533957844
30,0.11130072592137594
31,0.11655733796296297
32,0.12008110693333335
33,0.12525281920980927
34,0.1260805714689266
35,0.13309221531791907
36,0.13305674985465119
37,0.14625115345911952
38,0.15033714196721312
39,0.15525534983164982
40,0.15869187157534245
41,0.1581089321799308
42,0.17372915187969926
43,0.17426160507518798
44,0.17887847093023254
45,0.17449502905660377
46,0.18854138036437249
47,0.19179817807377048
48,0.19427876108786607
49,0.19390578143459916
50,0.1897714398785425
51,0.19690985169491526
52,0.18464700542168672
53,0.2047365254385965
54,0.19821477288135592
55,0.20865908415178572
56,0.21217219059633027
57,0.20159665086580086
58,0.22220848285714287
59,0.21651233587962962
60,0.22576282241379306
61,0.21681935093023252
62,0.23617673000000003
63,0.23987318604060917
64,0.2344624090452261
65,0.2552409241935484
66,0.23566199899497486
67,0.25943296016483514
68,0.2536731434065934
69,0.2671015423295454
70,0.2510057806451613
71,0.25436786675824175
72,0.2819106254545455
73,0.27183810317919077
74,0.2917479428571429
75,0.2687347647727273
76,0.29200188788819875
77,0.28764010181818184
78,0.3021459193548387
79,0.3057298816129032
80,0.28620629759036154
81,0.31126443888888894
82,0.303605144516129
83,0.31783075066666666
84,0.30091137980769234
85,0.3271449965277778
86,0.3213769414965986
87,0.3250667952380953
88,0.31443659533333335
89,0.31939314628378374
90,0.3221548331081081
91,0.3371591471428571
92,0.32864952724137925
93,0.333989290625
94,0.33533703133802817
95,0.33909522821428567
96,0.35889707761194034
97,0.3461440996350365
98,0.35209268851851855
99,0.3542656432835821
100,0.37208892559055123
101,0.3614707895348837
102,0.36627592829457367
103,0.37015394457364337
104,0.37191251007751935
105,0.3957175590909091
106,0.37788938968253966
107,0.38532134516129035
108,0.38503351885245907
109,0.40727853965517236
110,0.3920616459016393
111,0.39551852644628105
112,0.40099825000000006
113,0.4029258516949153
114,0.42499004729729734
115,0.40994966896551727
116,0.41263312236842103
117,0.4167541942982457
118,0.4202654070796459
119,0.44000941296296303
120,0.42722658468468466
121,0.4300133378378379
122,0.43486691318181814
123,0.45836384190476176
124,0.44283606018518523
125,0.4438167550925926
126,0.4471933570754717
127,0.45282472238095234
128,0.4747871735
129,0.45994622285714293
130,0.46103993737864074
131,0.46672971504854366
132,0.49030362499999997
133,0.474231744059406
134,0.477640915
135,0.4790317405
136,0.4857164479591837
137,0.5081713720430108
138,0.4934498103092783
139,0.4940789298969072
140,0.5012828321052631
141,0.5252228070652175
142,0.5292629455555555
143,0.513397858064516
144,0.5121824639784947
145,0.5211939739130435
146,0.5437828642045455
147,0.528327995
148,0.5269723844444444
149,0.5356934301136362
150,0.5392843017857143
151,0.5650703666666667
152,0.5460208618181819
153,0.5452433431034482
154,0.5532601086206895
155,0.5802423658536586
156,0.5601909570588235
157,0.5600374552941176
158,0.563641922352941
159,0.5720507422619047
160,0.5998885527499999
161,0.5809295932926829
162,0.5783759719512195
163,0.5897200107843137
164,0.6136074397959183
165,0.5969983393749999
166,0.6009617549999999
167,0.5972691624999998
168,0.609436185443038
169,0.6343486842105263
170,0.6170792091836736
171,0.6116764525316455
172,0.6234660337662338
173,0.6474445574324326
174,0.6511054736486487
175,0.6331370157894737
176,0.6265226093749999
177,0.6399618744680851
178,0.6651323131944443
179,0.6467693567567568
180,0.6399803436170212
181,0.6436128585106382
182,0.6574912630434784
183,0.6844884673913043
184,0.6650551902777777
185,0.6578545771739129
186,0.6738282161971832
187,0.7047143534883721
188,0.6828028488636364
189,0.6862175579545454
190,0.6786508112676055
191,0.6952581927536232
192,0.7272727119047618
193,0.7045822686046512
194,0.6951639536231884
195,0.7123318358208954
196,0.74550999140625
197,0.749371910625
198,0.7211965083333334
199,0.7125267395522389
200,0.7278083090909091
