1,0.0025688791466442922
2,0.003393835819906536
3,0.0042542334098389055
4,0.004643616829524955
5,0.012411638645747312
6,0.017102629803761007
7,0.020201801125989044
8,0.022802485647216632
9,0.025431098014440438
10,0.02821666000766871
11,0.030762375986842113
12,0.033490814402407566
13,0.035117997781885395
14,0.0380558365063788
15,0.0406933242219917
16,0.043544423743315505
17,0.046954117476851846
18,0.04926614019253911
19,0.053051238423028786
20,0.05544802349799733
21,0.05831307033426185
22,0.06541940809968846
23,0.06635311611195158
24,0.06927418846153847
25,0.07447984355932202
26,0.07851137330275229
27,0.08058252018518519
28,0.08310364446564884
29,0.08599601101532567
30,0.08807595662650602
31,0.08806824371257485
32,0.08928520379241517
33,0.09161523143459915
34,0.09463690642398287
35,0.09718093645374448
36,0.09622743373101952
37,0.10013784560185185
38,0.10303822593023255
39,0.10523145023529412
40,0.11104282321867325
41,0.11380539262086514
42,0.11319832285353537
43,0.1222464855978261
44,0.12455259410958905
45,0.12787232020057304
46,0.13183122728658533
47,0.13494450868263475
48,0.13391657052785927
49,0.14342107569659443
50,0.14597130471698114
51,0.15101496809210527
52,0.15560557104377107
53,0.1579342070934256
54,0.15560199212328768
55,0.17209504686346863
56,0.1750992332706767
57,0.175962138973384
58,0.1764439321292776
59,0.1798722206225681
60,0.17531223992395437
61,0.18703457246963565
62,0.18935915202429152
63,0.17353417086466164
64,0.19136386255230126
65,0.19389103765690377
66,0.187327947
67,0.18980103627049177
68,0.19850776103896103
69,0.1849829758
70,0.1875015748995984
71,0.20222912938596493
72,0.19868018547008545
73,0.2014978426724138
74,0.2114938780542986
75,0.19979189851694915
76,0.20248967676991153
77,0.2202375059241706
78,0.21455530114678903
79,0.2174980825581395
80,0.22787923853658537
81,0.21732292314814816
82,0.22016769218009472
83,0.23574039975000002
84,0.23075576970443354
85,0.23362539727722773
86,0.24816229679144386
87,0.23458536550000003
88,0.23735748256410258
89,0.25700748461538453
90,0.2519792230769231
91,0.2553817766304348
92,0.26696133843930625
93,0.25222567673796786
94,0.2548400346774193
95,0.27963376636904763
96,0.26822243189655176
97,0.27105742270114946
98,0.28881815962732926
99,0.2913336304347826
100,0.2709301179190752
101,0.2931657490625
102,0.29556891086956516
103,0.28912859030303034
104,0.2981092099358974
105,0.30068129483870965
106,0.28653849907975465
107,0.3126941891447369
108,0.3157007043333333
109,0.3034552825806452
110,0.2979234849358974
111,0.3006407471518987
112,0.3033273741935484
113,0.3077428741830066
114,0.31110500065789476
115,0.3236387137931035
116,0.31773030544217684
117,0.3206009983108108
118,0.32039807241379314
119,0.3263645889655173
120,0.3292773138888888
121,0.3364335821428572
122,0.3346402939285714
123,0.33749477178571424
124,0.3370176246428571
125,0.3431469113138687
126,0.3462482105839416
127,0.3585338352272727
128,0.352263502962963
129,0.35510067611940294
130,0.3533731755555556
131,0.35601747121212124
132,0.36333797938931306
133,0.3709382377952756
134,0.37385397755905514
135,0.37170704527559056
136,0.3697560858267717
137,0.37267118976377955
138,0.3793814539682539
139,0.3956748685950412
140,0.39897701570247923
141,0.38676191967213114
142,0.38754767295081965
143,0.39039427786885245
144,0.39536351611570253
145,0.40709407068965514
146,0.4104395900862069
147,0.4034526369747899
148,0.40226701525423736
149,0.4044204427966102
150,0.4114304
151,0.4267941951327433
152,0.42947540945945945
153,0.41916648421052627
154,0.4146353583333333
155,0.4174807774336282
156,0.4264128608108108
157,0.4359808268181818
158,0.4387420722727272
159,0.43482152909090915
160,0.4306532423423424
161,0.43333330590909086
162,0.44363002407407404
163,0.4464222296296296
164,0.4645349762376238
165,0.4520421580952381
166,0.4544422885714286
167,0.44948417735849056
168,0.4601854300970873
169,0.46240994223300963
170,0.47376136
171,0.46744658980582526
172,0.46987067623762374
173,0.46471612178217825
174,0.4745795015
175,0.47744153749999996
176,0.49686006804123706
177,0.4835555989795919
178,0.4864852056122449
179,0.4818659265
180,0.49277332835051535
181,0.4959788845360824
182,0.5072134080645162
183,0.502298817894737
184,0.5053754652631578
185,0.49863963298969066
186,0.5110126935483873
187,0.5137740897849461
188,0.5335939147727273
189,0.519923754347826
190,0.5229183315217393
191,0.5156632902173913
192,0.52958012
193,0.5327495205555556
194,0.5419263903409092
195,0.5387879710227274
196,0.5414049363636364
197,0.5325317633333334
198,0.5355078033333334
199,0.549466808045977
200,0.5710861648809523
