1,0.0030763787347512293
2,0.004126276027859857
3,0.008460628677742343
4,0.016607343061728397
5,0.02100274357575758
6,0.024613756309041838
7,0.028812142720306515
8,0.032511048191757784
9,0.03563084527452745
10,0.039733844601412716
11,0.0438929527098831
12,0.048081085245901635
13,0.05309011590038313
14,0.056885135590969464
15,0.06570457151335313
16,0.06761302726550081
17,0.07428172422945205
18,0.07929285342960289
19,0.08319406
20,0.08694862747035575
21,0.08758971056751468
22,0.09116202556468173
23,0.09339962348008386
24,0.09757455273522976
25,0.09779257147505424
26,0.10312775928899083
27,0.10657110698795182
28,0.1137582051413882
29,0.11494187394014962
30,0.12432232255434782
31,0.12891426292613636
32,0.13463752113095237
33,0.1346819647230321
34,0.14576065126984128
35,0.15170017266666663
36,0.15745377277397257
37,0.1565038472972973
38,0.1738380316981132
39,0.1767660108365019
40,0.178552930608365
41,0.17538599846153846
42,0.18884122469635625
43,0.19252752871900825
44,0.17675495
45,0.19636862436440677
46,0.19161007095435686
47,0.200721330720339
48,0.18839825963114756
49,0.20415288135964915
50,0.20201519008620689
51,0.2128786315909091
52,0.20305272598253277
53,0.22173478846153846
54,0.21802348032407404
55,0.22926249064039408
56,0.22017527488372093
57,0.23673538705583755
58,0.23374155275
59,0.2486461301587302
60,0.23728343401015228
61,0.2575108115384616
62,0.25506424112903225
63,0.267624075
64,0.27158648419540227
65,0.25827777262569834
66,0.2831190708333334
67,0.2752674292397661
68,0.2930984732919254
69,0.27430802745664745
70,0.29594340506329114
71,0.29294384782608696
72,0.3021673455696202
73,0.28952322818181814
74,0.3177081456081082
75,0.3067865996774193
76,0.30098276121794876
77,0.30571578161290325
78,0.3106792101973684
79,0.3271749327586207
80,0.31934261802721087
81,0.32229139795918366
82,0.3278882166666667
83,0.33899695964285714
84,0.33540221249999996
85,0.339268859352518
86,0.3425985902877698
87,0.3480844627737227
88,0.3653141030534352
89,0.356694227238806
90,0.35883580454545455
91,0.3650653589147287
92,0.37866267741935483
93,0.37216570775193797
94,0.37474179448818895
95,0.3786207071428571
96,0.4026555596638655
97,0.3869656540322581
98,0.39321932827868855
99,0.39552875123966946
100,0.41175595479452054
101,0.4037915777310924
102,0.40524807584745764
103,0.41094189612068965
104,0.4307477747747748
105,0.4187324307017544
106,0.42245185575221234
107,0.42239451283185847
108,0.4300481810810811
109,0.44535302311320757
110,0.43888104545454554
111,0.4381693059090908
112,0.4462628092592593
113,0.47041850495049514
114,0.4549373547619047
115,0.4534794386792453
116,0.4620214291262136
117,0.47758303900000015
118,0.4694523717821782
119,0.468809410891089
120,0.4773353746031746
121,0.502339152631579
122,0.4849145816326531
123,0.4850695749999999
124,0.49470296546391757
125,0.5116212284946234
126,0.5044281278947369
127,0.5083416647368421
128,0.5057771010526316
129,0.5172599257879125
130,0.5429245426136364
131,0.5265286867276888
132,0.5230690934782609
133,0.5347751599999999
134,0.5503586816091953
135,0.5425366267045454
136,0.5395854789772726
137,0.5505260977011495
138,0.5799281846153846
139,0.5582237735294118
140,0.5562285851851851
141,0.5663575660714286
142,0.5861683646341463
143,0.5748031952380954
144,0.5733849490566039
145,0.5839248115853659
146,0.6159429233766233
147,0.5947918
148,0.5993955993749999
149,0.593552509375
150,0.6075340594936709
151,0.6231951194805194
152,0.6169054091836734
153,0.6111300816455696
154,0.6271600447916665
155,0.6560831381944444
156,0.6345472131578949
157,0.6259968250000001
158,0.6409850439189189
159,0.6552388554347828
160,0.6489326777027027
161,0.6381650078527435
162,0.6564607684782608
163,0.6878781670454543
164,0.66491928125
165,0.65502999375
166,0.6730525429577465
167,0.691209168115942
168,0.6828805693181819
169,0.673518838028169
170,0.6779310267605634
171,0.6969131224637681
172,0.7363023695121952
173,0.7062169216417912
174,0.6976744811257162
175,0.717686530952381
176,0.7395197487804877
177,0.726942643939394
178,0.7164200773809523
179,0.734143412195122
180,0.7782445512820514
181,0.7404080085365854
182,0.7291461909090908
183,0.74673740546875
184,0.7703606684981685
185,0.75458195625
186,0.74176397734375
187,0.7617812285714285
188,0.8072542508474575
189,0.7698943435897436
190,0.7579342337500001
191,0.7618849475
192,0.7819450491803277
193,0.8063247050847457
194,0.7900032094262296
195,0.7775879743589743
196,0.8001733720338983
197,0.8471646291666668
198,0.8086589491525424
199,0.7949919078947367
200,0.8173456702702702
