1,0.0020950888956310677
2,0.0026674363621317448
3,0.0032270724424424426
4,0.003657397596951864
5,0.004179147488251853
6,0.004200317023636829
7,0.005788861821816105
8,0.01163208803979246
9,0.014297927233840303
10,0.016917793478260872
11,0.01877358419825073
12,0.020587161195851134
13,0.022168625
14,0.023608864099216708
15,0.025196428044412605
16,0.027236683284671527
17,0.028608248068181824
18,0.030536179665271966
19,0.03158592422203533
20,0.033137782896959456
21,0.03405840776566758
22,0.0355415698173516
23,0.03731632483506126
24,0.03887780859374999
25,0.04050385514403292
26,0.042265589482029596
27,0.04394295043383949
28,0.04552842206546275
29,0.047609002356321845
30,0.04887595756302521
31,0.051656556510745896
32,0.053325693434343444
33,0.05492757612903227
34,0.05630409657894737
35,0.05812658449931412
36,0.06016161197991392
37,0.06590433366261399
38,0.06792495846518988
39,0.06728880332278482
40,0.06904339273162939
41,0.07093464248788368
42,0.07456547046232875
43,0.07625996727115716
44,0.07913306322992703
45,0.08041528862007169
46,0.08203001531954889
47,0.08370033125000001
48,0.08457238782327585
49,0.08687742597276266
50,0.08797901223091975
51,0.08922871351888668
52,0.08825285921843688
53,0.08963327174348697
54,0.09138152701030927
55,0.09150755922431866
56,0.0927547334736842
57,0.09483551767895879
58,0.09667759088937093
59,0.09782896179653681
60,0.09582413554852319
61,0.09733099444444443
62,0.10009077957589287
63,0.1018533190744921
64,0.10354341360465115
65,0.10480513606557376
66,0.10630124007009345
67,0.11113446831168833
68,0.11268859791154792
69,0.11442299271099744
70,0.11274754298245615
71,0.1145687332089552
72,0.1163940699488491
73,0.12378956410958902
74,0.12508445828804346
75,0.12752277254901961
76,0.1289033881944444
77,0.13045782258522726
78,0.13369165947521866
79,0.1355297398791541
80,0.13325592692307694
81,0.13508650796460173
82,0.1369135473372781
83,0.1452751662939297
84,0.1465944498381877
85,0.1505541013029316
86,0.15189374908424907
87,0.15370394966555187
88,0.15697109574829932
89,0.15850325479452054
90,0.16044220515463917
91,0.1570055596830986
92,0.1589939988095238
93,0.17381453264150942
94,0.17508198924528304
95,0.17738963859315587
96,0.17761580114503817
97,0.17950950505836574
98,0.17822089675572517
99,0.18042344098039215
100,0.18231830515873015
101,0.17626995921052632
102,0.17851705846153845
103,0.18883324618473896
104,0.190133870242915
105,0.1915715100409836
106,0.1744984546153846
107,0.17568092433962265
108,0.17672828917322833
109,0.19440664979253114
110,0.19583250940170943
111,0.18875025222672068
112,0.19036275102040814
113,0.1918766473140496
114,0.19917996163793103
115,0.20027929039301312
116,0.1857757801619433
117,0.18733978441295546
118,0.18892443714285717
119,0.20262311926406926
120,0.2040586163716814
121,0.1993972599576271
122,0.20103163528138526
123,0.2025599953947368
124,0.2112623455156951
125,0.21274241545454542
126,0.21431639050925924
127,0.2022665
128,0.20386779716157208
129,0.22023530642857145
130,0.2216982680952381
131,0.22308955857142862
132,0.21717558615023475
133,0.21903204050925928
134,0.22717657185929654
135,0.2296053012195122
136,0.23134281475000001
137,0.2196759084507042
138,0.22145658862559242
139,0.23532444550000003
140,0.23729178256410258
141,0.2385613607692308
142,0.23342137300000002
143,0.23499931100000004
144,0.23683906875000002
145,0.24931049117647058
146,0.25085929100529103
147,0.23708532385786804
148,0.23863363045685276
149,0.24031826564102568
150,0.2581523559322034
151,0.2598226964673913
152,0.2550580759358289
153,0.25701074945054947
154,0.2592410019230769
155,0.26866994396551724
156,0.27016592500000003
157,0.2545856865591398
158,0.2562833027472528
159,0.25773424780219784
160,0.27999286867469886
161,0.2816612003030303
162,0.28332002261904765
163,0.2730232143274854
164,0.2747447179190752
165,0.2904325602484472
166,0.2920167804347826
167,0.29368974968750006
168,0.27221923872832376
169,0.274025950887574
170,0.2933949413043478
171,0.2948636140625
172,0.2965611840625
173,0.2910625003030304
174,0.2926552202453988
175,0.29954515601265824
176,0.3012509639240507
177,0.30294853580645154
178,0.2877602153374233
179,0.2895429134969325
180,0.2911055698757764
181,0.3171045368243244
182,0.3184176922297297
183,0.30526507516129037
184,0.30701686580645154
185,0.3086382158064516
186,0.3002998176282052
187,0.3025836823717948
188,0.30434432916666665
189,0.30627150096774197
190,0.3079716083870968
191,0.31017175588235296
192,0.3120254124183006
193,0.3137118707236842
194,0.32774238551724133
195,0.3295657246527778
196,0.319081993581081
197,0.3208154567567567
198,0.32234242517006806
199,0.3229571404761905
200,0.3245511024137932
