1,0.003817641002914992
2,0.013146553522975932
3,0.022201763842710994
4,0.029291239525691702
5,0.03502450553097345
6,0.0422987536923077
7,0.049568894121140135
8,0.05758628211875843
9,0.06718649197819314
10,0.07702398783542037
11,0.08403989313346229
12,0.08839580363636364
13,0.09394221820083684
14,0.0968831619305857
15,0.10497086988372091
16,0.1117265392676768
17,0.12498958305555555
18,0.13385531548672566
19,0.1442751691693291
20,0.15346063026755857
21,0.1569782706185567
22,0.1762496763157895
23,0.18184099705882353
24,0.19009241929460582
25,0.19325257302904567
26,0.19740058080168776
27,0.18717158551020407
28,0.20005466452991452
29,0.20007329957264958
30,0.22200327
31,0.22857753146341467
32,0.23549173248730956
33,0.23509703223350253
34,0.23734939568527919
35,0.2545158168478261
36,0.2701634818181818
37,0.28160855591715983
38,0.28989453696969697
39,0.2939861963190184
40,0.29146078718749996
41,0.28709677078313256
42,0.303224742721519
43,0.3007853743670886
44,0.30988707335526317
45,0.3179277536666667
46,0.3234866472789116
47,0.33862746906474817
48,0.33793310285714284
49,0.3475677791970803
50,0.35528344365671644
51,0.36263209236641225
52,0.37028104844961235
53,0.37330484133858266
54,0.3986531847107439
55,0.38941368565573764
56,0.39653907066115707
57,0.4038464533613445
58,0.41023327629310347
59,0.4318578321428571
60,0.4182653679824561
61,0.4402759916666667
62,0.43848664727272724
63,0.4453161613207547
64,0.4525227443396227
65,0.4588587461165048
66,0.4762225239999999
67,0.4658190111650485
68,0.49824263247422673
69,0.4869692908163265
70,0.49536082319587627
71,0.5032405178947368
72,0.5021216942105263
73,0.5384418596590909
74,0.5170336225806451
75,0.5343216705555556
76,0.5411335937499999
77,0.5489313718390805
78,0.5558104464705882
79,0.5536567327586207
80,0.5846548963414634
81,0.5686741607142857
82,0.5855856725609757
83,0.594884259375
84,0.6030498753164557
85,0.6209774441558441
86,0.6048675867088608
87,0.6490540067567568
88,0.6350899973684211
89,0.6406174191489362
90,0.6472062885135136
91,0.6537427945652174
92,0.6839401215909091
93,0.650473268918919
94,0.6869310485507247
95,0.6839806746376813
96,0.6925907275362319
97,0.7018011383720929
98,0.691225836231884
99,0.7331667961197339
100,0.7082862552238806
101,0.7356044280487806
102,0.7405860902439025
103,0.7465291679687499
104,0.7524863687500001
105,0.7386274268292682
106,0.8024542550847459
107,0.7521257112499999
108,0.7801518516393443
109,0.7867771147540984
110,0.7942295486842105
111,0.8413972027777776
112,0.7887091401639346
113,0.8346367561302681
114,0.8258419008620691
115,0.8319365474137932
116,0.8383880875000002
117,0.8441374555555556
118,0.8715659957142857
119,0.8380897708333334
120,0.9122748500000001
121,0.8730885428571428
122,0.8811776536363636
123,0.8893760470588236
124,0.8740163585714287
125,0.9535418469999999
126,0.8903460132352942
127,0.9210979196969696
128,0.9285360852941177
129,0.9354150803921569
130,0.9419864484375
131,0.9255374727272726
132,0.9778514080645161
133,0.9411662624999999
134,0.9763326500000001
135,0.9836531596774194
136,0.9899603774193547
137,1.0157019966666667
138,0.9791509516129033
139,1.0691676155555558
140,1.0207454666666667
141,1.0258221033333332
142,1.0338681152173912
143,1.0416082189655171
144,1.1075588875
145,1.0286402999999997
146,1.0848324714285715
147,1.0747750732142858
148,1.0853366035714287
149,1.0931882464285714
150,1.070136306896552
151,1.1310914925925926
152,1.0863441160714284
153,1.1278949944444443
154,1.1295428759259258
155,1.1348694944444444
156,1.141149211111111
157,1.1154254314814813
158,1.2216442939999999
159,1.129457412962963
160,1.1724345538461542
161,1.1816844807692308
162,1.190657396153846
163,1.264508025
164,1.172806721153846
165,1.2320645259999998
166,1.2236618879999996
167,1.2302026260000003
168,1.237589232
169,1.2459154839999995
170,1.2710125312499998
171,1.223013194
172,1.3426329326086957
173,1.2807633958333333
174,1.2884501874999998
175,1.2959270145833333
176,1.2595974791666666
177,1.3856314636363638
178,1.2742042812500003
179,1.3283234021739128
180,1.3359423347826085
181,1.3441290869565217
182,1.3540047699999997
183,1.3133742217391302
184,1.3783230477272728
185,1.3241014326086955
186,1.3865524795454542
187,1.3934537045454543
188,1.4031437613636366
189,1.417390959090909
190,1.3644335892207793
191,1.5050531775
192,1.4341200071428575
193,1.437682842857143
194,1.4444274833333333
195,1.4532103571428572
196,1.5427167175
197,1.4126104121212122
198,1.4852462928571428
199,1.4893109047619044
200,1.50036099375
