1,0.0021014877191269997
2,0.0029485981832014607
3,0.003314762127131063
4,0.0037528252767068766
5,0.0038200380145126988
6,0.00432747821656051
7,0.009139218896226414
8,0.012661993268979911
9,0.01584425700961434
10,0.018112902887882226
11,0.02003781258640553
12,0.021740533100381192
13,0.02332652454308094
14,0.02488213864902507
15,0.02709463333333333
16,0.0285261689316575
17,0.030038162169735788
18,0.03174068269854133
19,0.033496791341991336
20,0.03429505802139038
21,0.03585605607175713
22,0.03787398441682601
23,0.03944423364257811
24,0.041283670490981965
25,0.04302202745202559
26,0.04470595791527313
27,0.047111671280276816
28,0.048461374679113184
29,0.05042073479604451
30,0.05294555263496144
31,0.054633990791180274
32,0.056124662057220706
33,0.05803553969144461
34,0.06427380605612996
35,0.06580317162576686
36,0.06827151709062003
37,0.06772962229402262
38,0.06947252946859904
39,0.07392584761499148
40,0.07510276982758621
41,0.07716593001776197
42,0.0796321787658802
43,0.08121586963946868
44,0.08304343345724906
45,0.08399668517823639
46,0.08637642669245649
47,0.08769706666666668
48,0.089068976247505
49,0.08819208787276342
50,0.08948749129979035
51,0.09007517889344263
52,0.09154962884210525
53,0.09295602473684211
54,0.09515748968085107
55,0.0965807051172708
56,0.09476922781385282
57,0.09633420860215053
58,0.09786059792122538
59,0.10100609493243244
60,0.10285686478555305
61,0.10411896147727272
62,0.10579755341176471
63,0.1104189157635468
64,0.11202591945137157
65,0.11395497773536896
66,0.11251315701754386
67,0.11450623439086292
68,0.12244643837837837
69,0.12390459198369563
70,0.12558494689265537
71,0.12787693259052924
72,0.12927829105113636
73,0.13218128911174787
74,0.13413374262536873
75,0.13197081504297994
76,0.13371930187861272
77,0.1358804987915408
78,0.14459869150641025
79,0.14603415689102567
80,0.15015087393442622
81,0.15178457312925173
82,0.15355796200657892
83,0.15693032340067337
84,0.1583760503472222
85,0.15485827037037037
86,0.15702489243986256
87,0.15883174364261168
88,0.17362528208955225
89,0.17585665653846158
90,0.17604544596153848
91,0.17802287075471698
92,0.17721071425855514
93,0.17942915782442745
94,0.18154417399999997
95,0.175318922761194
96,0.17751254828897342
97,0.1881930748995984
98,0.18961616161825726
99,0.19138193099173553
100,0.17413926882129277
101,0.1754956447761194
102,0.19282531065573771
103,0.19447081065573768
104,0.19601054647302904
105,0.18885477307692308
106,0.19051518724696354
107,0.19816399788135594
108,0.19936903571428571
109,0.18454315575396824
110,0.18618350100401607
111,0.18778417206477732
112,0.2020243132034632
113,0.20369896194690262
114,0.19895805698689958
115,0.20063682047413792
116,0.20248863092105263
117,0.21167999426605502
118,0.2130910142201835
119,0.20054710452586205
120,0.2023733397379912
121,0.21918981408450702
122,0.22066865900473934
123,0.22221568605769226
124,0.2160351709090909
125,0.21796978511627904
126,0.22627794661835748
127,0.22872536853658534
128,0.230586725990099
129,0.21883710140845067
130,0.2206982845971564
131,0.23530983994974874
132,0.23694065964467007
133,0.23892349051282044
134,0.2330501517326732
135,0.23490485
136,0.24808039301075266
137,0.24986992936507937
138,0.23515678567839196
139,0.2368865399497488
140,0.23872728974358973
141,0.2574292351648352
142,0.259284996978022
143,0.2538650499999999
144,0.25591510467032963
145,0.25810925109890115
146,0.26798873735632195
147,0.2694216783236994
148,0.253825187087912
149,0.2555658929347826
150,0.2790026047619048
151,0.2812408608433735
152,0.28240796160714293
153,0.2706529216763006
154,0.2723425054597702
155,0.28914782852760734
156,0.2904192709090909
157,0.2919301664596274
158,0.27100396818181816
159,0.272647167816092
160,0.2943011398734177
161,0.2956626653125
162,0.2971085284375
163,0.2902158319875776
164,0.29166247298136644
165,0.2991369512658228
166,0.30059181730769235
167,0.28529546867469885
168,0.28710093696969696
169,0.2888818046012271
170,0.31463506520270274
171,0.316003208445946
172,0.3033499125806452
173,0.30531642967741934
174,0.3069566606451613
175,0.2988998477848101
176,0.30065156329113923
177,0.30308704715189866
178,0.3047631715686275
179,0.30760753133333335
180,0.3094931241830065
181,0.3114832878289474
182,0.32489393068965516
183,0.3266539268965517
184,0.3174311347972973
185,0.3192822938775511
186,0.3211007717687075
187,0.32099886632653063
188,0.3229055680272109
189,0.32707940590277773
190,0.32901041215277776
191,0.3305877125
192,0.33798809392857143
193,0.3398816132142857
194,0.3354886028169014
195,0.3375138310714285
196,0.33688848357142853
197,0.33882789750000003
198,0.34038403250000004
199,0.34465479233576635
200,0.34672302
