1,0.0016556042346373052
2,0.0016196630104260835
3,0.0016780001962009932
4,0.0016485679035027473
5,0.0016483288582813582
6,0.0016608081756733218
7,0.0017315419327761108
8,0.002018814672412351
9,0.0021031610508260986
10,0.0021640367913121363
11,0.002188070369782214
12,0.0022595302542500373
13,0.0022639715173660814
14,0.0023036693555811283
15,0.002349207468212598
16,0.002559921390283332
17,0.002614546138178263
18,0.002654678304945055
19,0.0027140182568310936
20,0.0027478460525112067
21,0.002784303267012687
22,0.002847097966121564
23,0.0029552922352653463
24,0.0030480016647748773
25,0.0031263806676118055
26,0.0031837177149512917
27,0.0032197231782790975
28,0.0032535156008338378
29,0.0032585650477599893
30,0.003243715368371657
31,0.0032422698129650736
32,0.0032593060877169383
33,0.0033214318518518518
34,0.0033740364315642457
35,0.0034567296277145817
36,0.0035160510790582765
37,0.0035591768762379874
38,0.003598883548773189
39,0.0036272442605123248
40,0.0036574619446962824
41,0.003698735575234751
42,0.003748922462593516
43,0.0037894362567388075
44,0.0038371963260302134
45,0.0039012736047212442
46,0.0041518384020838685
47,0.004526816129688676
48,0.005251116760563381
49,0.005386246738888889
50,0.005523372623790552
51,0.005708315879753112
52,0.005992020792786558
53,0.006770002555233206
54,0.00753572252011625
55,0.008643207406082288
56,0.01033848350048305
57,0.011977258157276996
58,0.011087640378476971
59,0.011922171517268142
60,0.012323205152129816
61,0.012972631372024609
62,0.013241926983094926
63,0.013355714045434688
64,0.013530883362598771
65,0.013729038388625592
66,0.013915906644591611
67,0.014168862522966352
68,0.014387581206496518
69,0.014577200950226243
70,0.014818635434995111
71,0.015014986689976691
72,0.015257852094474151
73,0.015458816220165613
74,0.015795037412912216
75,0.01606299144869215
76,0.016300872706304464
77,0.01649086246990852
78,0.016710914855256477
79,0.01695730945138512
80,0.01715213924449108
81,0.01729644811935807
82,0.017547350754611512
83,0.017753723614641587
84,0.018020030225988703
85,0.018286767272248552
86,0.018470025233402493
87,0.01872015550636414
88,0.018995409852774633
89,0.01927526825084365
90,0.019620580993520518
91,0.019791983964932126
92,0.02016689710348706
93,0.02054141057176891
94,0.02078067633947707
95,0.021038179934601664
96,0.021255900881316098
97,0.021491413842482102
98,0.02172095174593618
99,0.02194430054243778
100,0.02216422303125
101,0.02241677617593158
102,0.02260784092906466
103,0.022779673872180453
104,0.02303218891625616
105,0.02328124554616385
106,0.02349408288401254
107,0.023781937786774628
108,0.023971740305444886
109,0.024183203569152323
110,0.024287590473104345
111,0.024397192920656632
112,0.024640178287255565
113,0.024964868631303205
114,0.025183485963114757
115,0.025484885287994447
116,0.025678756109643326
117,0.025871584001406468
118,0.026027927162162165
119,0.026218543531468536
120,0.026420767783149175
121,0.026650467093728935
122,0.02683840544005544
123,0.027039106504922646
124,0.027223127888153058
125,0.02739847319884726
126,0.027591021556671452
127,0.02779547282127031
128,0.028009140801717968
129,0.028227767984790878
130,0.02840907447963801
131,0.028625772929447846
132,0.028883421185770756
133,0.02908686526045488
134,0.02926474352678571
135,0.029491657163742684
136,0.029624091913439635
137,0.02987584948535233
138,0.03011619444872783
139,0.030311817480000006
140,0.030505483976377954
141,0.030678666692367004
142,0.03090860879337538
143,0.030851742977099243
144,0.031039056743421056
145,0.03124191266778524
146,0.031456350202265365
147,0.03171894187652315
148,0.03185840952380952
149,0.032059817968127485
150,0.03223590397867104
151,0.03246786373674911
152,0.03269653736401674
153,0.032902962448812446
154,0.03307869209183674
155,0.033251151496763755
156,0.03343279393809114
157,0.03363035004306632
158,0.03380540242346938
159,0.03398463664700927
160,0.03419776304347827
161,0.03440805705073086
162,0.03459731196397942
163,0.034796827083333336
164,0.035001930965147456
165,0.03521910510483135
166,0.03539798582677166
167,0.03561618608923885
168,0.03584922341269842
169,0.036089947151898734
170,0.03635589769965278
171,0.03662250963096309
172,0.036742368584474897
173,0.03696630934411501
174,0.037159410467380714
175,0.03731379223107569
176,0.037506331905196
177,0.03773454239631336
178,0.037889349632014714
179,0.03813599002862596
180,0.03833471444114738
181,0.03853869665391969
182,0.038724844604651164
183,0.0389430475071908
184,0.03915318829268292
185,0.039343337549019614
186,0.03947065073529411
187,0.03965393591408592
188,0.039943605772994134
189,0.040182143186274506
190,0.040417142107892115
191,0.0406124125996016
192,0.04082789460784314
193,0.041023244191919196
194,0.04123360038872692
195,0.04137464271653544
196,0.04149123091451293
197,0.041804851883910386
198,0.0420756846473029
199,0.042318254256410254
200,0.042470929289340105
