1,0.004116015829444209
2,0.016678105724557524
3,0.02498061122724208
4,0.032991861558219183
5,0.03996324805128205
6,0.048081772046783613
7,0.0574394413105413
8,0.07048236883223685
9,0.07951544839622642
10,0.08680191511857709
11,0.09210791569037657
12,0.09890373634311511
13,0.10419127494089836
14,0.1167561047314578
15,0.12386192329700275
16,0.13188752766570608
17,0.14935644852459018
18,0.15443205357142858
19,0.1753860492395437
20,0.1807004753968254
21,0.19028808493975904
22,0.19319509090909093
23,0.1971723743589744
24,0.2055026975663717
25,0.2107789669683258
26,0.22140810829383886
27,0.22632708128078816
28,0.23691830251256277
29,0.253146745923913
30,0.2582361576923077
31,0.26659034829545464
32,0.27863280565476184
33,0.28996543190184043
34,0.2906887739263803
35,0.301446728525641
36,0.3085876375
37,0.3146825626666666
38,0.30271170641025646
39,0.3252290513793104
40,0.3196038418918919
41,0.3372794070422535
42,0.33548029107142857
43,0.358469075
44,0.35143505518518525
45,0.37179788779527556
46,0.3673404297709924
47,0.39458070743801654
48,0.38447203073770486
49,0.4060788836206896
50,0.3984434690082645
51,0.4237040982300886
52,0.411124711637931
53,0.43485879954545464
54,0.42677183738738744
55,0.4565343738095239
56,0.44488086620370365
57,0.452576253773585
58,0.4601353604761904
59,0.467926042079208
60,0.47605006750000006
61,0.4850408484693877
62,0.49366370154639183
63,0.5019076784210528
64,0.5109232489247313
65,0.5203548874999999
66,0.5294591912280701
67,0.5366923874999999
68,0.5447570556818182
69,0.5523202660919541
70,0.5599452117647059
71,0.5684406577380952
72,0.5783307780487804
73,0.5884871020205642
74,0.597133940625
75,0.5951890668750001
76,0.6347293203947368
77,0.6119697917721519
78,0.647194444680851
79,0.6246619051948051
80,0.6652780373239435
81,0.6396390521276596
82,0.6786131774647889
83,0.6555898413043478
84,0.7028218320895522
85,0.673881414084507
86,0.7186869833333334
87,0.6926108746376811
88,0.7446548765625001
89,0.7091783380597015
90,0.7551511375
91,0.7222834962121212
92,0.7742201256410256
93,0.7519245362500001
94,0.7597096246031745
95,0.7674144071428571
96,0.7755381256410256
97,0.7826562512820512
98,0.7910153789473684
99,0.8008274855263158
100,0.8096006245762711
101,0.8176677918918919
102,0.8257991396551723
103,0.8324280120689656
104,0.839683423611111
105,0.8471369666666667
106,0.8565636776785713
107,0.8654140357142858
108,0.8727241099999999
109,0.8814853181818181
110,0.8907768529411765
111,0.8997734103773586
112,0.8879813367647059
113,0.9494862281249998
114,0.903568753773585
115,0.9617860759999998
116,0.9196309606060605
117,0.9830586177419355
118,0.9358856078431371
119,0.9964149354166666
120,0.9529395531249999
121,1.0181444416666667
122,0.9694583854838709
123,1.0307817489130435
124,0.9843926096774192
125,1.0505654275862069
126,0.9992522125
127,1.0629095120689658
128,1.0148557016666668
129,1.0866511964285714
130,1.0632405517241381
131,1.0723884208333334
132,1.0853855053571428
133,1.0944121839285716
134,1.1025064035714287
135,1.1065772337209303
136,1.1121769941860467
137,1.118965012962963
138,1.1266035574074074
139,1.1346482796296293
140,1.1447344071428573
141,1.1542454226190475
142,1.164484898076923
143,1.1747726923076922
144,1.184201148076923
145,1.19290009
146,1.2009742554999996
147,1.208067958
148,1.2170603279999999
149,1.1870079975
150,1.265979
151,1.2024876759999998
152,1.2791383604166666
153,1.2193871199999997
154,1.3000047297297297
155,1.235465494
156,1.3143251999999999
157,1.2503333166666666
158,1.3329043239130436
159,1.2667268083333332
160,1.3468616543478262
161,1.2834420458333333
162,1.3675727522727272
163,1.3002531895833331
164,1.3808675522727272
165,1.3152547847826088
166,1.4024767772727273
167,1.3898921113636362
168,1.3964906
169,1.402404197727273
170,1.4085321454545456
171,1.417572827272727
172,1.4267797696969693
173,1.43600855
174,1.446812207142857
175,1.4571847428571427
176,1.4677578119047618
177,1.476286545238095
178,1.4850333523809522
179,1.4918802624999996
180,1.4965917890625
181,1.5031327875000002
182,1.5122603975
183,1.5216147425000002
184,1.5309990974999996
185,1.5397736924999998
186,1.4832219952380952
187,1.5810726722807016
188,1.5000567696875
189,1.5954248684210526
190,1.515677855
191,1.6176539447368423
192,1.53304857
193,1.6305381578947369
194,1.5478407425000003
195,1.6513089052631578
196,1.5636399074999998
197,1.668107089942529
198,1.5801526433333335
199,1.6853170916666667
200,1.596817173684211
