1,0.002102378614771151
2,0.0029938227290836656
3,0.003471572262669522
4,0.003928895920586341
5,0.004114107270754205
6,0.005277185950983776
7,0.011626779252631407
8,0.015138008647502357
9,0.017595246143018016
10,0.019761430299539175
11,0.021732364567183467
12,0.023309197632120797
13,0.025197848513870538
14,0.027002964541387026
15,0.02869877419230769
16,0.030768590691280434
17,0.03258275908304499
18,0.03357905671514114
19,0.03522356256660746
20,0.037130705422794126
21,0.03896673730620155
22,0.04094518663967611
23,0.04274531368861024
24,0.04470734351949421
25,0.04670713632768361
26,0.04846930549828179
27,0.05103654178743962
28,0.053066074804177535
29,0.0548153837890625
30,0.05720186821236559
31,0.059334393953804354
32,0.06588333914062498
33,0.0681835561806656
34,0.06964831330128204
35,0.07138466542288557
36,0.07279367413793103
37,0.07438712001703579
38,0.07843757553956833
39,0.079723035701107
40,0.08421112685873605
41,0.08521897861328125
42,0.08677226015624999
43,0.08673424101796406
44,0.08845857831325302
45,0.08733802819253439
46,0.08886990765957445
47,0.09165489422680412
48,0.09332041213389122
49,0.09292567827004221
50,0.09481109393617021
51,0.09630871348684211
52,0.09956781365638766
53,0.10094611557562078
54,0.100035457735426
55,0.10204609369266054
56,0.10402443840749413
57,0.1057025706088993
58,0.11114704670731708
59,0.11269251318407958
60,0.11650657917737788
61,0.1180263238903394
62,0.1200387090425532
63,0.12365177316076294
64,0.12532017236111112
65,0.12468298205479454
66,0.12632182416666668
67,0.13144148569364164
68,0.13330093211143695
69,0.1317387923295455
70,0.13357376501457727
71,0.13560535449101796
72,0.14653888322683709
73,0.14831519838709675
74,0.1507727975
75,0.1527098415562914
76,0.15560725320945948
77,0.1572787381849315
78,0.15497189899665553
79,0.15715121292517006
80,0.17094469047619051
81,0.17275916666666669
82,0.175533083460076
83,0.17353005858778622
84,0.17555052679245284
85,0.1783629886792453
86,0.18066611070038913
87,0.17402548679245283
88,0.17647184599236646
89,0.18843662248995985
90,0.18987323729508193
91,0.19184294377593364
92,0.19279517700421944
93,0.19428269524793387
94,0.19240896867219917
95,0.19398190041493776
96,0.18819954200000003
97,0.19009219483471076
98,0.19570438577405858
99,0.19712466440677964
100,0.18330274529411764
101,0.185047181496063
102,0.186768468
103,0.20502013392857144
104,0.20700719380530977
105,0.19888305506329113
106,0.20057453008658008
107,0.20952983386363636
108,0.2111349334841629
109,0.1988144555084746
110,0.2007092047008547
111,0.21955096000000002
112,0.22133486473429956
113,0.22292045426540283
114,0.21573305774647883
115,0.21760957723004695
116,0.22493186826923073
117,0.2272860795566502
118,0.2164646798611111
119,0.21839228101851849
120,0.2357005271356784
121,0.23767926333333333
122,0.23939891598984775
123,0.23247411108374386
124,0.2344248268844221
125,0.2531713379032259
126,0.2551813736413044
127,0.23393038324873092
128,0.23578929499999998
129,0.2575676627717391
130,0.2595211044198895
131,0.2518763540106952
132,0.2539516225806452
133,0.2564323619565217
134,0.2674059418079096
135,0.2691435962427746
136,0.25163381898395715
137,0.2534316201612903
138,0.27894681420118345
139,0.28094355446428565
140,0.2689668801724138
141,0.27111098930635835
142,0.272758026035503
143,0.2913327073619632
144,0.29255256687116565
145,0.2681203951704545
146,0.26984281350574707
147,0.291462768404908
148,0.29270930245398774
149,0.2871559798192771
150,0.2888984387878788
151,0.3014672903846154
152,0.30346090065359477
153,0.3052236187096774
154,0.2842014118181818
155,0.2860537888198758
156,0.3097715366013072
157,0.31117148431372554
158,0.30159371281249997
159,0.30376998580645154
160,0.31572603099999996
161,0.31780475104166667
162,0.3197079300675676
163,0.30134446531250003
164,0.30301545870967744
165,0.3278227593103449
166,0.3297060158450704
167,0.3219407867346939
168,0.3236563476190476
169,0.31141248355263157
170,0.31329344466666675
171,0.316614354054054
172,0.31827782432432433
173,0.3201880753378379
174,0.3211803642857143
175,0.32313169455782315
176,0.3363571875
177,0.3383263903571429
178,0.32794075381944443
179,0.3300445420138889
180,0.33352919260563374
181,0.33547928561151075
182,0.33711386725352116
183,0.3370850845070423
184,0.33892896726618704
185,0.35677594179104477
186,0.36300174377309685
187,0.34434943920863303
188,0.34623561605839415
189,0.3501509759259259
190,0.35198292222222227
191,0.3524103607407408
192,0.3544860526119403
193,0.3563928651515151
194,0.3724474476744186
195,0.3744098940944882
196,0.36188929809160303
197,0.3636677667938931
198,0.3669554220930233
199,0.368949088372093
200,0.3688766879844962
