1,0.004570764127672297
2,0.022709853660768765
3,0.033351864603313
4,0.04305267355110642
5,0.05473090754076087
6,0.07101452947882737
7,0.08463588285440614
8,0.08944968835341364
9,0.09959751875
10,0.11081065780487802
11,0.12480482486263737
12,0.13271708395953757
13,0.15328084917763157
14,0.17286717584905656
15,0.17370052283018866
16,0.19349590907172995
17,0.19651289219409282
18,0.19733761666666663
19,0.20089473268398264
20,0.2248749046341463
21,0.23842006206030153
22,0.2347568055
23,0.26606097966101694
24,0.2809392621301775
25,0.26772724602272724
26,0.290623032208589
27,0.31038953453947365
28,0.29973259968354427
29,0.3242623289115646
30,0.32117122027027034
31,0.3325278628472222
32,0.35791778030303034
33,0.35367117574626866
34,0.36438606488549613
35,0.3940785117647058
36,0.3839068027777778
37,0.3947044474789916
38,0.4235852300884956
39,0.41406376184210525
40,0.426299468141593
41,0.4567258590476191
42,0.44529515849056595
43,0.4587213242857143
44,0.48839037500000015
45,0.4768441835000001
46,0.49215299948453606
47,0.5029352168421054
48,0.5096617855932203
49,0.527554685
50,0.5376953363636363
51,0.5425500397727273
52,0.5809674384615385
53,0.5702755577380951
54,0.5759436398809523
55,0.6145285908163267
56,0.607331217721519
57,0.6083089493670888
58,0.6474940265957447
59,0.6386084312010077
60,0.6486598675675677
61,0.6793725394366198
62,0.6710799888888889
63,0.6840994454545455
64,0.7204835000000002
65,0.6951788152173914
66,0.7217764404761904
67,0.7570870949999999
68,0.7249319007575757
69,0.74944904296875
70,0.7891456497411562
71,0.7546257012499998
72,0.7804596435897436
73,0.7915112315789475
74,0.7871596024590163
75,0.8157482689189187
76,0.8262147413793103
77,0.8181479040540541
78,0.8789226072727273
79,0.8575646714285713
80,0.8507977633928573
81,0.9128687606060608
82,0.892622688235294
83,0.8846829397058824
84,0.9473052890624998
85,0.9238062727272727
86,0.9376021928921568
87,0.9812302129032259
88,0.961495296
89,0.973212508064516
90,1.0166666633333334
91,0.9710989435483869
92,1.0043467333333334
93,1.0493851413793103
94,1.0013246649999998
95,1.040271175862069
96,1.0534732672413796
97,1.0366125413793101
98,1.0826549357142858
99,1.0942955821428573
100,1.0689018988888888
101,1.107826243023256
102,1.1176624888888889
103,1.0973199303571426
104,1.175740971153846
105,1.1543144952380953
106,1.1334744518518518
107,1.2139757720000002
108,1.1932077799999998
109,1.2033296340000001
110,1.248480561842105
111,1.227907022
112,1.239593012
113,1.2840848625000003
114,1.2640142979166666
115,1.2764471541666667
116,1.3181059521739131
117,1.2512961881578948
118,1.3096824652173915
119,1.3521649628571428
120,1.2843431750000005
121,1.351207502173913
122,1.3611214414285713
123,1.3179681739130433
124,1.3863678863636364
125,1.3950934181818182
126,1.3492934695652172
127,1.4135722681818184
128,1.425630721212121
129,1.3789456931818183
130,1.4736945904761902
131,1.4662833119047618
132,1.4164358522727274
133,1.5121917375
134,1.496935223809524
135,1.5046369974999998
136,1.5440502875000002
137,1.53096563
138,1.5425350575000003
139,1.5792204516666664
140,1.5654974799999999
141,1.5772591
142,1.6164987763157896
143,1.531880295
144,1.609020439473684
145,1.6495435894736843
146,1.564107286666667
147,1.644647560526316
148,1.6546803894736841
149,1.5960743184210524
150,1.679149563888889
151,1.69176295
152,1.628712457894737
153,1.715239402777778
154,1.7284045611111112
155,1.6624965368421054
156,1.784183147058824
157,1.7675380147058826
158,1.695951636111111
159,1.8182701205882352
160,1.7958836529411766
161,1.8063006676470588
162,1.851408782352941
163,1.8384968735294116
164,1.8543235382352943
165,1.8916946562500003
166,1.8822915187500002
167,1.8892755906249996
168,1.922648921875
169,1.8136348617647062
170,1.9166407749999996
171,1.9555787437500003
172,1.8443085911764707
173,1.948870015625
174,1.9642875218750002
175,1.8784733825000002
176,1.9843486312500005
177,1.995930622916667
178,1.9086744906249997
179,2.0275139233333337
180,2.043205233333334
181,1.94490556875
182,2.0774039233333332
183,2.0830495500000006
184,1.9759909781250002
185,2.1086824099999997
186,2.107948223333333
187,2.1197406633333338
188,2.139488645454545
189,2.144852522727273
190,2.1596014107142856
191,2.178874114285714
192,2.060684733333334
193,2.1911303714285717
194,2.210222389285714
195,2.090991056666667
196,2.225958375
197,2.245619710714286
198,2.1234887133333333
199,2.262597596428572
200,2.2763838392857147
