1,0.0016746153465517835
2,0.0016785256881494584
3,0.0016737314278696003
4,0.0016789349648382973
5,0.001674648163073058
6,0.0016781606230171183
7,0.001675361523153596
8,0.0016736679002050106
9,0.0017026855865609613
10,0.0019455962676988494
11,0.0019960703201886386
12,0.0020211890555880147
13,0.002058810206899482
14,0.002071941514645426
15,0.0020743015012635456
16,0.0020982634256250265
17,0.002115560928760534
18,0.0021298215965944
19,0.002337863125757208
20,0.0024367558794946547
21,0.0024762370530905355
22,0.002499399342275623
23,0.002514074496103896
24,0.0025512146781589673
25,0.002588738868519782
26,0.0025918269643429056
27,0.00261513934981834
28,0.0026387241874589627
29,0.002851897310860714
30,0.002923772781440929
31,0.0029568085710794793
32,0.0029933185732775786
33,0.003001000538545926
34,0.00303110811570661
35,0.003048657631130468
36,0.003150683825222397
37,0.003156621191948841
38,0.0031938508664021165
39,0.003239195005690567
40,0.003280563120567376
41,0.0032968020146720684
42,0.0033251147686710596
43,0.0033723912099347855
44,0.0033769332032339
45,0.0033882890214045887
46,0.0034127311846887786
47,0.003434934708433185
48,0.0034656531682825484
49,0.0034846930237580993
50,0.003514171676237553
51,0.0035370829779465458
52,0.0035677349768600927
53,0.0036185033506086536
54,0.00364112332632843
55,0.0036611918831906663
56,0.003680647829062429
57,0.0037046616444105307
58,0.0037378061771440345
59,0.0037719493820329505
60,0.0038137111915630415
61,0.0038368541669961246
62,0.0038622528617924903
63,0.0038930966718366293
64,0.003920207337839595
65,0.003941261553429544
66,0.003992916433911114
67,0.0040566049440502305
68,0.004094734922506739
69,0.004115717298397354
70,0.004166372517810485
71,0.004199750886745997
72,0.0038244954299041845
73,0.0038119705653266336
74,0.0038230590342483
75,0.003824388405069645
76,0.00385385435666201
77,0.0039153241454920685
78,0.003992270900829712
79,0.004050677499666267
80,0.0041093079025912365
81,0.004162480930331352
82,0.004195273871601983
83,0.004209019106820392
84,0.004236281017872102
85,0.004260243134915064
86,0.004297621553983228
87,0.004321152711527541
88,0.004351002077087794
89,0.004391737564618036
90,0.004438501241109016
91,0.00449714817975488
92,0.004557813295741208
93,0.004626706981132075
94,0.004683504824726725
95,0.004956575569374899
96,0.005271321227555248
97,0.005584954217974637
98,0.005835153461446645
99,0.006347667855639731
100,0.006697024678919398
101,0.007317913699877064
102,0.008415678087649403
103,0.009189627884796978
104,0.009906695405810665
105,0.010603529508196721
106,0.011028518298500682
107,0.010949991890367697
108,0.011180055904696133
109,0.011352858735749961
110,0.011423575246960487
111,0.011514890576102417
112,0.011620118283052896
113,0.01175632860768673
114,0.011915326350687623
115,0.012110963658340048
116,0.012322508009368422
117,0.01250008758835759
118,0.01269221183625425
119,0.012877396468031167
120,0.013038146060606062
121,0.013294396843163733
122,0.01352271878988036
123,0.013884571215787914
124,0.014086911725874752
125,0.01439705195961995
126,0.014720577546186638
127,0.014920666715786813
128,0.01513022646627566
129,0.015302174599320059
130,0.015525586356821589
131,0.01574277969047619
132,0.015928805183220828
133,0.016167618624935865
134,0.01634252867298578
135,0.016483070529152374
136,0.016609136734177212
137,0.01670348121261555
138,0.016842301466803912
139,0.017032527004655976
140,0.01723919173618352
141,0.017446795013698634
142,0.017649794476591266
143,0.01733941399782135
144,0.017596153007518798
145,0.017777876680303915
146,0.017936044532967026
147,0.018062436341330427
148,0.01817306975138121
149,0.018274749261487967
150,0.018341245384157233
151,0.018479500443786986
152,0.018624981731294375
153,0.018824623717948717
154,0.018986263784246577
155,0.019158596529786007
156,0.01934675284122563
157,0.019488232837127844
158,0.01960426469411092
159,0.019717738699040768
160,0.01972355764705882
161,0.019904815032107417
162,0.02007990405561993
163,0.020210283831604642
164,0.02033349871345029
165,0.02044931147990256
166,0.020552240283775447
167,0.02066291449054301
168,0.0207800813116657
169,0.020884051830384383
170,0.020997054849812267
171,0.02107316038251366
172,0.021164817112462007
173,0.021260239644416718
174,0.021408485201511337
175,0.02154665901791229
176,0.021732191086532213
177,0.021913870853960394
178,0.021811334711779446
179,0.021932069676375406
180,0.022040321773659825
181,0.02217123782321107
182,0.022317869911504428
183,0.02245060432468396
184,0.022640355349932705
185,0.022716959177631578
186,0.02277191814044213
187,0.022813693849080535
188,0.02292636052123552
189,0.023047795776918113
190,0.023154768394980187
191,0.023252794046094753
192,0.023335613730743467
193,0.02342311687096774
194,0.023537889419907712
195,0.023653391927951968
196,0.023772458418693982
197,0.023853921499339497
198,0.02392867311095984
199,0.024025468685831622
200,0.024118000365205842
