1,0.0017400902172261888
2,0.001726413321304824
3,0.0020344753735741044
4,0.002049196854624267
5,0.002444774472488642
6,0.0025523000974658873
7,0.0028440483109386833
8,0.0028613310510492815
9,0.003033412457743834
10,0.0031537428082077323
11,0.0032643170700551298
12,0.0033612894448679744
13,0.0034842646255096935
14,0.0035872529456366575
15,0.0036960350053159177
16,0.0038440636238279086
17,0.0036194060090433125
18,0.0036764789948607623
19,0.003921482309709199
20,0.004058749073694565
21,0.004219491608362134
22,0.004901056699476107
23,0.006776607019842553
24,0.008618953171078346
25,0.011057803306564423
26,0.011737786363019073
27,0.012134231300484652
28,0.01289272315873438
29,0.013649216371548445
30,0.014861897428288822
31,0.01575925267618411
32,0.016515021723426213
33,0.017129016992399566
34,0.017652066261312216
35,0.018372751152073732
36,0.018843387231572837
37,0.019558117050772615
38,0.020135828852739724
39,0.020687626140456182
40,0.02120002703542573
41,0.021591609778597788
42,0.02212536518308081
43,0.022906438412162167
44,0.02354430380611581
45,0.023547673852295413
46,0.023881082846467387
47,0.024366783309506795
48,0.02468676487658439
49,0.025280642678440025
50,0.026102517623546508
51,0.02642784624548736
52,0.02712263321005917
53,0.027490989655172413
54,0.02780334700460829
55,0.028303890991672975
56,0.028743643825757576
57,0.02930626656176239
58,0.029939238297013716
59,0.03068382019785655
60,0.031063564274258222
61,0.0315639805958132
62,0.0320814872278057
63,0.032509485751978894
64,0.03304578700421942
65,0.03331748838682432
66,0.034042553493449784
67,0.034751634739676844
68,0.03400921701263538
69,0.03456685299559472
70,0.03503466980018166
71,0.03545559108635098
72,0.03599567712477396
73,0.036423097654093836
74,0.03701802851674642
75,0.03755027965225564
76,0.03823116179149798
77,0.0387089010375494
78,0.0391839945807771
79,0.039476617391304356
80,0.04006949666666667
81,0.04057793894422311
82,0.04105018884254432
83,0.04168809192348565
84,0.04219973420502092
85,0.04276775557872784
86,0.04323852402386118
87,0.04375693538135594
88,0.044219193825136616
89,0.04479649841875682
90,0.045107973340707964
91,0.04558461371428571
92,0.04619582184971099
93,0.046894202637614686
94,0.04698759350348028
95,0.04746186664746544
96,0.04792628047235024
97,0.04839090293772034
98,0.04881472963182898
99,0.049294293779904304
100,0.04984308351515151
101,0.05039799554878048
102,0.051548182962962964
103,0.0520386693384224
104,0.052532339203084845
105,0.05303379265997491
106,0.0535191387076537
107,0.05387227735099337
108,0.054368194757536036
109,0.05494653964143426
110,0.05566368877822045
111,0.05628878798920378
112,0.05683565311231394
113,0.05743675901525658
114,0.058040459778085994
115,0.058525395198902604
116,0.05897899594780219
117,0.059521670687237016
118,0.06028627126099706
119,0.06391309984917044
120,0.0643204223338485
121,0.06501261204268292
122,0.0654690030780781
123,0.06609610224806202
124,0.06675818696343402
125,0.06734233129952458
126,0.06815412237048667
127,0.06736719820872275
128,0.06817297017684888
129,0.06879007751196171
130,0.06949642078559737
131,0.06996354867986798
132,0.0705509316912972
133,0.07098179205685619
134,0.07150052755443886
135,0.07220087932773109
136,0.07581490834797891
137,0.07600941588541668
138,0.07620693117338004
139,0.07670137784588442
140,0.07696440509666079
141,0.07755854446494465
142,0.0782688195143885
143,0.07878946010830325
144,0.08004971624087591
145,0.08044039591078067
146,0.08062187531760436
147,0.08092694009174312
148,0.08144831952380951
149,0.08178512063197026
150,0.08224801672932329
151,0.08289548764367816
152,0.08353900532945738
153,0.08615547132936509
154,0.08655232027833001
155,0.08663987021276597
156,0.0870028344680851
157,0.08734441809338521
158,0.08755718433133731
159,0.08800781850393702
160,0.0886112488023952
161,0.08755317151277014
162,0.08812323277559056
163,0.08832310019880714
164,0.08857768932135728
165,0.08910065788934426
166,0.08959263577154308
167,0.08980195942622952
168,0.09027027762886598
169,0.09086249468085107
170,0.08841732875751503
171,0.08877008722554891
172,0.08924116226804125
173,0.08960089949083502
174,0.08994813699596774
175,0.09037249083503054
176,0.09088772848484848
177,0.09140253656565657
178,0.09385675754923412
179,0.09431599293248948
180,0.09480468017057568
181,0.0951697864893617
182,0.09562975899357601
183,0.09601747885032538
184,0.09632834129955947
185,0.09685664552238805
186,0.09743864804772233
187,0.09447344313725492
188,0.09507196489361702
189,0.09551457283549783
190,0.09593687869379014
191,0.09646762807017543
192,0.0966689481359649
193,0.09710564185022026
194,0.09757653366013071
195,0.09798018337028826
196,0.09848203193832597
197,0.09901610571748878
198,0.09934139403973509
199,0.09998029439461883
200,0.10035936984126984
