1,0.002084896703651142
2,0.0029459753243193856
3,0.0032944036414412443
4,0.0037020757277494874
5,0.003899649349478295
6,0.0065802874288425055
7,0.011962547916666668
8,0.015520117457212719
9,0.01795665934317719
10,0.020245235400593472
11,0.02210455409546258
12,0.02381993982655103
13,0.025807852139565504
14,0.0275992981923355
15,0.02940643267023719
16,0.03151477377650897
17,0.03324015650442478
18,0.03440996763157894
19,0.036168089387211375
20,0.0383008008293839
21,0.040135535771947534
22,0.04210556799792531
23,0.044065969748858444
24,0.045950761652542374
25,0.04758845608187135
26,0.04932819323699422
27,0.05209414975845411
28,0.053844592991239046
29,0.05614044799196788
30,0.05829756176861701
31,0.06056965707213578
32,0.06545373121301776
33,0.067946265855573
34,0.06936071603618421
35,0.07119334302884614
36,0.07600056733102252
37,0.07764886899641577
38,0.08042655106951874
39,0.08168288204419889
40,0.0858869867735471
41,0.08706315859683796
42,0.08868354385080643
43,0.08861657749490835
44,0.0901611311264822
45,0.08905759887983705
46,0.0906102481557377
47,0.09447497598343685
48,0.09607466265822784
49,0.09444842211740041
50,0.0964326050772627
51,0.09791886279826466
52,0.09951421696230599
53,0.10114301507760533
54,0.10307313095794393
55,0.10518014917257684
56,0.1085043415274463
57,0.11030706044226045
58,0.1133777866583541
59,0.11487679560301509
60,0.1182729002610966
61,0.12010600419075143
62,0.12202321796246648
63,0.12471869619565219
64,0.12638154441416893
65,0.1267461153314917
66,0.12832435450704224
67,0.13336719956395346
68,0.1355239789940828
69,0.13772826249999998
70,0.13977889070121952
71,0.1418592972392638
72,0.1531969405629139
73,0.15496847676767678
74,0.15749584716666665
75,0.15903446453287196
76,0.1658433118705036
77,0.1691585426258993
78,0.17201367912087911
79,0.17427889720149253
80,0.16906473763636365
81,0.1710211710431655
82,0.17332553890977442
83,0.18011586045627376
84,0.18198599437984497
85,0.1843485474409449
86,0.18648174665354328
87,0.18345529922178988
88,0.18618072719999998
89,0.18957841653061225
90,0.19071389899598393
91,0.19226319510204082
92,0.19533661673640165
93,0.1967795206751055
94,0.1966461368644067
95,0.1981598683544304
96,0.19576565165289253
97,0.1974987078059072
98,0.19521111962025314
99,0.19695691075949368
100,0.20318767576419217
101,0.2053284861842105
102,0.2073411303097345
103,0.2078852015486726
104,0.21003220588235294
105,0.20749030064935067
106,0.2094637692660551
107,0.2151070912844037
108,0.2169762123255814
109,0.22022340985576924
110,0.2217924878571428
111,0.21765327116279068
112,0.2195630603286385
113,0.22159772723004695
114,0.22664746466346153
115,0.22881048121951217
116,0.23387384522613064
117,0.23564932648514847
118,0.22665639326923082
119,0.22907308926829267
120,0.24116309263959387
121,0.24324789845360825
122,0.24538373828124999
123,0.24600403026315795
124,0.2480616450520833
125,0.25327765376344086
126,0.2558032230769231
127,0.2454633833333333
128,0.24770731711229943
129,0.26234222122905027
130,0.26456336666666663
131,0.26800128664772727
132,0.27042677327586206
133,0.2722407985795455
134,0.28004936272727277
135,0.28168837259036145
136,0.2651918265536723
137,0.26736090227272724
138,0.2870781174698795
139,0.2891080684848485
140,0.282698284939759
141,0.28444433343373493
142,0.2864665727272727
143,0.2884082878787878
144,0.2895280714723927
145,0.2818112671597633
146,0.283607918373494
147,0.30128049326923073
148,0.30283023429487177
149,0.3013863272151899
150,0.30339007436708854
151,0.31281992966666666
152,0.3147883646666667
153,0.3164303516666666
154,0.30031088291139235
155,0.302139066025641
156,0.32009110850340133
157,0.32184404594594596
158,0.3165935403333333
159,0.3184296486666667
160,0.3279224408163265
161,0.3306689652777777
162,0.3328701179310345
163,0.3187782199324324
164,0.3206532462837838
165,0.34290042214285715
166,0.34468230888888884
167,0.33906612107142853
168,0.340899005
169,0.3503045340740741
170,0.3525897859259259
171,0.3339411482394366
172,0.33615915669014085
173,0.33794959260563384
174,0.35365971305970156
175,0.3558046276119402
176,0.3563375087121213
177,0.3581743571969698
178,0.3665397790076336
179,0.36838216395348833
180,0.3533478622222222
181,0.3554995843283582
182,0.35753797052238806
183,0.34022807410071937
184,0.3420389953571429
185,0.3779678706349206
186,0.3802745132911392
187,0.3477960383211679
188,0.34955070925925924
189,0.37084660348837206
190,0.3735249850393701
191,0.3551328070895523
192,0.35701309848484847
193,0.35869205454545455
194,0.39266063766233766
195,0.3949008772727272
196,0.36438072786259534
197,0.36629785419847327
198,0.3900862991803279
199,0.3925354508196721
200,0.37174517441860466
