1,0.0016174221646208906
2,0.0016222576128166414
3,0.0016387959753370828
4,0.0016536833173488611
5,0.00166370345172759
6,0.001716521707420946
7,0.0020664541119262926
8,0.0021407904360118395
9,0.0021919865684181844
10,0.002234720796582776
11,0.0022784912027569494
12,0.002311589435880304
13,0.002494458600175883
14,0.0026033316615517153
15,0.002650412732612395
16,0.0027371966681818184
17,0.002773714148777408
18,0.002817965812937063
19,0.0029111659533541715
20,0.0030388699018796105
21,0.003144855403850178
22,0.0031817904537761793
23,0.0032358989262059284
24,0.0032624483074231107
25,0.0032460878092939053
26,0.0032440731264676286
27,0.0032764620746073294
28,0.0033537763672959473
29,0.0034346235801622667
30,0.0035119594378676734
31,0.0035646998377154
32,0.0036086735308227397
33,0.003638152049241856
34,0.0036831259097137633
35,0.0037437280510585302
36,0.0037912434947582536
37,0.0038468901817604565
38,0.004106986907181571
39,0.004324686082558052
40,0.00514633611700998
41,0.005408756855307679
42,0.005562639118355251
43,0.005777606529230038
44,0.006526389843222059
45,0.0073846205253633975
46,0.008811752956111713
47,0.010631962480336652
48,0.010358894690644401
49,0.011706351557297478
50,0.012199490155820412
51,0.01298360703235766
52,0.013284262168520102
53,0.013455962598425198
54,0.013655656037991857
55,0.013877256667618503
56,0.014179777020991513
57,0.014440115029030814
58,0.014678947018030516
59,0.014945493840410645
60,0.01522827839412361
61,0.015466703833090735
62,0.015846129621647508
63,0.016163844813084114
64,0.016434984422110555
65,0.016664986258363358
66,0.01696020382352941
67,0.017169441523809524
68,0.0174077324747743
69,0.017656220932642488
70,0.017943593788343558
71,0.018282088077131994
72,0.018516807337697762
73,0.018827180743432086
74,0.019166955456026057
75,0.019606356655092593
76,0.019796210266505146
77,0.020237922687609072
78,0.02065873951191168
79,0.020942027632327834
80,0.021224402082111436
81,0.021495868483965015
82,0.021751487256097563
83,0.022008185810377966
84,0.022318595415907704
85,0.022590176319218242
86,0.022776219654754692
87,0.02307591096355775
88,0.02336291040498442
89,0.023632843293091885
90,0.023899268043331076
91,0.024151332449664425
92,0.02429228901973266
93,0.02449196487362281
94,0.024833058513425012
95,0.025144584445178333
96,0.025478854893617016
97,0.0257078427664079
98,0.025935472107712763
99,0.02612495987350668
100,0.02635722784895482
101,0.026641969638989165
102,0.026873173831123514
103,0.027096953372868788
104,0.02732274562264151
105,0.02754144185372918
106,0.02778315596693027
107,0.028040736679245278
108,0.028274208758076094
109,0.028535657342922027
110,0.02877899974226804
111,0.02903302978395062
112,0.02927477740847784
113,0.029543685973724882
114,0.02973160062063616
115,0.030066126587301584
116,0.030295928639618136
117,0.030523973269230766
118,0.030739465268065272
119,0.031108989826498422
120,0.03098722466874513
121,0.031213165194054503
122,0.031474334842519686
123,0.03174716598497496
124,0.03196959301675977
125,0.032163951376868616
126,0.032464270114006516
127,0.03272541713000818
128,0.03296581012396694
129,0.03316846178423236
130,0.03336343348323795
131,0.033604728316326535
132,0.033805889362618434
133,0.03403342544229148
134,0.03430086190053286
135,0.034527957508389266
136,0.03476836069906223
137,0.03501283203405018
138,0.035250452633814794
139,0.03550734321959755
140,0.03575175781659389
141,0.036062880191256835
142,0.03636474082191781
143,0.03658604611111111
144,0.03683382407407407
145,0.037084792100538604
146,0.03727503654545455
147,0.03750961710362047
148,0.037769426684881605
149,0.03799294935185186
150,0.038265937657920315
151,0.038498482088846875
152,0.038725615018656706
153,0.03898113135673625
154,0.03921709598039216
155,0.03945520975494816
156,0.03959780276190477
157,0.03993239401913876
158,0.04021514381854437
159,0.0404975125
160,0.04075373934010152
161,0.04098307382851446
162,0.04122361850797267
163,0.04139493431952662
164,0.04156574468524252
165,0.041916325000000004
166,0.04226948606393607
167,0.04246069847250508
168,0.04267560564598169
169,0.04288214832974138
170,0.043088589624608965
171,0.04329661318327974
172,0.04351154846398305
173,0.043743523130341876
174,0.04396812573131094
175,0.044217239601293104
176,0.04442868980582524
177,0.04468680648648649
178,0.04492210671321159
179,0.04515104742765273
180,0.04540088623655914
181,0.04571208645833333
182,0.0459733596196868
183,0.04618459285714285
184,0.04644567527405603
185,0.04665506982954545
186,0.046898648557158716
187,0.047091197479954175
188,0.04728674313154831
189,0.047553715970654636
190,0.047834486453488374
191,0.04822834826388889
192,0.04845304289871945
193,0.04871098116438356
194,0.04894520931034483
195,0.04916233225419665
196,0.04935058254060326
197,0.049608890921228305
198,0.0498438485549133
199,0.05009063152827918
200,0.0503314355942377
