1,0.0019232790129571668
2,0.002416215537243577
3,0.002893111812317065
4,0.0030883801596424004
5,0.0033446705216909987
6,0.003591162101302114
7,0.003935965981882886
8,0.003906143430420713
9,0.0043614078800057405
10,0.008432598528206927
11,0.011776741498664076
12,0.013407842708909795
13,0.015889630255607724
14,0.017600608015267177
15,0.01880816539589443
16,0.0202935121238938
17,0.021486229910141205
18,0.022963923767935122
19,0.023707375566231977
20,0.02466708149038461
21,0.026310449779249453
22,0.027352053430275913
23,0.028382435927914118
24,0.029599582270606533
25,0.030992053087409783
26,0.03219656328320802
27,0.03323900414110429
28,0.03478917057761733
29,0.03479298132158591
30,0.03589635450367647
31,0.037160444822761186
32,0.038505497701688554
33,0.039503008569979715
34,0.040777882956878855
35,0.042058879002079
36,0.043333197058823526
37,0.04453653862894451
38,0.045579970496224385
39,0.046658505676605504
40,0.047809482871972314
41,0.04891004482758621
42,0.05016452412755717
43,0.0520483819587629
44,0.05322043832908163
45,0.05426554789687924
46,0.05589646563342318
47,0.05714884663923182
48,0.05850303712121213
49,0.05974955079825835
50,0.06424758214826023
51,0.06556119999999999
52,0.06706677178294573
53,0.06898604102362205
54,0.06908277483922828
55,0.07037192722772276
56,0.07159373275290215
57,0.07599225342706502
58,0.07668110917832167
59,0.0778431515151515
60,0.07925834662408761
61,0.0806815153631285
62,0.08160070425925926
63,0.0828298592007435
64,0.08624919209486166
65,0.08686341006160164
66,0.08758316580516896
67,0.08893257609126985
68,0.08834545505050505
69,0.08925006194779114
70,0.09006286481854839
71,0.08843852605210421
72,0.08934964594320488
73,0.0903080508064516
74,0.09157073081632652
75,0.09464012913978494
76,0.09564091333333333
77,0.09652411743929358
78,0.09439837797872341
79,0.09558235481798716
80,0.09661179805194804
81,0.09758144533898307
82,0.09871126495535713
83,0.09977945991091314
84,0.10071931632882886
85,0.1019655393018018
86,0.10312890104651164
87,0.10453398541666667
88,0.10572795662790697
89,0.10834839324324325
90,0.1096473173594132
91,0.11060960037128713
92,0.11295588676844782
93,0.11410827817258883
94,0.11501911293969849
95,0.11667341377952757
96,0.11867866649350649
97,0.11996541662198393
98,0.1210709805107527
99,0.12313512956989246
100,0.12439858005698008
101,0.12524200943661976
102,0.12647251722689076
103,0.12627072194444444
104,0.12744059201680674
105,0.12816673051575933
106,0.12971799537572254
107,0.1338651219476744
108,0.13525613864306782
109,0.13663963096676737
110,0.13788998008982037
111,0.13907262179878044
112,0.14063623692307695
113,0.1418125329754601
114,0.1526112831125828
115,0.15392330336700338
116,0.15467631195286194
117,0.15671322979452054
118,0.15771407499999998
119,0.15868075085616437
120,0.1598158138888889
121,0.1657733174825175
122,0.1680661593283582
123,0.16993942563636366
124,0.17170228487084874
125,0.17335400547169813
126,0.1746624618421053
127,0.17609905456273767
128,0.1699467350909091
129,0.17106139778597784
130,0.1725638430451128
131,0.17854922961538464
132,0.18004813196078429
133,0.18114589146825394
134,0.18236391437007873
135,0.18364145639999999
136,0.18533568877952758
137,0.18657892700000003
138,0.18283154173228347
139,0.18410233534136547
140,0.18597618393574297
141,0.18764123835341368
142,0.18987131250000003
143,0.1906784991803279
144,0.19131279351464436
145,0.19413148326446278
146,0.1949810510548523
147,0.19573380529661014
148,0.1967076781385281
149,0.19573256561181435
150,0.19716046837606838
151,0.19794534807692313
152,0.19479413443983407
153,0.1958474055084746
154,0.19694625338983052
155,0.1981284830508475
156,0.1951489534188034
157,0.19659598248945148
158,0.19738992510460251
159,0.1984266985169491
160,0.2042709294642857
161,0.20543085663716817
162,0.20672559668141596
163,0.2066843636160714
164,0.2079221650224215
165,0.20902216607142857
166,0.2106069443181818
167,0.2072494289237668
168,0.20829530313901345
169,0.20968002285067872
170,0.21469197375565605
171,0.21559171046511627
172,0.2169231073394495
173,0.2179916458139535
174,0.22068792558685443
175,0.22180526785714286
176,0.2228013485507246
177,0.21824923697674417
178,0.21931134738095232
179,0.2202695170616114
180,0.22168592582159624
181,0.22605111826923074
182,0.22745420193236712
183,0.2286811458937198
184,0.23337435668316828
185,0.23427017160804026
186,0.23529408985148514
187,0.23663624925000004
188,0.22697236256038647
189,0.22852022142857142
190,0.22990276871921184
191,0.24122231487179494
192,0.24243059252577318
193,0.24380007242268045
194,0.2448855221354167
195,0.24517159289473692
196,0.24613984374999998
197,0.24755894052631577
198,0.25218659919786096
199,0.25329769728260865
200,0.25462677513368986
