1,0.0017424321863812248
2,0.0017340220002163957
3,0.001723877953067165
4,0.0017688278377256696
5,0.0017766144892652584
6,0.0017356910355348168
7,0.0017548818581407104
8,0.001787260577206189
9,0.0017365822415393404
10,0.0017248354268118017
11,0.0017376065730212642
12,0.001726744342124122
13,0.001751040064251294
14,0.0017301430302598278
15,0.0017386339198593773
16,0.0017404623846954525
17,0.0017673669711468754
18,0.0017779404550769577
19,0.0018221655849725528
20,0.0017426603893310388
21,0.0017284773094025676
22,0.0017493221604165125
23,0.00173233441044297
24,0.0017320523427231719
25,0.0017658930155290717
26,0.0017469424922377072
27,0.001776228794732322
28,0.0017412855602295823
29,0.0017250751932737188
30,0.0017815000369672102
31,0.0017247144171888987
32,0.00174372173714511
33,0.0017393419207207207
34,0.0017218168310947435
35,0.001738689995238444
36,0.0017305008665549654
37,0.0017373794126084776
38,0.0017413355409836063
39,0.0017241519859619353
40,0.001735325864906511
41,0.001744167798184807
42,0.0017510884388756364
43,0.0017508145302661707
44,0.0017244410710464367
45,0.0017282363489125403
46,0.0017322453920981698
47,0.0017402891805491422
48,0.0018379005118966932
49,0.0017353089420971387
50,0.0017331465249179501
51,0.0017454347276759747
52,0.0017442352838645417
53,0.0017663387531852929
54,0.0017243653383121123
55,0.0017311690473637174
56,0.0017306022460162956
57,0.0017281499121488035
58,0.0017223041633451699
59,0.001725478508897306
60,0.001719572403229805
61,0.0017483524150108804
62,0.0017686146276123904
63,0.0017636494172939006
64,0.001742728828651283
65,0.0017356683727789365
66,0.0017359172489608678
67,0.001747326434866724
68,0.0017397598321279776
69,0.0017239290987432676
70,0.0017350468866839232
71,0.001741723703570788
72,0.0017178819729981574
73,0.0017371959208006649
74,0.001746556613385175
75,0.0017327345309520485
76,0.0017489502385113972
77,0.0017369367812974615
78,0.001737228491451321
79,0.0017430607143732514
80,0.0017377179474936774
81,0.0017427624584954837
82,0.001731768142295342
83,0.0017279204911460457
84,0.0017463206211046638
85,0.0017304489328446694
86,0.0017450344939934472
87,0.0017648872477863259
88,0.0017718382471728594
89,0.0017371600636730178
90,0.001727425526579739
91,0.0017242925019831253
92,0.001734370075474829
93,0.0017356853763750095
94,0.0017447070639545282
95,0.001723244476796113
96,0.0017202692682926832
97,0.0017603923563777992
98,0.0017308781647378199
99,0.0017613203127340193
100,0.0017370815315478564
101,0.0017337188159168495
102,0.0017213114750832975
103,0.0017432778264617158
104,0.0017389189899892745
105,0.0017283161734712134
106,0.0017310376274068291
107,0.0017527060259120966
108,0.0017435743962175326
109,0.0017340801685413448
110,0.0017275031117933903
111,0.0017306737930655014
112,0.0017307585802134203
113,0.0017942909577870203
114,0.0017409858594896388
115,0.0017394770298876966
116,0.0017403886273931167
117,0.0018862333662939125
118,0.0017388732920589046
119,0.001742488491552119
120,0.0017388450212673138
121,0.0017365391546204497
122,0.0017329392574755606
123,0.0017415258638649427
124,0.0017436563207445471
125,0.001734029339640141
126,0.0017344336063791228
127,0.0017359027781812895
128,0.0017275822536381034
129,0.0017420929392062239
130,0.0017435025582146317
131,0.0017426300910165912
132,0.001747153405371987
133,0.001732098488393018
134,0.001745337375124875
135,0.0017861196945394926
136,0.0017369533967391305
137,0.0017331516474405192
138,0.0017352238248481344
139,0.0017663041293961273
140,0.0017544419491324246
141,0.0017395828819840363
142,0.001734273909679741
143,0.001787871341158841
144,0.0017226142937179206
145,0.001765773146750072
146,0.0017409362580714212
147,0.001778620626037981
148,0.0017432561332424968
149,0.0017220147528680177
150,0.0017415581962058914
151,0.0017417757005633394
152,0.001741037408127972
153,0.001754706090689077
154,0.0017732726211722714
155,0.0017364447195309428
156,0.0017799104272936612
157,0.0017275441449895001
158,0.0017356880735103159
159,0.0017429216313708338
160,0.0017437019450974327
161,0.0017218074667863558
162,0.0017542424880108798
163,0.0017605681967113622
164,0.0017438706328705199
165,0.0017585744380053565
166,0.0017497908292276483
167,0.0017389742353782866
168,0.0017428652041876812
169,0.0017638082038062312
170,0.001741377337456847
171,0.0017370995756990281
172,0.0018655435734762542
173,0.001762937164408537
174,0.0017500560342783474
175,0.0017434170773870823
176,0.001736776905045259
177,0.0017765116259469567
178,0.0017584661626825076
179,0.0017546832258297
180,0.0017326338612770826
181,0.001746215680315869
182,0.001733575686695279
183,0.0018200145551881374
184,0.0017380022680262986
185,0.0017563061616702356
186,0.0017465884730484946
187,0.0017699147892885345
188,0.0017296868118776892
189,0.0017647680900593524
190,0.0017427427163562111
191,0.0017378917834371963
192,0.001752038982747512
193,0.0018143547068421237
194,0.0017478951851533147
195,0.0017436138610831052
196,0.0017441516448672217
197,0.001806853721825577
198,0.0017409939222423148
199,0.0017323142921002754
200,0.0017443831174720648
