1,0.0017369458011623836
2,0.0017478387737384703
3,0.0017432274632513463
4,0.0018095005288496604
5,0.0017678973661547294
6,0.0017431954287255075
7,0.0017587670089673124
8,0.0017991426900497126
9,0.001737042618213007
10,0.0017510415290972795
11,0.0017452199621689785
12,0.0017483340120690901
13,0.0017441059484467943
14,0.0017445524481523034
15,0.0017400878341912796
16,0.0019291592006862744
17,0.0017409413723931035
18,0.001741212575470071
19,0.0017526322936832295
20,0.001731909559602296
21,0.001737195770131508
22,0.0018195325268527498
23,0.0017531277632344387
24,0.001760650863179988
25,0.0017876506050724477
26,0.0017443559573382262
27,0.0017500948884724876
28,0.001748080591769847
29,0.0017377280306565676
30,0.0017414556119693205
31,0.0017437367596133033
32,0.0017561213154087304
33,0.001734375997982418
34,0.001752887467414917
35,0.0017600924498443003
36,0.0017956276262012594
37,0.0017384097070128363
38,0.001745387381913896
39,0.0018196528893953236
40,0.0017369256798616865
41,0.001741906905791147
42,0.001752557252257192
43,0.0017759799829460668
44,0.0017454114879140552
45,0.0017722544932174417
46,0.0018021989369579698
47,0.0017531206933855846
48,0.0017409950655472087
49,0.0017423448221920105
50,0.0017411012282332748
51,0.001742386373521926
52,0.0017476796334927884
53,0.0017451888049324895
54,0.001739323602201934
55,0.0017470201614078554
56,0.0017437345937161425
57,0.0017567514180201495
58,0.0017559499365919055
59,0.0017741473620025
60,0.0017592177771375065
61,0.001737464199814986
62,0.0017417593621175957
63,0.0017407099679787002
64,0.0017550295618051013
65,0.0017533055071315374
66,0.0017263521338365514
67,0.0017568267439746993
68,0.0017546716839667471
69,0.0017394176305832638
70,0.0018112240047735361
71,0.001745342851734333
72,0.001746682981998623
73,0.001774702793316382
74,0.0017662690764226453
75,0.0017457986768374247
76,0.001732507183354534
77,0.0017870690081406738
78,0.0017345183926500455
79,0.0017405681593921061
80,0.0017481404399870592
81,0.001742205608436993
82,0.0017402489302594077
83,0.0017520023486656544
84,0.0017593630943842787
85,0.0017655956991758988
86,0.0018638441254910441
87,0.001734979034568899
88,0.0017562193040611528
89,0.0017433509192906261
90,0.0017445450622662747
91,0.0017429087721187323
92,0.0017534470229256457
93,0.0017448311001865943
94,0.0017509974200581393
95,0.0017487953686234669
96,0.001738049531064717
97,0.0017489453682263112
98,0.0017405578884375453
99,0.0017454241098114462
100,0.001728696636353848
101,0.0017339328384343197
102,0.001779946563307818
103,0.0017708252465342288
104,0.0017410284583906713
105,0.0017401463990859502
106,0.0017375514368644987
107,0.0017598715069495248
108,0.001757874510615329
109,0.001761560742590381
110,0.0017433290903807036
111,0.0017422103280461427
112,0.0017394410049268224
113,0.0017658220647473921
114,0.0017500058022236946
115,0.0017456541815750479
116,0.001771053976983954
117,0.0017640785398390486
118,0.0017398202565942936
119,0.0017348870149396212
120,0.0017463743849519436
121,0.0017387093842856389
122,0.0017525526515429135
123,0.0017536691901976966
124,0.0017439334150120716
125,0.0017732130705418675
126,0.0017468940311138324
127,0.0017402721632196758
128,0.0017399220471595556
129,0.0017389930582063576
130,0.0017542491669118728
131,0.0017397556258611935
132,0.0017317751474113944
133,0.0017388099842346912
134,0.0017312673437007635
135,0.001744707564676345
136,0.0017365147998093424
137,0.0017408547627715402
138,0.0017762354244825697
139,0.0018071820240585126
140,0.0017825145665267385
141,0.001879582481136773
142,0.0019199590428899264
143,0.0019488217439337938
144,0.001973154785371019
145,0.002019781083638458
146,0.0019839081339124735
147,0.0020195843447850235
148,0.0019887678390823503
149,0.002014221980152608
150,0.001993615870959783
151,0.0020637338609332864
152,0.0020145175556663345
153,0.002020181766673636
154,0.0020440846452047874
155,0.002032281461499706
156,0.002043061674955744
157,0.002057555581588869
158,0.0020613864432283318
159,0.00204964605604036
160,0.00207167132424332
161,0.0020575746042188364
162,0.002052835150964141
163,0.002042128954341622
164,0.0020536296269605767
165,0.0021422215316504196
166,0.0020677977459452553
167,0.0020542220857336503
168,0.002077563653965839
169,0.0020816780741253894
170,0.0020600052872145926
171,0.002076679418877833
172,0.002085404069161864
173,0.0020772932263852695
174,0.0021070270095204977
175,0.0021366001891948705
176,0.0021088159981748652
177,0.0021184661997643668
178,0.0021157292420346074
179,0.0021090400303819443
180,0.0021097428506183244
181,0.0021281377014041717
182,0.0021212579095551964
183,0.00213985689541478
184,0.0021328212089217367
185,0.0021379593562477943
186,0.0021577650213922806
187,0.0021290710085139996
188,0.002137157828215987
189,0.0022398477082542323
190,0.0021723086693910547
191,0.0021487932020076398
192,0.002167250223380491
193,0.002144634805857555
194,0.002195027877330672
195,0.0021854080114372767
196,0.002167428363305817
197,0.0021660229703723594
198,0.0021992671106975904
199,0.0021976172951337068
200,0.0021801290252040223
