1,0.00174174927601981
2,0.0021625277837402737
3,0.002656470225770925
4,0.003042532907137472
5,0.0033593443793748707
6,0.0036677798185941043
7,0.0039697114631570395
8,0.0038115342666500385
9,0.004160887771968291
10,0.004482663373793507
11,0.006661015510899183
12,0.011316639822595701
13,0.012746975454135112
14,0.014796637064752597
15,0.01645958218947747
16,0.017859869840396256
17,0.0190940390954495
18,0.02030689074498567
19,0.02120698542039356
20,0.022358285299684543
21,0.023291428872775216
22,0.0242223410923277
23,0.025387068847795163
24,0.0268553097360913
25,0.027625203182461106
26,0.028649541127189645
27,0.02993746171314741
28,0.030616207058359622
29,0.03160834066339067
30,0.03255702483471075
31,0.033906880515370705
32,0.03394807259194396
33,0.034884821547933154
34,0.035889661809954745
35,0.037150633161350845
36,0.038286727777777786
37,0.03921024321289062
38,0.04028961357214934
39,0.04155604085561497
40,0.04258660302049622
41,0.04364422801075268
42,0.04460939762954796
43,0.0459468793598234
44,0.047367805934195054
45,0.04817078145734597
46,0.04905315185614848
47,0.051300839179104475
48,0.05237421628498728
49,0.05345534086845466
50,0.05442567554278417
51,0.05522819616883116
52,0.05633513795669824
53,0.05758368319615913
54,0.05864164723374828
55,0.06428231711915534
56,0.06534422303030302
57,0.06663734882629109
58,0.06796815293637845
59,0.06644056186046511
60,0.06786737223101266
61,0.06895599154589373
62,0.0700147931855501
63,0.07387397234589041
64,0.07454119595782073
65,0.07542816537132987
66,0.0767834935168739
67,0.07895701348920864
68,0.07968041987295825
69,0.0805130803538175
70,0.08181010456238363
71,0.08284644894230768
72,0.08336561105860116
73,0.08405026691871455
74,0.08515829403578527
75,0.08697549155206286
76,0.0875936008982036
77,0.08857674421157685
78,0.08932736558044806
79,0.087778526753507
80,0.08870998411405297
81,0.08948572911646586
82,0.09076323490566038
83,0.09056970229166666
84,0.09139227625523012
85,0.09219356270833334
86,0.09326424098532494
87,0.0948030027368421
88,0.09589377968085108
89,0.09657589804772235
90,0.09783217727272726
91,0.09512190358649789
92,0.09608215409482758
93,0.09710321431718062
94,0.09929816909492273
95,0.10039872882882883
96,0.10177448176605505
97,0.1027471158256881
98,0.10339333655172414
99,0.10455940856481481
100,0.10548632194244605
101,0.10650124508196723
102,0.11038851225728155
103,0.11150071516290727
104,0.11221642070707072
105,0.1137041045792079
106,0.11167885135135135
107,0.11273110174563593
108,0.11393957650753771
109,0.11517269961636831
110,0.12244589180107529
111,0.12346225675675675
112,0.12413434285714285
113,0.12530171950549449
114,0.12702509323204422
115,0.12806464341736695
116,0.12864420579096048
117,0.12980865523952093
118,0.13199657456647398
119,0.13351571502890175
120,0.13447017959183674
121,0.13578722625368733
122,0.1326202341107872
123,0.13369322737752165
124,0.13501940044378696
125,0.13618784941348974
126,0.1442556850628931
127,0.14519197854889587
128,0.146140175399361
129,0.14729621869009582
130,0.15069533543046357
131,0.151707951
132,0.15274239183333335
133,0.15410805370370367
134,0.15654745578231294
135,0.15760632311643835
136,0.15837482602739728
137,0.1539671230902778
138,0.1554942563973064
139,0.15673170067340067
140,0.15802157499999997
141,0.1721662889925373
142,0.1732996043726236
143,0.17440112433460075
144,0.1758040642857143
145,0.1751578247148289
146,0.17667263100775193
147,0.17790777192307694
148,0.17884252480916032
149,0.17726957372549018
150,0.17878320342205323
151,0.18007630019379844
152,0.1813187122093023
153,0.17430325169172933
154,0.17563501842105267
155,0.17713956653846158
156,0.17822768269230768
157,0.1882690229338843
158,0.18909189262295079
159,0.19002820708502025
160,0.19110638670886076
161,0.17355204561068704
162,0.1742108458490566
163,0.1750933759689923
164,0.17603878683206103
165,0.1926963921487603
166,0.19370191101694917
167,0.19464896763485476
168,0.1956098719665272
169,0.1877405387295082
170,0.1888987957142857
171,0.19000051489795916
172,0.19083154087136928
173,0.19800304418103445
174,0.19898802272727267
175,0.19958273368644067
176,0.20056320603448277
177,0.18511458780000004
178,0.1861729552208835
179,0.18721621290983606
180,0.18807269530612244
181,0.2017337711206897
182,0.2028980036796537
183,0.2038702424242424
184,0.198335951059322
185,0.19937963368644065
186,0.20049858602620083
187,0.20148453168103447
188,0.20994312443438914
189,0.21121755871559636
190,0.21209726386363636
191,0.21307748227272727
192,0.19984809155844155
193,0.20099214224137932
194,0.20212139653679653
195,0.20316646681034484
196,0.21931495117370894
197,0.2201287732394366
198,0.22106766190476196
199,0.22204705000000002
200,0.21518227018348626
