1,0.001742039371667387
2,0.0017317448335129283
3,0.0017625687364482062
4,0.0017321298497382264
5,0.0017486131644646654
6,0.0017352048308734219
7,0.001732704205957994
8,0.0017537854317550155
9,0.0017843248829241154
10,0.0017606859905130898
11,0.0017365048415492958
12,0.0017426490382896572
13,0.0017303639619856727
14,0.001742225691997987
15,0.001759727890085513
16,0.0017326296388747173
17,0.001726767999737706
18,0.0017294300971391974
19,0.001732723025571809
20,0.0017271028458610508
21,0.0017316549057343452
22,0.0017747834766341688
23,0.0017349961599886431
24,0.001724003198677401
25,0.0018529997655559402
26,0.0019442287291599866
27,0.0019761387346056603
28,0.00198977659127917
29,0.0020269489597259356
30,0.002046209818661529
31,0.0020419067452949616
32,0.0020542729238900636
33,0.0020616114549310708
34,0.0020720265028605586
35,0.002074685308835373
36,0.002068460807208418
37,0.002081012125428082
38,0.0020863055038867298
39,0.0020892238346680793
40,0.0021199994888054874
41,0.0021255844408174214
42,0.0021030073722120494
43,0.0021098089773665236
44,0.00211318274597144
45,0.002127029956508369
46,0.0021358996711542707
47,0.002138873223838366
48,0.002152627275349456
49,0.0021715788024652487
50,0.0023556208755109984
51,0.002404748324018905
52,0.002445834506257283
53,0.0024888699300699303
54,0.0024886712615020817
55,0.0024938983315242517
56,0.002506159046044132
57,0.0025114799364920203
58,0.00252708031628533
59,0.0025507883341738106
60,0.0025597658606944297
61,0.0025513994565217394
62,0.002584243181457793
63,0.002567783672927942
64,0.0025705910128728075
65,0.0025857140075948013
66,0.0025984795376344087
67,0.002605975250565794
68,0.002613431540289479
69,0.0026334284084765917
70,0.0026257742167562575
71,0.0026387247073237138
72,0.002637490654307524
73,0.002655539325412035
74,0.002666170055970149
75,0.002827248075632707
76,0.0028574860991442902
77,0.002921152015569368
78,0.0029415457676104637
79,0.002962683216619544
80,0.0029574172495320664
81,0.0029745178875049427
82,0.0029950424626121637
83,0.0029984783904067253
84,0.003027061811811812
85,0.003025356773144964
86,0.003032081959764352
87,0.0030449002710027095
88,0.0030540962413139606
89,0.003052816559262067
90,0.003073071946975449
91,0.0030734833090286582
92,0.003077762437305567
93,0.003089388750636457
94,0.0030192075822871776
95,0.003020150729471912
96,0.0030224797358207084
97,0.0030138632245812836
98,0.0030190571700349296
99,0.003028970392390012
100,0.0030826447684391073
101,0.003100280964912281
102,0.0031434560399372464
103,0.003145136166735636
104,0.0031642984481748977
105,0.0032087114677077817
106,0.003208622942775678
107,0.0032155443279123794
108,0.003230173587231774
109,0.0032297239292861904
110,0.0032311242817051992
111,0.0032408782033286542
112,0.0032639897588897545
113,0.0032708326618421856
114,0.0032940802548464382
115,0.0033047533233246896
116,0.003300749640613671
117,0.0033171561507393207
118,0.003322692769062136
119,0.0033384663174273847
120,0.0033562842103436307
121,0.0033604157562733953
122,0.003375974215419026
123,0.0033942324702172393
124,0.003393656267087276
125,0.0034018248070987658
126,0.003418485829156204
127,0.003429302857969298
128,0.0034594336256034935
129,0.0034557082229012544
130,0.0034929675364819214
131,0.003508329064893771
132,0.0035251269702912765
133,0.003545934461134607
134,0.00356115383096944
135,0.003577911644437931
136,0.0035728914553715373
137,0.0035922280506383722
138,0.0035937438976812465
139,0.0035981898528244377
140,0.0036282011735092384
141,0.003633911480597324
142,0.003666706601934468
143,0.0036780254717693234
144,0.0036729314764595115
145,0.0036771882117806773
146,0.0037072285139647847
147,0.003705792112740692
148,0.0037293740479817216
149,0.0037300370673883218
150,0.003714172445019405
151,0.003727930324411454
152,0.003753943838379994
153,0.003775669446935949
154,0.0037744320199501248
155,0.003775858813033065
156,0.0037972262399750844
157,0.003825253763188746
158,0.0038534058860609888
159,0.0038522837138807967
160,0.0038635738982783128
161,0.0038861340730760078
162,0.003884442092754367
163,0.003894277125193198
164,0.0039046844271844656
165,0.003942273844831212
166,0.003952270597014925
167,0.003966429814950085
168,0.003968349240393208
169,0.003995736359548725
170,0.003993546276943174
171,0.003990692226119585
172,0.004019314225547924
173,0.004039970156249999
174,0.004037509320220558
175,0.004066614775318577
176,0.004096052815204371
177,0.004126895055269597
178,0.004151899539384719
179,0.004177975861774745
180,0.004195518993437314
181,0.004206599377076412
182,0.00422195477217534
183,0.004241211605383897
184,0.004243352689829742
185,0.004274199025832826
186,0.004259307535321821
187,0.003834580349243307
188,0.003825935018567227
189,0.0038311019855144855
190,0.003799907268310912
191,0.003810625324675325
192,0.0038091312694849733
193,0.0038430911304456693
194,0.003836201467452652
195,0.00383105914160401
196,0.0038395376475018825
197,0.0038373748591461134
198,0.0038470724010056558
199,0.0038629954401919924
200,0.0038848170277908625
