1,0.002075483643617021
2,0.0025959968364611258
3,0.003043104187921154
4,0.0034345194982896236
5,0.003826083661262395
6,0.0038050336015469067
7,0.004209774196230599
8,0.005565145288254616
9,0.011269637974388826
10,0.013220650310253799
11,0.01599968728689722
12,0.017786525730217734
13,0.019526229634002364
14,0.020864112904248572
15,0.022291913419117647
16,0.0235084567373461
17,0.024751944253679044
18,0.026760026315789474
19,0.02783858846153846
20,0.029399313221757317
21,0.030521592158760897
22,0.03188449684077506
23,0.033227127941176465
24,0.033849222895189
25,0.035144648544973546
26,0.03659056295603367
27,0.03820492012369173
28,0.039458013654822335
29,0.0409496563076923
30,0.042476821141975304
31,0.04393671064278187
32,0.04527189379157427
33,0.04728175173010381
34,0.048394707728894176
35,0.04970470775656324
36,0.052263434876543204
37,0.05367331683608639
38,0.05511934409499357
39,0.056189436723910184
40,0.05783094788251366
41,0.059332699928876256
42,0.06515628350903614
43,0.06678733589939023
44,0.06892844329652999
45,0.06761167255520505
46,0.06914464267399266
47,0.07082989729950899
48,0.07428856231028667
49,0.07559268594827585
50,0.07742452906976745
51,0.07942801313868611
52,0.08066892932330827
53,0.08245064618320612
54,0.08329538759398496
55,0.08411146565464894
56,0.08633907795275589
57,0.087423198989899
58,0.08858490050505051
59,0.08737617037773358
60,0.08858888874239353
61,0.08970515137795278
62,0.09000474313131313
63,0.09119999886597938
64,0.09224977895277207
65,0.09406840997830801
66,0.09558763725910062
67,0.09668886630196936
68,0.09461193242105263
69,0.09582945959488272
70,0.09717755054704595
71,0.09973448452115813
72,0.10137221884875845
73,0.10280128182870371
74,0.1037986311778291
75,0.10529771088992974
76,0.1066032
77,0.1108165535891089
78,0.11209313587223586
79,0.11376307769423558
80,0.11204433354114712
81,0.11359710050761421
82,0.11518619035532995
83,0.12269840244565212
84,0.12388948206521741
85,0.12530249423076922
86,0.1272058695890411
87,0.1284492566197183
88,0.12984602693409739
89,0.13256413032544379
90,0.13409403274336285
91,0.1357959924556213
92,0.13298028563049855
93,0.13467382217261906
94,0.1362028376106195
95,0.14463900077399378
96,0.14570649479495268
97,0.14728180983870967
98,0.15084133421052634
99,0.15231294450000002
100,0.15393068952702701
101,0.15682352636986302
102,0.1579905883161512
103,0.15995716363636364
104,0.15577124350000002
105,0.15759553865979384
106,0.17210184452830188
107,0.17355259736842105
108,0.1751774458174905
109,0.17515557490566036
110,0.17889873403846157
111,0.17865747237354088
112,0.1772564023076923
113,0.1790671160784314
114,0.18074176329365077
115,0.17421697500000002
116,0.176145725095057
117,0.1778201874524715
118,0.1881297775303644
119,0.18930435682730923
120,0.19061852991803277
121,0.17367242086466167
122,0.17451286033834587
123,0.17563923498168496
124,0.19252428264462815
125,0.19376058954918032
126,0.19498858206751057
127,0.18755800261044175
128,0.1890156044
129,0.19040561204081635
130,0.1978120923728814
131,0.19898704166666667
132,0.20011704181034484
133,0.18500005020000002
134,0.1863128396825397
135,0.18767643951965063
136,0.20156618896103895
137,0.20294507413793103
138,0.20441838951965066
139,0.19915801681034484
140,0.2005224559322034
141,0.2022110436403509
142,0.2109918572727273
143,0.21226000954545454
144,0.213554803440367
145,0.20075240393013102
146,0.20223141644736842
147,0.20351662096069867
148,0.2198638473933649
149,0.2210720216666667
150,0.222558558173077
151,0.21600889818181815
152,0.21771116930232556
153,0.21903522232558137
154,0.22728129106280195
155,0.22934483004926107
156,0.23104354926108372
157,0.21880082867298575
158,0.22039814690476192
159,0.23452566809045228
160,0.23630227552083335
161,0.23723613675
162,0.23125451674876846
163,0.23278378177339906
164,0.23439836225
165,0.24742736370967744
166,0.248630644973545
167,0.2500614449197861
168,0.23525552524999999
169,0.23670233775
170,0.2381292056701031
171,0.25646806126373634
172,0.2578939019230769
173,0.259747525698324
174,0.2536996793010753
175,0.2555863321428572
176,0.2572366826086956
177,0.2667766366477273
178,0.26820335767045456
179,0.26951525649717506
180,0.2535557277173914
181,0.25507877096774195
182,0.2563635407608696
183,0.2796581852409638
184,0.28120297108433734
185,0.28237019791666657
186,0.27039086034482757
187,0.27190344682080925
188,0.2731930572254336
189,0.28945790181818176
190,0.29043949596273294
191,0.29187397187499997
192,0.2706335201704545
193,0.27193705660919537
194,0.27324119017341036
195,0.29481355625000005
196,0.29556742906250005
197,0.29687369161490684
198,0.28962702919254657
199,0.2909853586956522
200,0.2923749704968944
