1,0.0017348887890113998
2,0.001747689302474403
3,0.0020479429350104823
4,0.0020880547112200575
5,0.0024294286990620955
6,0.00255207621300847
7,0.0027909715121641875
8,0.002968836086263939
9,0.002998688097614532
10,0.0031119580639002984
11,0.00323075703078053
12,0.003311067965821389
13,0.00343009866621067
14,0.003540442245911215
15,0.0036514928528528527
16,0.003769369493006993
17,0.003918687282071298
18,0.0036328817611190815
19,0.003803395426676676
20,0.0039628154575163405
21,0.0040667056195579365
22,0.00438766154287353
23,0.00558494265987025
24,0.007397364602368041
25,0.009723924934944566
26,0.011233214482463767
27,0.011782942702188874
28,0.012396406773812495
29,0.013146837344173445
30,0.014063068183135324
31,0.015169326393771975
32,0.015997360966633956
33,0.01669585017217631
34,0.01733589875066454
35,0.017828665328874022
36,0.01845190963126032
37,0.018921920872365338
38,0.019645083933676387
39,0.020177531859855925
40,0.02072309347697757
41,0.021232281580565802
42,0.021605373124267295
43,0.02212108412184057
44,0.022899951941747567
45,0.023545454849726775
46,0.023517995320855613
47,0.02385840686596584
48,0.024321123358158427
49,0.02465238296167247
50,0.02514209505347594
51,0.02598282358093903
52,0.026256687005039598
53,0.02696021429090909
54,0.027402007269076305
55,0.02769101268115942
56,0.028110981628080654
57,0.028592974749421744
58,0.029077442146189736
59,0.029665035459587954
60,0.030434329068791944
61,0.030844215180722882
62,0.03137733376033058
63,0.031870251690391455
64,0.03230866231155779
65,0.032827410249784666
66,0.033163433049403744
67,0.033569726345486106
68,0.034355113561643835
69,0.035039034431407934
70,0.034233693229166674
71,0.03476499601809955
72,0.035157791682600394
73,0.03560692442170819
74,0.036096919831618335
75,0.03657330426320668
76,0.03716398320860618
77,0.03768160028195489
78,0.03824069151486098
79,0.03880120540669856
80,0.0392616087124879
81,0.03958327862823062
82,0.04011248075376884
83,0.040597533501513614
84,0.041078291555783006
85,0.04169349433471933
86,0.04220183667763158
87,0.042764063007284074
88,0.04321508166666667
89,0.043734077603036874
90,0.04415248829557713
91,0.04472879734513275
92,0.04503731714761376
93,0.0454883068287037
94,0.04610764295774648
95,0.046741016477916196
96,0.04685855417633411
97,0.04734852258440046
98,0.04778103381670533
99,0.048248485108958836
100,0.04870819546525324
101,0.0491308412470024
102,0.049621089290495315
103,0.05016489631642511
104,0.05137222362301101
105,0.05189240742637645
106,0.05235802941935484
107,0.05276340372549019
108,0.05328596974393532
109,0.053673162129032254
110,0.05411342205298013
111,0.0545951305882353
112,0.055207842922077914
113,0.05596960667115904
114,0.05650032473045822
115,0.05700048884408601
116,0.057714921961325966
117,0.05816680418381343
118,0.05866115746376811
119,0.05908805415492958
120,0.059664189451476786
121,0.06053672077363896
122,0.06399048330849477
123,0.06443286510172144
124,0.06507833813953488
125,0.06553798881381381
126,0.06621393519417475
127,0.06677829186440679
128,0.06738643839427663
129,0.06814352607313195
130,0.0673681152208202
131,0.06817378480707394
132,0.06873855450949366
133,0.06946359478193147
134,0.06993778157024794
135,0.07048638303858522
136,0.07097707784090909
137,0.07137175981697172
138,0.07198731435643563
139,0.07572348601694913
140,0.07598693377659574
141,0.07613031433506046
142,0.07665046905172412
143,0.07685855000000003
144,0.07737361931216932
145,0.07808787717770035
146,0.07856390090744102
147,0.07918563620370368
148,0.08024974944649448
149,0.08061961771217711
150,0.08071305120817843
151,0.08128287858472998
152,0.08158100731707318
153,0.08209898177570092
154,0.08265453324074075
155,0.08327110894632207
156,0.08589461565557731
157,0.08627503793103448
158,0.08663491159135561
159,0.0867561970766129
160,0.08706691417322834
161,0.08743410446247464
162,0.0876313767068273
163,0.0882185187751004
164,0.08875041219758063
165,0.08770069618395303
166,0.08815271619144602
167,0.0883731624750499
168,0.08864745928853755
169,0.08915698416833667
170,0.08960804793713165
171,0.0898413144329897
172,0.09025023819875777
173,0.0908354384848485
174,0.08840020100806452
175,0.0887716107421875
176,0.08925144459183673
177,0.08955223639175258
178,0.08993490949494949
179,0.09032443237113402
180,0.09081588122448979
181,0.09132248685831625
182,0.09377130397849462
183,0.09425516165254239
184,0.0946923159375
185,0.09503852739872068
186,0.09544551728665206
187,0.09587599657836643
188,0.09623424632034631
189,0.09664482462365591
190,0.0971174264254386
191,0.09426509968619247
192,0.0947341420770878
193,0.09536390617021276
194,0.0957140712153518
195,0.09629936201298701
196,0.09657799698275862
197,0.09684176466083151
198,0.09727740610021786
199,0.09782664183222956
200,0.09821178337028823
