1,0.0035746166892977934
2,0.009541113298517959
3,0.019183842447306795
4,0.024986179146757676
5,0.03109121086261981
6,0.035952207388939256
7,0.04211117946236559
8,0.048203104656577414
9,0.05496151856010568
10,0.06673480957446808
11,0.07227523304940375
12,0.07946674899082569
13,0.08679651299212598
14,0.08770672632612966
15,0.094061874893617
16,0.09913718878923769
17,0.10197731674418603
18,0.11146839133663368
19,0.11877994278215225
20,0.12410830301369866
21,0.13318066618075805
22,0.14531690063091485
23,0.15152972861842104
24,0.1588305998281787
25,0.17225754496268655
26,0.17567128754716985
27,0.17452299847328245
28,0.19083455871369293
29,0.19200632459016392
30,0.19004644113924052
31,0.18361506587301588
32,0.20592858903508773
33,0.20889100067264574
34,0.20051509913793106
35,0.22345191785714288
36,0.22609467548076922
37,0.21950258779342727
38,0.23203969441624364
39,0.25551882142857146
40,0.25812235138121553
41,0.2553852173796792
42,0.25111706534391537
43,0.28106254880952386
44,0.2904209633540373
45,0.2689097692528736
46,0.2942004819875776
47,0.3034246380645161
48,0.2863464236024845
49,0.3026186810126582
50,0.31891672133333326
51,0.32745209183673474
52,0.3239954172413793
53,0.3170828101351351
54,0.3222570850340136
55,0.3277148686206896
56,0.33546362042253525
57,0.33932539214285723
58,0.34531409087591236
59,0.35338332666666666
60,0.3724629320987655
61,0.3640338450381679
62,0.3696475771317829
63,0.39615769710743803
64,0.38424368588709684
65,0.38643841762295084
66,0.39226093181818183
67,0.400192862605042
68,0.4044346656779661
69,0.41022945215517237
70,0.41518602850877195
71,0.4378881999999999
72,0.42754772035398225
73,0.4339122131818181
74,0.46000162281553403
75,0.44406843490566034
76,0.45195820518867924
77,0.4578102101941747
78,0.4612399805825243
79,0.48933461581632653
80,0.4755967035000001
81,0.47930670000000003
82,0.5068763478494624
83,0.4950518164948453
84,0.5015672468421052
85,0.5280737955555556
86,0.5102071629032258
87,0.5215032782608695
88,0.5275182771929825
89,0.52846789
90,0.5615693529411765
91,0.5454400130681818
92,0.5469493879310344
93,0.580557137195122
94,0.5630327529411764
95,0.5700193830188679
96,0.6003797235
97,0.5774881621951219
98,0.5914620337500001
99,0.5972078525000001
100,0.5962821368749999
101,0.6322541395833333
102,0.6172892045454547
103,0.6144383857142858
104,0.6489182402777777
105,0.6335434026315789
106,0.6392781287234042
107,0.666925904225352
108,0.6404072627659574
109,0.6566247717391305
110,0.6633308368055555
111,0.6585060263888888
112,0.7035398093023254
113,0.6845405670454546
114,0.6789954225352113
115,0.726697068939394
116,0.7061929255813952
117,0.7129686761194028
118,0.7488674460937499
119,0.7110168216417911
120,0.7281181833333333
121,0.7332422109756097
122,0.725365315151515
123,0.774738658974359
124,0.7492584593750001
125,0.7422804548780487
126,0.7939957065789471
127,0.7673814428571428
128,0.7730744987179486
129,0.8120345311039855
130,0.7716052538461539
131,0.7925109013157894
132,0.7995120508474576
133,0.7904119078947367
134,0.8443440027777777
135,0.8172868905405405
136,0.8073088508474577
137,0.8637033957142858
138,0.8330862344827584
139,0.8393528541666667
140,0.8819848918181817
141,0.8370967055555555
142,0.858345268035714
143,0.8652701285714285
144,0.8549504625000001
145,0.9133929136363637
146,0.8843957705882353
147,0.8739929063636364
148,0.9347721529411763
149,0.9042897745283021
150,0.909165350943396
151,0.9532434125
152,0.9037343990566037
153,0.9260640939393938
154,0.9337732294117647
155,0.9221869393939393
156,0.9844361725806451
157,0.9548808140624999
158,0.9610167671875002
159,1.0049730700000001
160,0.9736335709677418
161,0.9812418403225809
162,1.0246336750000002
163,0.9718349725806452
164,0.997084365625
165,1.0025139383333335
166,0.9886543145161292
167,1.0549011155172414
168,1.02167492
169,1.02943062
170,1.0765207607142857
171,1.0426389741379312
172,1.0515835499999997
173,1.0983856883720933
174,1.0408408086206897
175,1.0735545892857141
176,1.0814814232142858
177,1.0598918534482757
178,1.1323463555555553
179,1.0942326928571433
180,1.0986689127906974
181,1.1483319851851852
182,1.1099264069767445
183,1.1160796703703704
184,1.163259517307692
185,1.1015392383720932
186,1.1366243648148147
187,1.1433118222222223
188,1.120226535185185
189,1.1959595249999997
190,1.1653870442307692
191,1.173094344230769
192,1.2220963660000002
193,1.1858511769230766
194,1.1912369300000003
195,1.2384291780000003
196,1.171452567307692
197,1.209130156
198,1.2167019519999998
199,1.1901839124999998
200,1.2697522625
