1,0.0281554778896346
2,0.05588849557463673
3,0.08861078767676768
4,0.11250231803482587
5,0.1500372
6,0.17721111254752853
7,0.20495488508771934
8,0.21639366898148152
9,0.25704470190217393
10,0.2918445922360248
11,0.29965680221518987
12,0.33748512999999997
13,0.354576925
14,0.38339972016129026
15,0.4260264481981982
16,0.43454660636363635
17,0.45837721523809516
18,0.5058235231182796
19,0.5202723706521739
20,0.5415516636363635
21,0.59925582625
22,0.6075407455696203
23,0.6222406896103896
24,0.679095485915493
25,0.6919887891304348
26,0.7084261343283583
27,0.7768011115384615
28,0.773313723076923
29,0.8018648421052631
30,0.8569185678571428
31,0.8562374883928572
32,0.8846704544117646
33,0.9474934500000001
34,0.9438279078124998
35,0.9739297725806451
36,1.031619381521739
37,1.028661211956522
38,1.0625524275862066
39,1.1298249481481482
40,1.116996138888889
41,1.1464420333333334
42,1.2080447639999998
43,1.2081796699999998
44,1.2404385940000002
45,1.2992662864864866
46,1.2996734527027027
47,1.333612202173913
48,1.3820906295454547
49,1.3933481363636362
50,1.416188134090909
51,1.4721289976190473
52,1.4827102404761905
53,1.5046130224999998
54,1.55858065
55,1.5003274162499998
56,1.5934599894736843
57,1.6500472894736842
58,1.5819589368421052
59,1.681583263888889
60,1.7363939666666666
61,1.6663305947368419
62,1.8013569058823529
63,1.8227330676470586
64,1.7488205277777775
65,1.87420723
66,1.9118696593749998
67,1.8284488323529413
68,1.951725146875
69,1.9994276145833327
70,1.9104795749999999
71,2.05217576
72,2.090666716666666
73,1.9940349718750001
74,2.1378545499999992
75,2.1749529607142857
76,2.0758463999999996
77,2.2254072642857143
78,2.261588910714286
79,2.1536387892857145
80,2.3249542269230767
81,2.3499500423076927
82,2.2343175250000002
83,2.4165655192307693
84,2.4485368846153848
85,2.3174904
86,2.5095643666666674
87,2.5454257375
88,2.4005328730769233
89,2.604454366666667
90,2.6338105958333333
91,2.4861404846153845
92,2.707803916666667
93,2.7343910580213904
94,2.5647032124999996
95,2.7993297090909093
96,2.8316136818181814
97,2.647483633333333
98,2.8958963045454547
99,2.925448495454545
100,2.730417344385027
101,2.9929849718750003
102,3.0256038
103,2.8088761727272726
104,3.0912203999999996
105,3.12413973
106,2.8936425681818183
107,3.10187012
108,3.2252646850000004
109,2.973188931818182
110,3.1917263100000004
111,3.322836139285715
112,3.058813455
113,3.28276229
114,3.418817566666667
115,3.139905565
116,3.3697259666666666
117,3.5221854666666665
118,3.2258138799999996
119,3.4606001999999996
120,3.611157505555555
121,3.302000315
122,3.5427027222222227
123,3.717395638888889
124,3.387995822222222
125,3.6351333722222217
126,3.81637538125
127,3.46748005
128,3.719779588888889
129,3.919739775000001
130,3.54899045
131,3.8043296375000004
132,4.014765468749999
133,4.0500269
134,3.8914330812499993
135,4.117804587500001
136,4.155312549999999
137,3.9868836500000002
138,4.23043496875
139,4.255044406250001
140,4.068934518749999
141,4.322407271428572
142,4.350846478571429
143,4.1605493625
144,4.426091478571428
145,4.468104057142858
146,4.24286754375
147,4.532433435714284
148,4.5663811999999995
149,4.331966264285714
150,4.641768271428572
151,4.668430885714286
152,4.426974521428573
153,4.7404733
154,4.775537742857143
155,4.5138267785714286
156,4.823642700000001
157,4.8645099428571426
158,4.6079081142857135
159,4.956557771428572
160,4.981034635714286
161,4.689972535714287
162,4.433072664285715
163,5.083426575
164,4.779342142857144
165,4.517516285714286
166,5.174807758333333
167,4.864939557142858
168,4.596162657142856
169,5.280760991666667
170,4.948100514285715
171,4.680903792857143
172,5.386495866666667
173,5.046412158333333
174,4.764396400000001
175,5.493419708333334
176,5.126177291666667
177,4.842375578571429
178,5.579286591666667
179,5.215491391666667
180,4.9259428142857145
181,5.684506641666666
182,5.296184950000001
183,5.011121286111111
184,5.801899566666666
185,5.403160175
186,5.0946351666666665
187,5.915071716666667
188,5.937266016666667
189,5.174991266666667
190,6.010847661249999
191,6.04929236
192,5.258318458333333
193,6.10049553
194,6.14163938
195,5.338542733333333
196,6.217548840000001
197,6.24434807
198,5.418713433333333
199,6.310807410000001
200,6.357121430000001
