1,0.002638693140369133
2,0.003565915914411119
3,0.003999895559491014
4,0.010324233833546189
5,0.015477423390005152
6,0.019491781801909306
7,0.02254815929032258
8,0.02538788747323341
9,0.028524625238473766
10,0.03135441901234569
11,0.033537543049792534
12,0.036529494753946144
13,0.03955015035317861
14,0.042812737232905976
15,0.04652514771689498
16,0.04905175841232228
17,0.053314970618556695
18,0.05607782951153324
19,0.05963015587412587
20,0.06712478353941267
21,0.06822792884914465
22,0.07401955525830257
23,0.0769132053667263
24,0.08051871093457943
25,0.08330203396226415
26,0.08677011282306164
27,0.08901764616977227
28,0.08909308463855421
29,0.09087184158316632
30,0.09395350485232068
31,0.09671122006507592
32,0.09605189665948276
33,0.10026768238636362
34,0.1036454289838337
35,0.10597538138424822
36,0.11199313514851485
37,0.11207065370843988
38,0.11542481572164949
39,0.12425152027027028
40,0.12808549491525423
41,0.1318462671597633
42,0.13553482113095236
43,0.13466984464285714
44,0.1448477744444444
45,0.15008052564516128
46,0.15303049464882942
47,0.15776893784246576
48,0.1554964313131313
49,0.15892522773972603
50,0.1755272822519084
51,0.17729828954372623
52,0.1781742313229572
53,0.18175176865079365
54,0.17746434980314962
55,0.18931302510204082
56,0.17353289302325586
57,0.17592345266159698
58,0.19457718091286305
59,0.18843305600000002
60,0.19759680169491523
61,0.20000882629310346
62,0.18647600285714283
63,0.20200250589519647
64,0.19828562586206894
65,0.20137661469298243
66,0.21200840953488373
67,0.20065547112068965
68,0.2036558753275109
69,0.22152026923076926
70,0.21685406738095236
71,0.22680730350000003
72,0.230463151980198
73,0.22026995211267605
74,0.2363471171794872
75,0.2316982315270936
76,0.23502817224999997
77,0.24961415935828876
78,0.23621952085427136
79,0.25623377747252746
80,0.25989337290502795
81,0.2558582295698924
82,0.2674723847701149
83,0.2702648870689655
84,0.2559089677419355
85,0.2812853210059172
86,0.270381132183908
87,0.27338253959537573
88,0.29107013375
89,0.27123214396551726
90,0.2943909909375
91,0.29667936500000003
92,0.29090196187500006
93,0.29959117628205123
94,0.2854869481595092
95,0.2886070042424242
96,0.3154351276666666
97,0.3042125564516129
98,0.30720280526315785
99,0.3004404974358974
100,0.3042502990384615
101,0.3082352150326797
102,0.31170301133333334
103,0.32656861423611117
104,0.31882602804054055
105,0.3202170377551021
106,0.3234224144827586
107,0.32916213194444444
108,0.33790754784172666
109,0.33500671232394363
110,0.3382775760714286
111,0.33915988732394364
112,0.34459979784172656
113,0.3587281321969697
114,0.36234453435114505
115,0.35476509555555547
116,0.354474022761194
117,0.35735362089552236
118,0.3641115679389313
119,0.3738673692913386
120,0.37075275944881886
121,0.37352341269841277
122,0.37285269842519686
123,0.3789665306451613
124,0.3969836888429752
125,0.40103554327731095
126,0.38711221721311473
127,0.39020700420168075
128,0.39344709752066115
129,0.39647025756302523
130,0.4102275952586207
131,0.4028388521008403
132,0.4056640076271187
133,0.40447225127118647
134,0.41160131810344824
135,0.4283858936936937
136,0.43161871531531526
137,0.4198738367256637
138,0.41746133421052634
139,0.42579183539823007
140,0.42873165855855855
141,0.441590911574074
142,0.4358372163636363
143,0.43262462090909093
144,0.43558939090909093
145,0.44488611509433956
146,0.46536777427184467
147,0.4691556272299757
148,0.4541964127358491
149,0.4501838254716981
150,0.4595731388349515
151,0.4624735475728155
152,0.47578779
153,0.46821408217821786
154,0.46446938786407765
155,0.46765718613861373
156,0.47737454603174606
157,0.4994666378947369
158,0.48327568826530615
159,0.48700493214285717
160,0.483297055612245
161,0.4943162036082474
162,0.4975506268041237
163,0.5118286698924731
164,0.5046310357894737
165,0.4995174304123711
166,0.5024342005263158
167,0.51482466827957
168,0.5379380026785714
169,0.5216141929347826
170,0.5247850543478261
171,0.5187204880434783
172,0.531956011111111
173,0.5453259011494254
174,0.5487018172413793
175,0.5407791193181818
176,0.5342152711111111
177,0.5477820057471264
178,0.5508122471264367
179,0.5763490958333335
180,0.5567942111111112
181,0.5598261323529411
182,0.553722375862069
183,0.5657356652941177
184,0.5840759317307691
185,0.5871040310975609
186,0.5751944845238095
187,0.5701805283018868
188,0.5825264057692308
189,0.5860125841463414
190,0.6143597193877551
191,0.5944289406250001
192,0.585542681707317
193,0.5886297475000001
194,0.604810735443038
195,0.6184157448051947
196,0.6216351993506494
197,0.6146157357142857
198,0.6049730040000001
199,0.6219100175324674
200,0.6255441664908009
