1,0.003099220923076923
2,0.004201119326093011
3,0.010659341882974044
4,0.01713718005533199
5,0.021441863208722742
6,0.025450289403508776
7,0.029738969407114624
8,0.033447127226890756
9,0.036699880776340114
10,0.040902213396414346
11,0.04504158817980022
12,0.049244570542168666
13,0.05451227063802082
14,0.05854411371866296
15,0.06752572289348172
16,0.06969753782467532
17,0.07584338152364273
18,0.08076579280442803
19,0.08449019384615385
20,0.08877985100200401
21,0.08944410312500001
22,0.0920650880387931
23,0.0966621375
24,0.09652525088105728
25,0.10187946050808312
26,0.10573926800947868
27,0.11275239007537688
28,0.11381710945273633
29,0.12393280855978263
30,0.1285995677777778
31,0.1340970164222874
32,0.13432289942196532
33,0.14553603517350158
34,0.1515059697368421
35,0.15735943150684933
36,0.15651015821917807
37,0.17387010300751882
38,0.17691922175572522
39,0.1789634680769231
40,0.17593716488549618
41,0.18915428591836736
42,0.17431618481481484
43,0.19349777334710747
44,0.18853873999999998
45,0.19828239145299148
46,0.18568213075396828
47,0.20165380789473683
48,0.19921611810344828
49,0.20350782751091703
50,0.21435209477272726
51,0.20470982205240174
52,0.22315180710900476
53,0.21987448976744192
54,0.231512625
55,0.22246718605769233
56,0.2389181002538071
57,0.23628390225
58,0.2511248685483871
59,0.23992136700507616
60,0.2605944079670329
61,0.25844055614525147
62,0.2704027859649123
63,0.25742851538461536
64,0.28192894789156625
65,0.27451620906432744
66,0.2926239326086956
67,0.2737444049132948
68,0.2954161028125
69,0.2924891161490683
70,0.30196153237179485
71,0.2894891472727273
72,0.3179103575657894
73,0.3070775825657894
74,0.3012463612903226
75,0.30634522275641024
76,0.31121833190789483
77,0.3279604237931034
78,0.3201504564189189
79,0.3231535129251701
80,0.3287857368965518
81,0.3404354160714285
82,0.33639489260563377
83,0.33993735999999997
84,0.345244456569343
85,0.36268165946969694
86,0.3542899384328358
87,0.35649400681818183
88,0.36274171628787877
89,0.37643488928571434
90,0.37058503333333337
91,0.39172054108527127
92,0.38620529395161285
93,0.4007393214285715
94,0.38560070245901645
95,0.39182548636363634
96,0.3945214082644628
97,0.3981923294117647
98,0.4144019486842105
99,0.40660061959459465
100,0.4082789093220339
101,0.41421781403508773
102,0.4346622141509434
103,0.42225270044247787
104,0.42218966681415926
105,0.42987504819819816
106,0.44531019861111115
107,0.4390376927272727
108,0.4382940554545454
109,0.44629513657407405
110,0.47056140742574254
111,0.45520252857142857
112,0.4540700623809524
113,0.462523577184466
114,0.47823453
115,0.4702153336633663
116,0.46965074453125
117,0.47820962050000004
118,0.5036472173684212
119,0.48638788265306115
120,0.4866914459183674
121,0.4964316948453609
122,0.5134180623655914
123,0.5061298010752688
124,0.5035387726315791
125,0.5149604946236559
126,0.5407516375
127,0.5243949157608696
128,0.5212166097826086
129,0.5330812694444443
130,0.5484913088235294
131,0.5412570767045456
132,0.5381607318181818
133,0.5494050309090908
134,0.5789804152439024
135,0.5571777629629628
136,0.5553603844189019
137,0.56541248
138,0.5856443219512195
139,0.5742553404761905
140,0.5727883589285714
141,0.5836696512195122
142,0.615549061038961
143,0.59468400875
144,0.5895742539215687
145,0.5940948784313725
146,0.607646520886076
147,0.6236496227272728
148,0.6170780255102041
149,0.6118159438129681
150,0.6282826333333333
151,0.6572008250000001
152,0.6356557453947368
153,0.6268685479166666
154,0.6423507189189189
155,0.6566802305555556
156,0.6498107358108107
157,0.6395883170212766
158,0.6577913750000001
159,0.6901879147727272
160,0.6662785909722222
161,0.6572234630434782
162,0.6751119056338029
163,0.693368036231884
164,0.6852300818181819
165,0.6761046147887325
166,0.6953799913043477
167,0.7339143987804877
168,0.7050454255813954
169,0.6966737760869566
170,0.7165347964285713
171,0.7374861402439024
172,0.7258281214285713
173,0.7158639
174,0.7339824731707316
175,0.7778960782051282
176,0.7399596292682927
177,0.7287832833333334
178,0.7467254437499999
179,0.7701858355921856
180,0.7547305787499999
181,0.7416547597560976
182,0.7622281249999999
183,0.8078492161016949
184,0.7705801128205128
185,0.7585113476190477
186,0.7787654076923077
187,0.8030085381578947
188,0.7869269180327869
189,0.7745977551282052
190,0.7974375499999999
191,0.8443161361111111
192,0.8061553802631578
193,0.7922816434210526
194,0.7963651960526317
195,0.8191892337837839
196,0.8419656055555554
197,0.8267287413793103
198,0.8128512337837839
199,0.8338082418103447
200,0.8848659058823529
