1,0.004214047806774014
2,0.02095790609452736
3,0.030654193257514215
4,0.039551424950592884
5,0.051139551254705144
6,0.0653272242881072
7,0.07629576977351916
8,0.08668362529296875
9,0.09147932463917526
10,0.09893219020044546
11,0.11162045737100738
12,0.12433690340599456
13,0.13250316438953488
14,0.151520894047619
15,0.17165613679245287
16,0.17840745447470815
17,0.18983944277108433
18,0.18679708928571426
19,0.1879391554
20,0.20937636674107143
21,0.2199370444186047
22,0.2293626702970297
23,0.23127584658536587
24,0.23679390152284255
25,0.2655060153631285
26,0.280135124852071
27,0.2904545746875001
28,0.2876117942771084
29,0.28677275060606056
30,0.2972291642405064
31,0.3092085075163399
32,0.3208397673469388
33,0.3356609306338028
34,0.3380336563380282
35,0.3525828414814815
36,0.3626693117424242
37,0.37268668976377956
38,0.39576245123966947
39,0.38981398401639344
40,0.40181026465517233
41,0.41141923577586215
42,0.42070834026548676
43,0.4369258453703704
44,0.43317294594594585
45,0.4509514095238095
46,0.4608780627472528
47,0.469742141089109
48,0.4956047489690721
49,0.48233800599999993
50,0.5018957799999999
51,0.5125922666666667
52,0.523339139673913
53,0.5417090801136365
54,0.5339521538888888
55,0.5557906834291187
56,0.5652970852941177
57,0.5754054255952381
58,0.607877779113924
59,0.5860636164634145
60,0.6106796525316455
61,0.6216659889610389
62,0.6340281144736842
63,0.6490155418918919
64,0.6335553468749999
65,0.6610713798611112
66,0.6717656988888889
67,0.6827651897727274
68,0.7192402000000001
69,0.6861177181818181
70,0.7215936166666667
71,0.7341616256097562
72,0.743122028125
73,0.761518155
74,0.7365890703125
75,0.768488942063492
76,0.7792827602564102
77,0.7882021459016394
78,0.8321818249999999
79,0.7844081557377048
80,0.8216650351351351
81,0.8316502310344827
82,0.8412763069444446
83,0.8623729914285715
84,0.8353538097222224
85,0.8699229885714285
86,0.8810707145454544
87,0.8915401558823527
88,0.9448122640625001
89,0.8869898294117646
90,0.9270547892156863
91,0.9371044203737745
92,0.9469914921875001
93,0.9687193079032259
94,0.9380059617034314
95,0.9820062370967739
96,0.9926378187499999
97,1.003394
98,1.061655820689655
99,0.9910021370967742
100,1.0330961978260869
101,1.0431923362068969
102,1.0543989120689654
103,1.0753183482142856
104,1.0411591413793102
105,1.0945631339285713
106,1.1076270089285711
107,1.1211028462962962
108,1.1837747173076922
109,1.0951223339285712
110,1.1435222416666666
111,1.1528836654761907
112,1.1632749249999998
113,1.1815412365384617
114,1.142977775925926
115,1.201700216
116,1.2150401159999997
117,1.227407206
118,1.2958013583333334
119,1.19828647875
120,1.2567636333333334
121,1.2691365
122,1.2810008208333332
123,1.2924995932432433
124,1.2494983484649125
125,1.3173775
126,1.3287936152173914
127,1.3392273565217392
128,1.4145414227272728
129,1.3008784270833333
130,1.377220268181818
131,1.388994865909091
132,1.4003371659090909
133,1.400243834090909
134,1.352495432857143
135,1.4350781857142858
136,1.4438520714285716
137,1.4525942666666667
138,1.5290596774999998
139,1.4032254772727273
140,1.4847389809523812
141,1.4992723318750003
142,1.5127997675
143,1.5085559400000002
144,1.457394880952381
145,1.5472644624999998
146,1.5524430825
147,1.5607266825
148,1.6533770368421055
149,1.5072429725
150,1.5979775763157893
151,1.6102347105263157
152,1.622205197368421
153,1.6167934210526316
154,1.5584254800000001
155,1.6509314879310344
156,1.6611255844827588
157,1.6734652305555555
158,1.7753164588235295
159,1.6094083184210526
160,1.7071163222222223
161,1.7199061916666665
162,1.7308407194444446
163,1.727110633333333
164,1.6591164210526317
165,1.7630014814814816
166,1.7763838352941177
167,1.7879840176470585
168,1.9003726062500002
169,1.7122673277777778
170,1.826473708823529
171,1.8402998735294114
172,1.8502980558823527
173,1.835156705882353
174,1.7634981391067537
175,1.8764319040000002
176,1.88902880625
177,1.9048218406250002
178,2.0242782700000004
179,1.8194475794117646
180,1.9482615937499999
181,1.9606653468750004
182,1.9680050031250003
183,1.9456013312499996
184,1.8683708176470593
185,1.99569665625
186,2.0056760966666665
187,2.01487162
188,2.141338131818182
189,1.9169588343750001
190,2.0505720833333334
191,2.0607273266666666
192,2.069520516666667
193,2.04891873
194,1.9691594562500003
195,2.1124055533333337
196,2.1284220999999994
197,2.1428262499999997
198,2.273495767857143
199,2.025623073333333
200,2.17441185
