1,0.021730688578522655
2,0.04116899820880245
3,0.06774977063862928
4,0.08607355222868218
5,0.1029568614772727
6,0.1300177570200573
7,0.15447685200668895
8,0.1873319949799197
9,0.18311284156862742
10,0.21956868388625592
11,0.2303695224390244
12,0.2652870358757063
13,0.26675712755681813
14,0.30834137875816986
15,0.3216206653061225
16,0.3273034805555555
17,0.349078557037037
18,0.36852232748091596
19,0.404779554661017
20,0.4084117343220339
21,0.4268670927927928
22,0.4493707146226415
23,0.4894103726804124
24,0.49152426513047837
25,0.508125659794826
26,0.5354444147727272
27,0.5760166017857143
28,0.5785097298076923
29,0.5918023656862744
30,0.6241570798701299
31,0.663035520138889
32,0.6680519388888888
33,0.67269621971831
34,0.7122010753731344
35,0.7549590487500001
36,0.748533121875
37,0.7526283137500002
38,0.7884803983606558
39,0.842020748611111
40,0.8309819370689655
41,0.8343834724616861
42,0.8727621036363638
43,0.9245605833333332
44,0.9169729575757575
45,0.9173058651515152
46,0.9628097449999999
47,1.0163655233333333
48,1.004050485
49,0.9991669
50,1.048877467777778
51,1.1055414279069768
52,1.1005076220930232
53,1.0827064714285715
54,1.1338071611111111
55,1.1889302230769232
56,1.1844969692307692
57,1.168142644230769
58,1.2286647540000002
59,1.2772457375
60,1.274835139583333
61,1.248795943421053
62,1.3197568195652174
63,1.3674095386363636
64,1.3671582136363636
65,1.3334542326086958
66,1.406164265909091
67,1.4504704023809525
68,1.4559106476190478
69,1.4177702242424242
70,1.496464461904762
71,1.5428701174999997
72,1.5412498725
73,1.4972168125
74,1.583464547368421
75,1.6288419315789477
76,1.628141668421053
77,1.5801080341228073
78,1.6726209888888883
79,1.7180285333333334
80,1.7177602916666666
81,1.6629876396551724
82,1.766801808823529
83,1.807423632352941
84,1.804805720588235
85,1.7464131055555556
86,1.8619821460000001
87,1.9011805937500001
88,1.903794590625
89,1.8268489705882356
90,1.9423931812499995
91,1.9807143343750004
92,1.9875390520833334
93,1.9089087187500002
94,2.0402992299999996
95,2.07534038
96,2.09024555
97,1.9921451916666668
98,2.1275296933333334
99,2.1545676107142855
100,2.178853132142857
101,2.07578986
102,2.2182218607142854
103,2.2479784464285717
104,2.264815721428571
105,2.1521674857142856
106,2.310561322710622
107,2.331034361538461
108,2.3569893307692307
109,2.234329857142857
110,2.406797473076923
111,2.415116765384616
112,2.4570667307692315
113,2.316836396153846
114,2.5030423416666667
115,2.5024051372807015
116,2.5502883958333333
117,2.40055955
118,2.5987670916666668
119,2.5913298583333333
120,2.643547275
121,2.4852072076923073
122,2.703834545833333
123,2.6787400500000005
124,2.739986940909091
125,2.5639468125
126,2.7894882272727273
127,2.765350218181818
128,2.8686149454545453
129,2.6475156791666663
130,2.8868425227272727
131,2.8547896136363633
132,2.934030918181818
133,2.731285754278075
134,2.984932740909091
135,2.943200327272727
136,3.0311709050000006
137,2.8102518318181815
138,3.08420423
139,3.031599125
140,3.131414505
141,2.894488409090909
142,3.1794668450000003
143,3.117736395
144,3.2357899
145,2.975090709090909
146,3.28116234
147,3.20773472
148,3.3346523599999998
149,3.06030294
150,3.38908183888889
151,3.29708143
152,3.4271122499999995
153,3.14104348
154,3.4781964111111106
155,3.3892010833333335
156,3.5333924388888893
157,3.228185359999999
158,3.573564594444444
159,3.474501038888889
160,3.6250963166666663
161,3.303549795
162,3.679526494444444
163,3.5644339777777776
164,3.725443455555556
165,3.389802783333333
166,3.78528786875
167,3.6477294166666674
168,3.8275427187499993
169,3.470366672222222
170,3.8811257437499997
171,3.735858266666667
172,3.9353805437500005
173,3.5519146333333333
174,3.98322548125
175,3.8231862249999997
176,4.027363875000001
177,3.6337648833333334
178,4.078869149999999
179,3.91092398125
180,4.131375406249999
181,3.7180167944444444
182,4.188172006250001
183,4.00724825
184,4.239851131250002
185,3.802076718750001
186,4.280041731818183
187,4.09216995625
188,4.337146000000001
189,3.884677125000001
190,4.38625845
191,4.175552325
192,4.445307550000001
193,3.9634679187499997
194,4.499743428571428
195,4.26479646875
196,4.551537185714286
197,4.049951162499999
198,4.600361392857143
199,4.3528411857142855
200,4.657288142857143
