1,0.0017409662717332857
2,0.0017423656045457816
3,0.0017338703258728736
4,0.0017270126678843884
5,0.0017412195083625329
6,0.001730929940474056
7,0.0017476741877971472
8,0.0017344819591704704
9,0.0017364785020627218
10,0.0017305300404171625
11,0.001748023824127233
12,0.001744611603837999
13,0.001730073222877401
14,0.0017284820164461922
15,0.001728423695721754
16,0.0017306575842997323
17,0.001736355055416518
18,0.0017277498662666717
19,0.0017231164460067092
20,0.0017645982874216588
21,0.0017286145739105463
22,0.001741961006309844
23,0.0017490400666328675
24,0.0017681161330448895
25,0.0018114597116760907
26,0.0017270562292101127
27,0.001730071771086057
28,0.0017383818873778001
29,0.0017480999473518351
30,0.0017259784483688815
31,0.0017313342319939889
32,0.0017433345147969718
33,0.0017408293933316619
34,0.0017615125352316255
35,0.0017743119768906987
36,0.0017291499516198397
37,0.0017324489981293619
38,0.0017400393290160098
39,0.0017354013003689505
40,0.0017520843803645126
41,0.0017350529850475433
42,0.0017711360629835459
43,0.0017469068017757882
44,0.0017440583847530033
45,0.0017424364727442595
46,0.0017266875085422437
47,0.0017602923502534448
48,0.0017382296635697174
49,0.0017477443602090714
50,0.0017267545908615529
51,0.0017360538989618427
52,0.0017791877371201644
53,0.0017413798824603903
54,0.0017660444730360624
55,0.0017415877713485425
56,0.0017308133837837837
57,0.0017295106463743437
58,0.0017340515437056772
59,0.0017342994351908481
60,0.0017302398166714407
61,0.0017464035517939813
62,0.0017286865240564676
63,0.00173374981935629
64,0.0017563016931159809
65,0.00172231682685411
66,0.00175795414326606
67,0.0017278677135183526
68,0.0017327541437578814
69,0.0017379755650497207
70,0.0017525534143342145
71,0.0017613550727044582
72,0.001847966735081718
73,0.0019172952858437413
74,0.0018994368420019627
75,0.0019082370703279341
76,0.0019147909374752985
77,0.0019237763766563514
78,0.0019363677989837158
79,0.0019395627388662346
80,0.0019261913330351152
81,0.0019653008430951316
82,0.0019578066702995076
83,0.001985283064053145
84,0.0020356611281382828
85,0.0019989631150874342
86,0.0020134667378467
87,0.00201363927924963
88,0.0020186275555369964
89,0.0019948153344577914
90,0.0019819508712229923
91,0.002056933653510065
92,0.0020189777282386768
93,0.0020172402182969504
94,0.0020288929074594323
95,0.002023562736204013
96,0.0020388365052631577
97,0.0020494811876184465
98,0.0020482446998183277
99,0.0020478576335717295
100,0.002037903321110971
101,0.002051906550643631
102,0.0020855385626703
103,0.0020559920028879646
104,0.002056727919221823
105,0.0020544512659033073
106,0.0020602345528734057
107,0.0020529424659856735
108,0.0020879035702095704
109,0.00206198589732729
110,0.002058147460241294
111,0.0020592806455039946
112,0.002058593530701755
113,0.0020634136401927947
114,0.002063393280598426
115,0.0020641113035143772
116,0.0020653125021280216
117,0.0020744467259994725
118,0.002072507119718795
119,0.002074276748191526
120,0.002077837052398728
121,0.002080240651637712
122,0.0020799464545114095
123,0.0020763836705882353
124,0.0020801578050662207
125,0.0020822280903547673
126,0.002095472550219724
127,0.002107641679569893
128,0.002059490277356342
129,0.0020995144727744166
130,0.0020957060120463545
131,0.0021005108883826755
132,0.0021101619905684868
133,0.0021064001323957116
134,0.002102410126715206
135,0.0021166810401221105
136,0.0021056483919562777
137,0.002115078709563994
138,0.0021126111107203148
139,0.0021174709425014074
140,0.002117614483060109
141,0.0021570085455425076
142,0.0021445871931223964
143,0.0022430203694029853
144,0.002352235903317718
145,0.002341888819770538
146,0.0023508558325242715
147,0.002389691140593867
148,0.0024025558527898698
149,0.0024027599001198562
150,0.0023894847648180517
151,0.0024065608153611803
152,0.002411516730415777
153,0.0024219372378146225
154,0.002417890670262711
155,0.0024321088777766614
156,0.0024250984740081054
157,0.0024504946749759333
158,0.0024508865441176474
159,0.0024614705597964374
160,0.002459285988087966
161,0.0024606545674177305
162,0.0025004976401557855
163,0.0024759388097920724
164,0.0024763194371895322
165,0.0024728202922659572
166,0.002480991157003592
167,0.002493398978751865
168,0.002484569985621855
169,0.002493280089110951
170,0.002491624224786237
171,0.0024944180640008246
172,0.0025253013051079413
173,0.0025176356938966167
174,0.002516691133260655
175,0.0025224413467193145
176,0.002521735286894582
177,0.0025365187509914866
178,0.00253887764683153
179,0.002531642035211861
180,0.0025437551101367573
181,0.002537547077949498
182,0.0025461700558753807
183,0.0025380021627101467
184,0.002562565926024333
185,0.002542807648401826
186,0.0025520384370489855
187,0.0025769062841306655
188,0.002552836610558531
189,0.0025542110846852963
190,0.0025661742438482568
191,0.0025726927849618907
192,0.0025360953134115514
193,0.0025760781052519776
194,0.0025778897437228783
195,0.0025807016901408446
196,0.00261087429869089
197,0.0025888228518486604
198,0.002586445900677442
199,0.00258957188101347
200,0.002595653929604629
