1,0.0016622150449476887
2,0.0016590959303534306
3,0.001681265546247697
4,0.0016819980658737672
5,0.0019745713158932565
6,0.0020621488047044786
7,0.0020857165819513244
8,0.0021238395749488105
9,0.0024293472749293502
10,0.0024946035178866834
11,0.0025503160296610167
12,0.0025978853857288376
13,0.0028343882940376594
14,0.0029547426056982487
15,0.003012912644710579
16,0.003139083501982057
17,0.0031764836878968384
18,0.003265719318922442
19,0.0033194456724504494
20,0.0033672244097778395
21,0.0034179698260177393
22,0.003464404804397488
23,0.0035515115909389577
24,0.0036084597816800614
25,0.003674955671630451
26,0.003724108860690841
27,0.003801442402383566
28,0.00386533692469489
29,0.003927825480148483
30,0.004029767714292817
31,0.004117233681085666
32,0.0038031703824451405
33,0.003801934166040571
34,0.0038387791356935875
35,0.004002529201595181
36,0.004113368523051816
37,0.0041760555839315296
38,0.004230652982578397
39,0.004277210417843027
40,0.0043705392191977065
41,0.004465724147020062
42,0.004630569187102635
43,0.005199601377245509
44,0.005872466349514563
45,0.006719386720710498
46,0.008245578734263353
47,0.0103769127887083
48,0.010867163176789556
49,0.011264749175412295
50,0.011516207957779889
51,0.011828378016085793
52,0.012224748891720047
53,0.012612628243846909
54,0.013067236164965317
55,0.013576779137955382
56,0.014257108805031445
57,0.0148789638700291
58,0.015302378166640651
59,0.015762066540785505
60,0.016224572505307858
61,0.016520235279441117
62,0.01676569767454641
63,0.017259292411422527
64,0.017137948025959984
65,0.01760228281682346
66,0.017927900833796556
67,0.018147598014747593
68,0.018429711514983356
69,0.018826201128472227
70,0.01924688335325762
71,0.019527624499089253
72,0.0197456509233352
73,0.020084728575547866
74,0.020366272908478388
75,0.020614253626306082
76,0.020856317878605774
77,0.02105332570812808
78,0.021319467527010805
79,0.02168718750756201
80,0.021799418822768434
81,0.02208819593209481
82,0.02243366088216355
83,0.02266648190564867
84,0.022765503412073496
85,0.02302459486452426
86,0.023227371973244152
87,0.023441104715802626
88,0.023693209746053535
89,0.02386133101820634
90,0.02408919799723757
91,0.02431569381663113
92,0.024646667242620587
93,0.024976834859154928
94,0.025298377002762426
95,0.02566038397199705
96,0.02580248136237898
97,0.02615676915695682
98,0.02641993619828816
99,0.026624814396743152
100,0.026840045434938894
101,0.02705066756944444
102,0.02722024550321199
103,0.027412621788990826
104,0.027707400184911243
105,0.027910052700729923
106,0.028153690841949783
107,0.02841130108289769
108,0.028732431834929986
109,0.02907157892857143
110,0.029517473168023684
111,0.02987714362363919
112,0.030038195226730305
113,0.03028370058869702
114,0.030511099842271298
115,0.030721684210526318
116,0.03099810652346858
117,0.0312533444490818
118,0.031559257323026856
119,0.031836459609120515
120,0.032146174797734635
121,0.032263914875322444
122,0.032458276635906044
123,0.03270042396274343
124,0.03301560314049587
125,0.03334765449050086
126,0.03367828570175438
127,0.03401858637130802
128,0.03305545524718126
129,0.033352607373653684
130,0.03361635004448398
131,0.03384078827054795
132,0.03402901392405064
133,0.03424700863436123
134,0.034486758132260945
135,0.03472309003558719
136,0.03502318804945055
137,0.03519520738831615
138,0.03542228131176999
139,0.03574598127256317
140,0.03612619050279329
141,0.03635657249774572
142,0.03666717029934517
143,0.037114990838958535
144,0.037134539757914344
145,0.03742075317307693
146,0.037692321365853654
147,0.03795133907317074
148,0.03816274038461538
149,0.038376218977384455
150,0.03863584926614481
151,0.03889643464214712
152,0.0392144334148728
153,0.03943552787610619
154,0.03964121797352342
155,0.03997088091908092
156,0.04027363217522659
157,0.04066037339679359
158,0.04082724356694561
159,0.041243308711340215
160,0.041310986282306165
161,0.04160786010152285
162,0.041875213608247426
163,0.042102004521276604
164,0.042331397910135835
165,0.04256892978395061
166,0.04284361379310345
167,0.04314421417025861
168,0.04344801056034483
169,0.04361752060381356
170,0.04386808824786325
171,0.04416056004439511
172,0.044474648727876105
173,0.044748761662946425
174,0.045081376541095904
175,0.04545113286038593
176,0.04565795379198266
177,0.04589764854096521
178,0.04613275914221219
179,0.046381253567447045
180,0.0466130041954023
181,0.04684740074200914
182,0.04708054224537037
183,0.04736450791907514
184,0.04762675276497695
185,0.047818298793103446
186,0.04808270377030163
187,0.04837422784503632
188,0.048701750587544064
189,0.04892779403935185
190,0.04922684594594596
191,0.04963594987966305
192,0.05040410241635687
193,0.050647511254612546
194,0.050903231120584654
195,0.05125326850000001
196,0.051491504495073906
197,0.05184437095959595
198,0.05210728320610688
199,0.05236948118750001
200,0.052657935768261964
