1,0.0019734844809069204
2,0.0024366099351889065
3,0.0029277953213009502
4,0.003297745274612231
5,0.0035305098463890515
6,0.0038136665541601256
7,0.004171751862622906
8,0.004133213625802925
9,0.0044522802110625904
10,0.006988082366872398
11,0.011422791296085137
12,0.013106426214110295
13,0.015522816356783918
14,0.017335375200918487
15,0.018442809124087585
16,0.019848534319863404
17,0.021072127227432593
18,0.02215957947402181
19,0.023241345208333333
20,0.024212987100139086
21,0.02561092102931152
22,0.02673748805147059
23,0.027710399854545455
24,0.028924667848882035
25,0.030289475158982514
26,0.03146252018927445
27,0.03253439799498746
28,0.03390025786997434
29,0.03394370233722872
30,0.03493859653882133
31,0.036167303162790695
32,0.03734506507707129
33,0.03845474309178744
34,0.039543882331975554
35,0.0408883995872033
36,0.042093461424017
37,0.04326196784164858
38,0.04438755318080358
39,0.04580410366552119
40,0.04692513857142857
41,0.0480302829861111
42,0.049260390665110856
43,0.05097135049200492
44,0.05234719358322745
45,0.053466559290322575
46,0.05465611755319148
47,0.05596644473333333
48,0.05746640823045266
49,0.0587110700557103
50,0.06480791298600312
51,0.06595335145482388
52,0.06726044976525822
53,0.06914470916398716
54,0.06936904421487604
55,0.07068969511400651
56,0.07191288826955074
57,0.07260945561224491
58,0.07339820996533795
59,0.07453815112847223
60,0.07605144082892415
61,0.07873724018181817
62,0.07966192733944953
63,0.08083163689591077
64,0.08456541847195356
65,0.08504512183908047
66,0.08569631434184675
67,0.08697237868686866
68,0.08655751162790697
69,0.08745615
70,0.08847264582484725
71,0.08672412923387096
72,0.08764966888454011
73,0.08861985575757575
74,0.08985760692640692
75,0.09189246814345992
76,0.09290324666666665
77,0.0938333479392625
78,0.09289578175105484
79,0.09403654190871369
80,0.09499988822269807
81,0.095960176124197
82,0.09879655849889624
83,0.09974605022675738
84,0.10050684054054054
85,0.09891838543046358
86,0.10009327286036035
87,0.10141302237442923
88,0.10260459556818181
89,0.10395786578947369
90,0.10506322885057472
91,0.10607205556872037
92,0.11074956371359226
93,0.11182446770573563
94,0.1127722551378446
95,0.11442691755725193
96,0.11687178376288661
97,0.11799829637305702
98,0.11904782611548557
99,0.12213336086956518
100,0.12330381205479451
101,0.12407341013888891
102,0.1253925536784741
103,0.12420446986111111
104,0.12542625863509752
105,0.1261969263380282
106,0.1276474403409091
107,0.13181986181556196
108,0.1330921909090909
109,0.13451057316715542
110,0.13192395377906974
111,0.13299470160349855
112,0.13447154335347433
113,0.13551382327327327
114,0.1461186105769231
115,0.14686851549520763
116,0.14812544358974358
117,0.15004280374592835
118,0.15090824226804123
119,0.1522147610197368
120,0.15351770901639344
121,0.15558492290969902
122,0.15679529642857146
123,0.15782725532646047
124,0.15454477159863944
125,0.15599087290209787
126,0.15759158719723187
127,0.15861616384083044
128,0.17165437528301883
129,0.17275771212686566
130,0.1745453280075188
131,0.17190273974358972
132,0.17335680615671636
133,0.17460331940298507
134,0.1759190537401575
135,0.17784571851145042
136,0.1793218015503876
137,0.1808104799610895
138,0.1733138675925926
139,0.1746676870300752
140,0.17641187641509434
141,0.17747032452471478
142,0.18861068987854251
143,0.1896121502066116
144,0.19067286352459015
145,0.1917506605809129
146,0.19239498495762714
147,0.19324357130801686
148,0.19426594555084745
149,0.1918063090909091
150,0.19283585857740584
151,0.1937111474576271
152,0.187214228
153,0.18843472063492062
154,0.18950004400826442
155,0.1907272012295082
156,0.1958138038135593
157,0.19691317715517243
158,0.19748377780172416
159,0.19866095105932202
160,0.18411799639999998
161,0.18535278273809525
162,0.18647252530364375
163,0.2042214837053572
164,0.20522366969026545
165,0.20612526473214282
166,0.20771726540178573
167,0.19869529170305678
168,0.19980194567099568
169,0.20089248073593077
170,0.2090985794117647
171,0.2103809744343891
172,0.21125187022727274
173,0.21239778227272724
174,0.19948383055555557
175,0.2006089634199134
176,0.20178827748917746
177,0.22022998286384982
178,0.22116964812206574
179,0.2222294232227488
180,0.22336137785714288
181,0.21504719436619715
182,0.2164654788636364
183,0.21762371757425744
184,0.22412758750000006
185,0.22565935499999998
186,0.22726283634146338
187,0.228282779
188,0.21669903544600938
189,0.21783664604651162
190,0.2191325084507042
191,0.23579869447236182
192,0.23705066074999995
193,0.23796839666666667
194,0.239153608040201
195,0.23156174554455444
196,0.23279389025
197,0.23403885653266332
198,0.2525399876344086
199,0.2533018730978262
200,0.25471658586956525
