1,0.002059527060474611
2,0.002585825399744164
3,0.003045207745591939
4,0.0034311275462434346
5,0.003828716390351221
6,0.003777641963289098
7,0.00420427907383696
8,0.005293488204683435
9,0.011112857479954183
10,0.013072806396329269
11,0.01580933041707397
12,0.017610705438225977
13,0.019383973801652892
14,0.020795684033353926
15,0.022172094001256283
16,0.023379043344594598
17,0.024619430396174865
18,0.026573052570601014
19,0.027681215061549608
20,0.029182849675850893
21,0.030335767260940026
22,0.03166473487603306
23,0.03297055802521008
24,0.03358013652826855
25,0.034853686913696065
26,0.03631225685185184
27,0.037890151332064706
28,0.03917573820939335
29,0.04063956893004115
30,0.04210525443169969
31,0.043549250377155166
32,0.04495581951488424
33,0.04706321049382716
34,0.04815750711722487
35,0.04943206660671462
36,0.05181022651515151
37,0.05334036102362205
38,0.054757338054830296
39,0.05583294700520834
40,0.057408061559888555
41,0.058903455602836864
42,0.06457730760059611
43,0.06635114445312501
44,0.06813393748031497
45,0.06697362073365232
46,0.06861646826923078
47,0.07018047272727274
48,0.07396811864261169
49,0.07516466634446396
50,0.07687810238500853
51,0.07910150281306715
52,0.08023981234119783
53,0.08183935112781955
54,0.08295683628571429
55,0.08382314106090373
56,0.08532235562248996
57,0.08687671963249516
58,0.08803413529411765
59,0.08920297312500002
60,0.0880791604790419
61,0.08914053704819276
62,0.08930563448979593
63,0.09058132753623188
64,0.09171605477178424
65,0.09350266021052632
66,0.09481406306209851
67,0.09598360438972163
68,0.09399402819706498
69,0.09524538940042826
70,0.09654921255319149
71,0.09913216787280703
72,0.10064667590909092
73,0.10213363002309467
74,0.10308759931818183
75,0.10456336109813083
76,0.1057782238317757
77,0.11052874303482589
78,0.11164963091133005
79,0.11314540707070707
80,0.11112717862407863
81,0.11270663238916255
82,0.11429195820707072
83,0.12175304986595173
84,0.12305895373333332
85,0.12429941852367689
86,0.12651983263888886
87,0.1278502099431818
88,0.12891701746478876
89,0.13156638768328446
90,0.1332543797687861
91,0.13489187855029586
92,0.13235851286127168
93,0.13398729677419352
94,0.13555573954545455
95,0.14353286757188496
96,0.14466830171339568
97,0.14619538237179489
98,0.14998707180327872
99,0.1512406225165563
100,0.15277468526490068
101,0.15588258184931508
102,0.15713889532871975
103,0.15872302162629762
104,0.15460858946488296
105,0.1563199357876712
106,0.15778222174657533
107,0.17280168026315793
108,0.17409217423664122
109,0.17621292164179103
110,0.175347827946768
111,0.17703163326923077
112,0.17867304026717556
113,0.17778817652671758
114,0.17947557748091603
115,0.18090664980158733
116,0.17470799427480915
117,0.17670812404580155
118,0.17802731653846154
119,0.18794838493975904
120,0.18933455103305785
121,0.19090627520661158
122,0.17353187011278198
123,0.17464902312030078
124,0.19142180082644628
125,0.19268615268595038
126,0.19397081556016596
127,0.1860629661885246
128,0.18762523483606555
129,0.18899205020408164
130,0.19672875355648534
131,0.19813771186440676
132,0.19900440614406778
133,0.18418641555118112
134,0.18549888879999998
135,0.18690181183673468
136,0.20031467012987011
137,0.20172676255411254
138,0.20314449977876106
139,0.19801500876068376
140,0.19950602272727275
141,0.2008495173076923
142,0.20976563484162897
143,0.21129348045454543
144,0.21250638027522933
145,0.19933879999999998
146,0.2008064455128205
147,0.20223572631578945
148,0.21892574483568078
149,0.22017777211538464
150,0.22141563485576923
151,0.2144416815909091
152,0.21618204302325583
153,0.21744518568075116
154,0.22611916754807695
155,0.2279943618226601
156,0.2295231541463415
157,0.21748652112676056
158,0.218931408056872
159,0.2204024157276995
160,0.23484556934673367
161,0.23608921375
162,0.23742073307692302
163,0.23126761403940893
164,0.23269935123762375
165,0.23422868874999997
166,0.24728684
167,0.24865097352941182
168,0.25018288736559136
169,0.23531433121827408
170,0.23672866497461933
171,0.2380888451282051
172,0.2565574578212291
173,0.258131128021978
174,0.26014402127071823
175,0.25306151122994647
176,0.2549309554347826
177,0.25657427282608697
178,0.26683410373563227
179,0.26807226810344825
180,0.26947835880681814
181,0.2534288395604395
182,0.2548405708791209
183,0.2779941577380952
184,0.2795705828402367
185,0.2807291557228915
186,0.26844911892655365
187,0.26991858551136366
188,0.2714112077586207
189,0.2879040136363637
190,0.28926523343558275
191,0.2901148533333333
192,0.2687845542613636
193,0.27016652902298854
194,0.2714187330459771
195,0.29278171149068327
196,0.29403172031249997
197,0.29488823136645964
198,0.2870239436746988
199,0.28842644
200,0.2897791644171779
