1,0.0017203072307157752
2,0.0016855721757613772
3,0.0016922289268859617
4,0.001714927109686057
5,0.0016883863350860657
6,0.0016922962119049318
7,0.001732981667251176
8,0.0017204721991555246
9,0.0016938440471937846
10,0.0017020157802166878
11,0.001682758471024282
12,0.0019848499078812696
13,0.0020350037645233
14,0.0020750878747571996
15,0.0020787349179412274
16,0.0021265569985632806
17,0.002096960174555509
18,0.0021276964947509343
19,0.002128892874849494
20,0.0021476840359578426
21,0.0021584661177466795
22,0.0021818568042122387
23,0.0024423506832601267
24,0.0024851009127841205
25,0.002522668631535097
26,0.0025496631324278445
27,0.002568434971418821
28,0.0025886867489125693
29,0.0026046938828785185
30,0.002617323561160835
31,0.002635501722725784
32,0.0026519892523877487
33,0.0027120272012839666
34,0.0028994654429393436
35,0.002966533712028417
36,0.0029996731764588332
37,0.0030293636539541857
38,0.003040534054920196
39,0.0030618717238318645
40,0.003076626175758348
41,0.0030990693085787453
42,1.874270200138652
43,0.003037865512909102
44,0.0030460892680017576
45,0.0031423715739484397
46,0.0031583557907976104
47,0.003198501477848726
48,0.003210182434407174
49,0.0032236040101421225
50,0.0032554931402132368
51,0.0032937606712658777
52,0.0033090624889819302
53,0.003321490075316672
54,0.0033637212067404777
55,0.0033713400947339087
56,0.0034074465930599364
57,0.003420643508326277
58,0.0034580584150401333
59,0.0035005164142329153
60,0.0035284070183118116
61,0.003557244906185869
62,0.0035960281500538463
63,0.0035985936932089904
64,0.0036534567788967386
65,0.0036512583132439352
66,0.0036664003332828364
67,0.0036947885903486077
68,0.0037312189227717866
69,0.0037582425024557738
70,0.0037782826803723813
71,0.003825437435049598
72,0.0038632575663892195
73,0.0038873979518227477
74,0.003928326781904789
75,0.003953066896607693
76,0.003970510508930756
77,0.004004715707493031
78,0.004059377524473649
79,0.004090361109607578
80,0.004138320850288233
81,0.004196573610236362
82,0.004226580668874247
83,0.0042483168173519945
84,0.003827438620991983
85,0.0038025557328015954
86,0.00381516927342971
87,0.003849709575127927
88,0.003838943508529854
89,0.003849939618724048
90,0.003882954638584883
91,0.003937397072357981
92,0.003990649986938349
93,0.004039957026584867
94,0.004087322039555006
95,0.004108987809472552
96,0.004140228266485384
97,0.00417686345779358
98,0.004219963658785508
99,0.004260659953032187
100,0.004246294288688411
101,0.004297090493448564
102,0.004312521162464987
103,0.004327033731385222
104,0.004340417430673459
105,0.004366572349672271
106,0.004418017491749174
107,0.004470154292157718
108,0.00454400828668238
109,0.004577405910780669
110,0.004633848051359516
111,0.00473825444308258
112,0.004950202284837719
113,0.00527888691252144
114,0.0055113129291651615
115,0.005764419727375994
116,0.006016312588695866
117,0.006536822080449828
118,0.006785446123595505
119,0.0074196998470012245
120,0.008304316188241784
121,0.008913724518436986
122,0.009844377954591525
123,0.010279895644972335
124,0.010697595728017088
125,0.011083910553505535
126,0.010908794327117503
127,0.011099931657142858
128,0.011232100647968188
129,0.01136504040748954
130,0.011462861940122585
131,0.011548135892514395
132,0.011632615413518661
133,0.01175565287342386
134,0.011889695740514078
135,0.012034666854247627
136,0.012219344725579055
137,0.012395112726897691
138,0.012576845037851883
139,0.012731488987556466
140,0.012905305090206185
141,0.01302191702441642
142,0.013150447107550246
143,0.013299973098757417
144,0.013483969546678635
145,0.0137470136874549
146,0.013928820606216714
147,0.014159113064971753
148,0.014431613987034873
149,0.014638683423697816
150,0.014818004577888304
151,0.015029257292998442
152,0.015160115301507538
153,0.015320946859217172
154,0.01549581099094567
155,0.015674865284054224
156,0.015851733445945947
157,0.01603163287278415
158,0.016207424662331164
159,0.016345829340546108
160,0.016430482037815122
161,0.016514493062692703
162,0.016600119284188038
163,0.016759774572760226
164,0.016969892780061665
165,0.017205103398058252
166,0.017347017916443497
167,0.017523125381140595
168,0.017309052127659572
169,0.017540577544565842
170,0.017690128125
171,0.017834796878483838
172,0.017974858387622153
173,0.018091167871039465
174,0.01822331597261837
175,0.01833628989247312
176,0.018413242092119867
177,0.018464522129380052
178,0.018596843364281815
179,0.018700481397849463
180,0.01882475829452852
181,0.019002144367369588
182,0.019137828338852098
183,0.019287213467048713
184,0.01944846190340909
185,0.019571373510114818
186,0.019664846226958525
187,0.019742330143805307
188,0.019766700306919644
189,0.01986253255295429
190,0.020000631979280262
191,0.0201407737704918
192,0.020274521604584525
193,0.02036580624635143
194,0.020463226869722555
195,0.0205581114684466
196,0.020628494988276673
197,0.020729931981132075
198,0.020851664834515365
199,0.020938230574640847
200,0.02099544262492474
