1,0.025427239552238808
2,0.048876633234244946
3,0.08027539023722628
4,0.09983787544642858
5,0.1253849600817439
6,0.15669472110726648
7,0.19195898801652891
8,0.19863006153846155
9,0.2165521820930233
10,0.25254699385026735
11,0.2668895398305085
12,0.2999960083870968
13,0.3146265386666666
14,0.3392799647887324
15,0.3641481852272727
16,0.3866017008064516
17,0.41074872068965507
18,0.4352827577272727
19,0.4589746123809524
20,0.4837948719387754
21,0.5100208424731182
22,0.5361489619318183
23,0.5599943052941178
24,0.588625268436155
25,0.6155393459183675
26,0.6256380677083334
27,0.6806904654929578
28,0.6751695112676056
29,0.7443563468750001
30,0.7240093809523809
31,0.7901682948446938
32,0.769185233028083
33,0.8407395472222221
34,0.8182012959459459
35,0.8909049897058823
36,0.8665092500000001
37,0.9429406453125
38,0.937841374509804
39,0.9657678430000001
40,0.9932514374999999
41,1.013723835
42,1.0420308500000002
43,1.0729719535714286
44,1.099009655357143
45,1.117302788888889
46,1.1441771857142857
47,1.1744074250000003
48,1.200798301
49,1.227550996
50,1.2558187020833331
51,1.235229572
52,1.331869660869565
53,1.2837096166666668
54,1.386812306818182
55,1.334876252173913
56,1.4325051952380954
57,1.3788691931818182
58,1.4925126119047618
59,1.4341586809523814
60,1.5387910025
61,1.4785542380952381
62,1.5960803526315788
63,1.5937420631578947
64,1.6208683078947368
65,1.6468501157894735
66,1.673906536111111
67,1.6984934916666667
68,1.7281439416666666
69,1.7571715481481478
70,1.7860195941176473
71,1.8049997382352938
72,1.8381683794117643
73,1.8724475380000003
74,1.8959394312500002
75,1.9170574
76,1.844040455882353
77,1.989218134375
78,1.89281425
79,2.0311224400000003
80,1.94456528125
81,2.0995725933333325
82,1.99062705625
83,2.133647538636364
84,2.038950203333333
85,2.199062607142857
86,2.087378976666667
87,2.240552328571428
88,2.267204121428571
89,2.2952443892857146
90,2.328371176923077
91,2.3488473615384615
92,2.378738169230769
93,2.407518692307692
94,2.437345869230769
95,2.466748165384616
96,2.4945139269230774
97,2.5203049083333333
98,2.5491202666666664
99,2.5800220791666666
100,2.6040405541666667
101,2.450000830769231
102,2.6249294874999998
103,2.5042697124999997
104,2.688282308333333
105,2.546138604166667
106,2.7235266411764707
107,2.599573316666667
108,2.7904415999999994
109,2.64530015
110,2.8297619272727275
111,2.6940036625000006
112,2.899633422727273
113,2.9776869000000006
114,3.01225895
115,3.0328719850000003
116,3.0617981549999995
117,3.0960533399999997
118,3.1254308949999996
119,3.14784598
120,3.1819557999999994
121,3.2152168700000003
122,3.247104505
123,3.26912537
124,3.302494785
125,3.3376326912698415
126,3.0597032850000003
127,3.2947946900000007
128,3.1093822750000006
129,3.330553471428571
130,3.154975465
131,3.403674977777777
132,3.2075849249999995
133,3.438797622222222
134,3.2540550949999996
135,3.5047611944444443
136,3.2992129249999995
137,3.535279144444446
138,3.7110045166666668
139,3.7415683708333334
140,3.7803478611111108
141,3.8067140187499997
142,3.8292317000000002
143,3.8617605312500003
144,3.892851762499999
145,3.9228016749999997
146,3.9523891749999995
147,3.9843577062500004
148,4.01207464375
149,4.043099531249999
150,4.06872375625
151,3.6695335722222224
152,3.9228245499999996
153,3.716418011111111
154,4.001960806249999
155,3.7716163062500003
156,4.0296287062500005
157,3.8138733687499995
158,4.102621812500001
159,3.8654721875
160,4.130766756249999
161,3.9142936124999994
162,4.208859675
163,4.4773821
164,4.507034557142858
165,4.533535092857143
166,4.565961271428571
167,4.596717964285715
168,4.634279842857143
169,4.6572727928571425
170,4.680047671428572
171,4.71379637142857
172,4.746411471428572
173,4.7825695928571434
174,4.802335157142857
175,4.821069771428571
176,4.280774656250001
177,4.611271007142857
178,4.329728807142858
179,4.62947965
180,4.381743378571428
181,4.711462014285715
182,4.429071849999999
183,4.735789985714285
184,4.4835745142857135
185,4.822080185714285
186,4.525400821428571
187,4.83487365
188,5.235317075
189,5.264312316666667
190,5.296066391666667
191,5.323181266666666
192,5.3602292
193,5.390621574999999
194,5.426906616666667
195,5.459827133333333
196,5.488281183333334
197,5.51397955
198,5.537680458333334
199,5.567210958333334
200,5.596635783333333
