1,0.001749578398500073
2,0.001729858909176199
3,0.0017511059700681258
4,0.0018205257044661175
5,0.0017940486703700075
6,0.0017506351953579743
7,0.0017409001055812433
8,0.0017525440597095008
9,0.0017459732223711378
10,0.0017345307155228404
11,0.0017420255078195216
12,0.0017455481687175577
13,0.001756151130241701
14,0.0017493845885065342
15,0.0017509845359633828
16,0.001734413266560602
17,0.0017522913879568496
18,0.001741802195402299
19,0.0017446215113767283
20,0.0018087014904654055
21,0.0017332642271894205
22,0.001747270171046826
23,0.0017543597645228966
24,0.001802829509666774
25,0.001737610434970474
26,0.001814145258074476
27,0.001735225835627212
28,0.0017792552123069055
29,0.0017438900494727721
30,0.0017372873686628011
31,0.0017452070219447053
32,0.0017623002646555014
33,0.0017590923904743725
34,0.001764430714968061
35,0.0017431986212738345
36,0.001733797874905531
37,0.0017720088772208175
38,0.001741210732228755
39,0.00173751055726888
40,0.0017658101313083947
41,0.001742511561272013
42,0.0017893766096572538
43,0.0017496887100834292
44,0.0017423397832648463
45,0.0017396005687169457
46,0.0017411203434036081
47,0.0017461904808410407
48,0.0017509663177117233
49,0.0017426720748801847
50,0.0017414768875748177
51,0.0017674634606282451
52,0.0017484440444218627
53,0.0017544352957144925
54,0.0017467634808476591
55,0.0017506295207644514
56,0.0017478765496612369
57,0.0017498895068358514
58,0.0017425102450450453
59,0.0017544938022258712
60,0.0017577586260648906
61,0.0017439616466222525
62,0.0017814336240330473
63,0.001751536466760148
64,0.001739880344311923
65,0.0017504391880124811
66,0.0017360447657155272
67,0.0017754511946070988
68,0.001750537435999855
69,0.001805681273610361
70,0.001843982082631514
71,0.0017478462973071322
72,0.001739337521486211
73,0.0017773217928902627
74,0.0017434286641398792
75,0.0017393967060036666
76,0.0017506142583973738
77,0.0017373074219450488
78,0.0017488223926874448
79,0.001792441896857913
80,0.0017428011911579434
81,0.001736298724173177
82,0.0017332158026786035
83,0.0017342562252607306
84,0.001746532323756985
85,0.0017240816053511706
86,0.0017623106963102434
87,0.0017329055412472615
88,0.00174500330838913
89,0.001739639076828652
90,0.0017393968122636021
91,0.0017346827435470264
92,0.001736636127650305
93,0.001744370695767385
94,0.0017870872623710786
95,0.0017596639636905643
96,0.0017462425933962606
97,0.0017659038592135526
98,0.0017433332205877086
99,0.0017257611822624954
100,0.0017460440898216616
101,0.0017418234704148394
102,0.001741762434762551
103,0.0017327697367947933
104,0.0017599092275996677
105,0.0017576461014107098
106,0.0017514061353917517
107,0.0017424512796089284
108,0.0017487697495946674
109,0.001737108179977917
110,0.0017439391752946654
111,0.0017528603456361466
112,0.001740062294626774
113,0.001743034521751657
114,0.0017513712932216848
115,0.001735274268122238
116,0.0017469657749043892
117,0.0017472083378035261
118,0.0017415950177935946
119,0.0017259989277915013
120,0.0017719316773143923
121,0.0017510348893287745
122,0.0017472803748425764
123,0.001741787749638205
124,0.0017490174580301174
125,0.0017650278445800432
126,0.0017545247824992812
127,0.001738385836140389
128,0.0017460688518678782
129,0.001732434945924367
130,0.0017245337371994446
131,0.0017419617798391186
132,0.0017359888128115509
133,0.0017402849087119036
134,0.0017360892648272397
135,0.0017379365553507537
136,0.0017499869733586721
137,0.0017338473509100065
138,0.0017437129531887013
139,0.0017577282237576726
140,0.0017279521626201964
141,0.0017217962327663386
142,0.0017217416999129552
143,0.0017290979134109961
144,0.0017381984195504812
145,0.0017311782236605535
146,0.0017425729112694303
147,0.0017365406776901364
148,0.0017288131997110871
149,0.0017252103450742
150,0.0017322119573056397
151,0.0017889356251341109
152,0.001725414654180746
153,0.0017950987727917763
154,0.0017402167761937572
155,0.0017796345997584274
156,0.001733293421005738
157,0.0017323493931473992
158,0.001778061177454713
159,0.0017417056710169094
160,0.00174798981097363
161,0.0017299686850678873
162,0.0017228885543715496
163,0.001736736210075975
164,0.0017342180184855972
165,0.0017847483604152118
166,0.0017524439429331222
167,0.001724499703517029
168,0.001743827059035927
169,0.0017712679573533123
170,0.0017287939167805512
171,0.0017369980047505934
172,0.001768042300784573
173,0.0017355640647630532
174,0.0017360747450086804
175,0.0017469836597438931
176,0.0017425027712114046
177,0.0017363715079941858
178,0.0017282294449450348
179,0.0017994205076271805
180,0.0017515060550164403
181,0.001735264097107562
182,0.0017400350561958622
183,0.001731411528478731
184,0.0017315379913684587
185,0.0017474931409136897
186,0.0017285959673951988
187,0.0017699118691542183
188,0.0017373893930614907
189,0.0017561166786342584
190,0.0017400221217951108
191,0.0017367408558980268
192,0.0017456506187091885
193,0.001735829414299361
194,0.0017289870145935672
195,0.0017461416771730129
196,0.0017372573980324571
197,0.0018085700001963523
198,0.0017426747792254793
199,0.0017583694554673718
200,0.0017373359168598693
