1,0.0017517058686479544
2,0.0017540097355462341
3,0.0017316074836177717
4,0.0017396871980941908
5,0.0017467904333429312
6,0.0017558076528019744
7,0.0017462441627943822
8,0.0017503768218438992
9,0.0017299372952880336
10,0.0017747885107620713
11,0.0017358536882332027
12,0.0017397165135600045
13,0.0017662886369468785
14,0.0017401993373468015
15,0.0017452296113163806
16,0.0019060463789333235
17,0.0017216386601783115
18,0.0017668345709930312
19,0.001740775342073676
20,0.0017391949081277322
21,0.0017427097742874602
22,0.0017404096153846153
23,0.0017416065263196137
24,0.0017322931543404857
25,0.0017656400991963668
26,0.0017602637423423427
27,0.0017826715459630595
28,0.0017419129725244331
29,0.0017496524236983845
30,0.0017569011598489164
31,0.0017420690095846644
32,0.0017297355151690676
33,0.001744945084345117
34,0.0017353160960644784
35,0.0017412668781045637
36,0.0017835839833442923
37,0.0017523421188780826
38,0.0017369684963166258
39,0.0017483674009847224
40,0.001739446552649049
41,0.0017462457825038683
42,0.0017435342230151653
43,0.00178386886854801
44,0.0017248795927488562
45,0.0017408056563867095
46,0.0017702356744186045
47,0.0017431259512635379
48,0.0017532104746583765
49,0.0017475965125205632
50,0.0017348261932103642
51,0.0017596480213089806
52,0.0017382164450867052
53,0.0018628011050516652
54,0.0017922584755444484
55,0.0017294808158465993
56,0.001765627625178827
57,0.001738778553713744
58,0.0018474356957147674
59,0.0017347813704802128
60,0.001746213719489012
61,0.0017509769521274682
62,0.0017339591003433207
63,0.00175699183554045
64,0.0017375972580587198
65,0.0017520838639120686
66,0.001752483495096761
67,0.00174473212599332
68,0.0017340788731635473
69,0.001757288742478068
70,0.0017343335591280928
71,0.001733166527325371
72,0.0017451990431485828
73,0.0017557513639159222
74,0.0017405349299399484
75,0.0017484862932285927
76,0.001743763305206463
77,0.0017483128812518067
78,0.001745529584014532
79,0.0017487382470631422
80,0.0017333781159994239
81,0.0017465653488541021
82,0.0017765411424598343
83,0.001753842703899293
84,0.0017353308202524406
85,0.001754788608551743
86,0.0017360126407647465
87,0.0017501459183302426
88,0.0017524197273152983
89,0.0017430260841975488
90,0.0017310508773792084
91,0.0017502462095935131
92,0.0017347963826825612
93,0.0018111766001389046
94,0.0017566951780575541
95,0.0017640728583404217
96,0.001913724373277727
97,0.0017459979868321093
98,0.001774197787066189
99,0.001749617553515723
100,0.0017706470941091952
101,0.0017449031266064327
102,0.0017438951368603265
103,0.0017678322634769427
104,0.0017774776668160223
105,0.001750460333201822
106,0.0017515823091348408
107,0.0017642555545467752
108,0.00177404674136222
109,0.0017486286632623495
110,0.0017387016863071138
111,0.0017496224909551374
112,0.001781566446909318
113,0.0017441314487760657
114,0.0017450344353316884
115,0.00174735325365924
116,0.0017302077312270228
117,0.0017456862583767683
118,0.0017376358261322927
119,0.0017722916872207973
120,0.0017439414825688073
121,0.001815438627493495
122,0.001736640725294651
123,0.0017500969113476632
124,0.0017684506736772923
125,0.0017460845656660756
126,0.0017439036099779791
127,0.0017397162918918918
128,0.0017282456654019616
129,0.0017431483263973594
130,0.001728555325919834
131,0.0017363083896054631
132,0.0017385000765095546
133,0.0017287665352504638
134,0.0017381987935253958
135,0.0017937922416773277
136,0.0017740054303389892
137,0.0017331470095911896
138,0.00172779736448465
139,0.0017552152877819214
140,0.0017272721501143942
141,0.001737113561673453
142,0.0017370653736400925
143,0.0017340128135262913
144,0.001739810500373679
145,0.0017287243154718093
146,0.001786929507400341
147,0.0017475267810797967
148,0.001731312021897027
149,0.0017368379506950476
150,0.0017447988028042422
151,0.0017343884078961484
152,0.0017354560092642083
153,0.0017349607911597436
154,0.0017418866098875268
155,0.0019853683694001445
156,0.0017604863495495498
157,0.0017327556351394908
158,0.001758906923574664
159,0.0017324885017421607
160,0.0017443992234957022
161,0.0017347454018335124
162,0.0017343973585041094
163,0.0017961238133241003
164,0.0017464210613810742
165,0.0017373802891051853
166,0.0017342991692993865
167,0.001813914437563154
168,0.0017314467280382501
169,0.0017277812338779017
170,0.0017263109063530761
171,0.001731008073191118
172,0.0017423124288903293
173,0.0017304782563662988
174,0.0017349444000752437
175,0.001765572948791508
176,0.001738792828133985
177,0.0017498536892106517
178,0.0017301194316543414
179,0.0017392914012503236
180,0.0017375536924569667
181,0.0017273627897782412
182,0.0017243237673604912
183,0.0017217108656641426
184,0.0017646722024350352
185,0.0017408487199477823
186,0.0017429795321201097
187,0.0017490522131920763
188,0.0017502560920727433
189,0.0017555288232949191
190,0.0017287614777669936
191,0.0017249861193586694
192,0.001755957915676736
193,0.0017635948892828714
194,0.0017526377293494814
195,0.0017832473812975714
196,0.0017684968899321356
197,0.001749692081142273
198,0.0017504107018463727
199,0.0017817543392393636
200,0.0017316345818597504
