1,0.0017353696876702379
2,0.0017497582725722787
3,0.0017293524752832504
4,0.0017349792340748229
5,0.0017304624490627543
6,0.001734875764693226
7,0.0017816800758015377
8,0.0017511965959982666
9,0.0017485665823567947
10,0.0017440921138415248
11,0.0017414301281047076
12,0.0018190444067670295
13,0.0017380903634121574
14,0.0017589493125090695
15,0.0017430264792096405
16,0.001766643351248757
17,0.0017399566810499818
18,0.001748195804593345
19,0.0017514754368231048
20,0.0017388453053127871
21,0.0017551065095803414
22,0.001776281423207581
23,0.0017373075527609136
24,0.0018674902445304465
25,0.0017436954435803274
26,0.001749778623908869
27,0.0017549052757392472
28,0.0017454378397891777
29,0.001744165207717839
30,0.0017412335584273755
31,0.0017335297988670586
32,0.0017552343157618492
33,0.0017506498494280786
34,0.0017525653570264095
35,0.001739007845254034
36,0.0017564191574724174
37,0.0017566262570111125
38,0.0017629962722940284
39,0.0017752795755096075
40,0.0017446407313300924
41,0.0017709452540699002
42,0.0017664137614283415
43,0.0017379295074853546
44,0.0017390946729627034
45,0.0017346920659929736
46,0.0017831709424043524
47,0.0017380124477439818
48,0.0017600624251985634
49,0.001792008680355778
50,0.0017463150580891902
51,0.0017625695744526344
52,0.001766890518983687
53,0.0017603575529970762
54,0.0017673735535249926
55,0.0017523040670632778
56,0.0017659315886287624
57,0.0017634471427012475
58,0.0020071644424587507
59,0.00203971754796285
60,0.0020630767484453535
61,0.002052170495696052
62,0.002077494987837665
63,0.002083741254736479
64,0.0020589443310128196
65,0.0021123201497410004
66,0.0021092732452142205
67,0.0021169447848079187
68,0.002137534877771461
69,0.002131393356305693
70,0.002141548150442478
71,0.002151411634146342
72,0.0021596445260854027
73,0.002167695779409789
74,0.0022185361500318443
75,0.0022038688759374717
76,0.002199140132537803
77,0.002193460844577711
78,0.0022095725733017662
79,0.0022240353252647505
80,0.0021415844381942467
81,0.0022230872095934306
82,0.00224769601991191
83,0.0022223995025217793
84,0.002242733595849507
85,0.002218110735842971
86,0.0022421945668745667
87,0.0022372805321354524
88,0.0022551234517346093
89,0.002269865365009587
90,0.0022415102189612397
91,0.002274742695481039
92,0.002256248580548254
93,0.002263780168727688
94,0.0023184037136221446
95,0.0022846433951605304
96,0.002239721041329947
97,0.0022811238635501254
98,0.0022963938515465875
99,0.0023076328606158832
100,0.002294205404253304
101,0.002309117602674308
102,0.0023207072086772894
103,0.0023279496509892653
104,0.0023121221313435695
105,0.0023282232129112953
106,0.0023383566310238046
107,0.0023509965390602202
108,0.0023277069993253665
109,0.0023323103524016415
110,0.0023563946064352813
111,0.002356272879621961
112,0.0023004048552201315
113,0.002373544183658501
114,0.002400767997763757
115,0.002455184870222042
116,0.002522943325880089
117,0.002547034281361097
118,0.002605345214703142
119,0.0025849463935125904
120,0.002589103539019964
121,0.002627842010699233
122,0.0026192576331745343
123,0.002620004383442739
124,0.002631194957297503
125,0.002637222088199978
126,0.0026383840339575257
127,0.0026580180348122115
128,0.002558601495143977
129,0.0026686482676126053
130,0.0026999371730496973
131,0.0026728721154375724
132,0.0027048595423674153
133,0.002690284063869756
134,0.0027059833408455787
135,0.0027164224527619564
136,0.0027203824382889107
137,0.0027221830642448707
138,0.0027277557472879547
139,0.0027571756147540985
140,0.002757325099703737
141,0.0027939329026528395
142,0.002770824061032864
143,0.0027682310054907345
144,0.0026830701434674966
145,0.0027835613432578453
146,0.002776412973685719
147,0.002784731415343915
148,0.002784673749281196
149,0.0028012431556527747
150,0.0027862678696929546
151,0.002787935574818569
152,0.0027947634791895166
153,0.002812310397934915
154,0.0028542973812185103
155,0.002807402788071801
156,0.0028649015639219855
157,0.0028234775852024464
158,0.002824368608261974
159,0.0028349717401341314
160,0.002776305768129225
161,0.002860907463326348
162,0.002873442992833202
163,0.0028555926880289052
164,0.002868023392297225
165,0.0028857920851951147
166,0.0029229076292974585
167,0.0028992379884919682
168,0.0029165413871123443
169,0.002943598872630663
170,0.0029352068796217722
171,0.002958968772301332
172,0.002959743447076059
173,0.0029910310448863983
174,0.003036152066089792
175,0.0030364263913608656
176,0.002953685912927318
177,0.0030976093278814215
178,0.003105160276426926
179,0.003131626901041667
180,0.003138461638018553
181,0.003108879904804807
182,0.003139810469728601
183,0.0031331849302228707
184,0.003142262186585875
185,0.0031845748587199366
186,0.003169488279106233
187,0.003179418257506228
188,0.0031898260819445356
189,0.0032149657982077666
190,0.0032163187118599093
191,0.0032418542873424512
192,0.00311639336246225
193,0.0032622237984652664
194,0.003264640902361886
195,0.0032577026377767315
196,0.0032691551338232317
197,0.0032829126243763794
198,0.0032773061022558425
199,0.003280094577140575
200,0.0032938107603092777
