1,0.001741248311176938
2,0.0017257022896566402
3,0.0017418757853545417
4,0.001736053696956708
5,0.0019208512423099823
6,0.002007685702396804
7,0.002060235710639384
8,0.0020928142750570155
9,0.002124004830872096
10,0.0024418912057492677
11,0.0024903230668245468
12,0.002534631726636892
13,0.0025732012450276356
14,0.002634399031536447
15,0.002903607180627329
16,0.0029595095462525743
17,0.003001444981524019
18,0.0031374676304801665
19,0.003163640266512167
20,0.0032499606283915056
21,0.0033026252978419217
22,0.0033497160177359017
23,0.003390720609619687
24,0.003430908241068371
25,0.0034957791990780753
26,0.0035531337920937044
27,0.003616322364109234
28,0.003671799179273828
29,0.003722577624942687
30,0.0037787051144863967
31,0.0038528470063191158
32,0.003908594889663183
33,0.003959346147607461
34,0.004062775661340137
35,0.004139344913815063
36,0.0038336023860354143
37,0.0038222248493510504
38,0.0038508750938673346
39,0.003970623637778931
40,0.004076722665954322
41,0.004169781141797196
42,0.004219502125450015
43,0.004292401370054523
44,0.004322809060640408
45,0.004397539467642416
46,0.004477141750547046
47,0.004603123600900226
48,0.005028786994928839
49,0.005587208280542986
50,0.006409920992366413
51,0.007364602445202642
52,0.009066910273599932
53,0.010507463222246268
54,0.010866777327663385
55,0.01122683011203414
56,0.011431407816660327
57,0.011701256962177787
58,0.012031469483380052
59,0.012415294748945836
60,0.012799532474446337
61,0.013129684963377367
62,0.013679686742737937
63,0.014211177247437775
64,0.014772343997799732
65,0.015092904654056745
66,0.01549862928679818
67,0.0159023474550821
68,0.016270040918526206
69,0.01645536622651092
70,0.016821708615049072
71,0.01732282362869198
72,0.017209769203683643
73,0.017599164435981134
74,0.017900531132075473
75,0.018136512706270626
76,0.0183331686440678
77,0.018663482960725074
78,0.019010476527614572
79,0.019361189071347682
80,0.019586160368271956
81,0.01973527626601586
82,0.020080743980414748
83,0.020324081686390532
84,0.020557669287396937
85,0.02080296233038348
86,0.020977921960904096
87,0.02115817038158692
88,0.0214604456836799
89,0.021763423524041387
90,0.02182675390724269
91,0.022074163424487255
92,0.022389033197236178
93,0.02266211432225064
94,0.02271552577777778
95,0.022919957293035486
96,0.023116520546075086
97,0.023295542237442925
98,0.02349147010135135
99,0.023728944014550266
100,0.023887266577718478
101,0.02407025602931379
102,0.024248717370892015
103,0.024535257005312085
104,0.024826232793376528
105,0.02515323770318021
106,0.025430658033898303
107,0.02573789637943519
108,0.025880618605466015
109,0.026190161334240982
110,0.026446130383795303
111,0.026616752015209126
112,0.0267942386913229
113,0.02696758095760234
114,0.027148451342525404
115,0.027305795745454546
116,0.027512909370314836
117,0.027816797149287323
118,0.027963587221396732
119,0.028171350113636365
120,0.02837804160971906
121,0.028635773522550548
122,0.028980782746478875
123,0.029232899961508855
124,0.02963341561014263
125,0.029960558503134796
126,0.030039518022782753
127,0.030262446048513296
128,0.030474228433835845
129,0.030671712833764
130,0.03086174783849918
131,0.03114886719771241
132,0.03142873983333334
133,0.03166499315960912
134,0.03192951303104575
135,0.03218076552453469
136,0.032284903789836346
137,0.03245595910609858
138,0.03265721779949023
139,0.03292279349832215
140,0.03325577567681895
141,0.0335092792562724
142,0.033855404632426984
143,0.03414833044425086
144,0.03310072647309992
145,0.03336602166236004
146,0.03360647400354296
147,0.0337992909090909
148,0.03396962782685512
149,0.03415959828519855
150,0.034350279508196725
151,0.03455380214220602
152,0.03478425036101082
153,0.03502674068716095
154,0.0351947991563055
155,0.03541164955317248
156,0.035693649025686454
157,0.03599800555037314
158,0.036267916821130675
159,0.036493244408502774
160,0.03677512190795782
161,0.0371425518696069
162,0.037183822478793586
163,0.03744208997955009
164,0.03769252214428857
165,0.037918888399621216
166,0.03811657214285714
167,0.03829593887283237
168,0.038504392211538466
169,0.03874721570862239
170,0.03901119170755643
171,0.039244000922330095
172,0.03943893745078741
173,0.03965313566468254
174,0.03991241220355732
175,0.04021457455775235
176,0.04047341798994976
177,0.04067470200617284
178,0.040989975646328856
179,0.04135246698113208
180,0.04133807534246576
181,0.04160957983870968
182,0.04184475328205128
183,0.04206390446058092
184,0.04227292436170212
185,0.042445557586933615
186,0.04268974893617021
187,0.04295479783755274
188,0.0432141854477612
189,0.043453018143459914
190,0.043607262352309335
191,0.0438431421221865
192,0.04409661791907515
193,0.04438592127192983
194,0.04463704696616102
195,0.04486606313465784
196,0.0452059831858407
197,0.04548293751351351
198,0.04568833356242841
199,0.045897666071428575
200,0.046143733673469384
