1,0.01572990314757482
2,0.03169340454144621
3,0.04605382762711864
4,0.0680178964057508
5,0.08520825697445973
6,0.09355029922048999
7,0.11036365050251255
8,0.1260646889355742
9,0.15080809581939802
10,0.1717267093283582
11,0.1906965
12,0.1967381393162393
13,0.2097183319004525
14,0.2236932273809524
15,0.23349512462311559
16,0.2540456182065217
17,0.2690497120689655
18,0.2934037890624999
19,0.3104297078947368
20,0.3273365086805556
21,0.3196559712837838
22,0.3356243996478874
23,0.3509357966666667
24,0.3662542118110236
25,0.37985209314516133
26,0.3950462665289256
27,0.4098716125
28,0.42448967654867253
29,0.45951355714285713
30,0.47193602050000005
31,0.48899548928571435
32,0.48649169234693873
33,0.5026409231578947
34,0.5203184032608694
35,0.5356110624999999
36,0.5446950890804598
37,0.5608623654761905
38,0.5761600392857144
39,0.5908752337500001
40,0.6183270064935066
41,0.6323843065789475
42,0.6458292736486486
43,0.680896866197183
44,0.7013438134328359
45,0.7200174321428572
46,0.74152418203125
47,0.727997003030303
48,0.7424409268292682
49,0.75690136125
50,0.7556450899999999
51,0.7700333132478633
52,0.7861283852459017
53,0.8012862381355932
54,0.834281563888889
55,0.8481151892857142
56,0.8652329200000001
57,0.9113379530303033
58,0.9285081318181818
59,0.9448500734375003
60,0.9605537359374999
61,0.9465177531249999
62,0.964388257
63,0.981374808064516
64,0.9713004290322583
65,0.9860942274193547
66,0.9995971281250002
67,1.0153597866666666
68,1.0643340689655172
69,1.0847272714285716
70,1.0989035196428576
71,1.1080903104651165
72,1.1542936006410258
73,1.1721424326923078
74,1.1864491942307693
75,1.177497901923077
76,1.1944572062499998
77,1.2093997779999999
78,1.2275279860000001
79,1.20110440375
80,1.217309824
81,1.2325281719999999
82,1.295058048648649
83,1.3109471521739133
84,1.3318597739130436
85,1.3497155828571428
86,1.3871253931818184
87,1.4012413886363637
88,1.4202406075757574
89,1.4095989681818182
90,1.4266777318181818
91,1.4461240095238093
92,1.4650617809523807
93,1.4194101636363634
94,1.4351307380952378
95,1.4486906785714284
96,1.524966185
97,1.5428839575
98,1.5595806475
99,1.5760510083333332
100,1.613744394736842
101,1.6342982184210526
102,1.646034306896552
103,1.670595804693487
104,1.6545623263157898
105,1.672921861111111
106,1.6888114333333333
107,1.6309421342105266
108,1.6471990447368423
109,1.661485877586207
110,1.6778372444444447
111,1.7799516470588232
112,1.7910636411764707
113,1.803851832352941
114,1.8469836382352944
115,1.8588782911764703
116,1.884128046875
117,1.8942176624999998
118,1.8992649531249997
119,1.91178515625
120,1.9256710281249998
121,1.845386038235294
122,1.8606083839999998
123,1.8768971445
124,1.89049438125
125,2.0076052233333335
126,2.02891078
127,2.0533803266666664
128,2.07445977
129,2.1007913333333335
130,2.1043779600000003
131,2.125913263636363
132,2.131346181818182
133,2.1487165964285717
134,2.1703401749999998
135,2.05896508
136,2.074255846666666
137,2.089473036666667
138,2.104519483333333
139,2.247002007142857
140,2.2657569250000003
141,2.283625621428571
142,2.300393178571429
143,2.312965553846154
144,2.3387356423076926
145,2.3415762538461533
146,2.371344753846154
147,2.3885125038461537
148,2.4067467884615383
149,2.4253183153846156
150,2.285479425
151,2.3010051523809523
152,2.3148094115384614
153,2.4984197706140354
154,2.5127699125
155,2.5334073541666666
156,2.5490782541666666
157,2.5478493333333336
158,2.554708
159,2.5789007416666667
160,2.6148500208333334
161,2.634511591666666
162,2.6584589375
163,2.6813659874999995
164,2.5031132461538466
165,2.5165404291666666
166,2.5296332208333334
167,2.7430980681818182
168,2.758074331818182
169,2.7775395
170,2.8015440681818182
171,2.7629511227272725
172,2.7899035772727276
173,2.7941924
174,2.8266597636363633
175,2.889779013636364
176,2.907888109090909
177,2.924434377272727
178,2.7149265764705883
179,2.730112631016043
180,2.7452825136363637
181,2.7614345636363637
182,3.02199122
183,3.0327130199999996
184,3.0494642250000004
185,3.006322410625
186,3.0087800049999998
187,3.04354132
188,3.04149233
189,3.14462417
190,3.1597959850000006
191,3.1791768499999997
192,2.928296240909091
193,2.943173418181818
194,2.9546541681818175
195,2.9714531727272724
196,3.2741841149999997
197,3.2945203249999993
198,3.3143270357142853
199,3.22328571
200,3.25668464
