1,0.032310505043478266
2,0.06872634591836735
3,0.09508808340471092
4,0.13200043066860465
5,0.1754034396078431
6,0.1852119686
7,0.21615941226851856
8,0.26822730338983053
9,0.30254135769230767
10,0.3244872351724138
11,0.3571076682835821
12,0.39209595454545454
13,0.40338478067226885
14,0.43433093727272726
15,0.4616247655339806
16,0.49319631546391746
17,0.5253171423913043
18,0.5623321770588235
19,0.5983682325000002
20,0.6480312351351349
21,0.6789653288732395
22,0.718835975
23,0.728042175
24,0.75720560125
25,0.7711400371794872
26,0.8034642999999999
27,0.8333995342432948
28,0.8841245470588234
29,0.9173901227272727
30,0.9812534016129032
31,1.0145662366666668
32,1.047889020689655
33,1.0517743896551723
34,1.0926358285714286
35,1.084444907142857
36,1.1151624240740743
37,1.1506257083333336
38,1.2190976079999998
39,1.2568163604166667
40,1.3190022434782607
41,1.3507686239130436
42,1.3844377840909092
43,1.394925090909091
44,1.4246306075757575
45,1.4001766977272725
46,1.4353785476190477
47,1.52574565
48,1.5603665224999999
49,1.591217734210526
50,1.6488483421052633
51,1.6820287666666667
52,1.6932700277777775
53,1.7287300444444447
54,1.7668979930283222
55,1.7123001638888888
56,1.7456299138888889
57,1.8766789866250002
58,1.9035122218750002
59,1.9343621968749998
60,1.9891595083333333
61,2.020631556666667
62,2.0435928100000003
63,2.0872999300000004
64,2.1092358966666667
65,2.0241833466666663
66,2.0574933533333337
67,2.2126807214285713
68,2.2466747285714286
69,2.2820992892857146
70,2.3115361349816848
71,2.3429082615384615
72,2.3901364384615382
73,2.427190069230769
74,2.4647911115384615
75,2.334853142307692
76,2.3651566115384615
77,2.573390808333333
78,2.6072118458333335
79,2.6429938874999994
80,2.656616545833333
81,2.687789104166667
82,2.7503511545454544
83,2.7915216681818182
84,2.8293887409090908
85,2.6467682375
86,2.6790986083333337
87,2.937162365625
88,2.976038231818181
89,3.020056715
90,2.9818209636363635
91,3.0059392250000005
92,3.1274739499999997
93,3.159453805
94,2.927201063636364
95,2.9562092272727276
96,2.9892409181818187
97,3.3161261850000003
98,3.361284183333334
99,3.296875815
100,3.3281698857142854
101,3.3635017555555558
102,3.5022565722222225
103,3.5470914944444436
104,3.241088635
105,3.2702865500000002
106,3.300467125
107,3.6930318277777783
108,3.729976029166666
109,3.6110887555555555
110,3.6438660222222223
111,3.6744691555555553
112,3.88494515
113,3.9237230500000004
114,3.553438094444445
115,3.5848148833333333
116,3.6162186666666662
117,4.073260568749999
118,4.1135668375000005
119,3.9607945124999993
120,4.004366975
121,4.036400737499999
122,4.2695012
123,4.305039964285715
124,3.8689885125
125,3.898430675
126,3.9280279624999994
127,4.4759742000000005
128,4.510058442857142
129,4.274660772727274
130,4.303505514285714
131,4.3439939999999995
132,4.662890264285714
133,4.701530842857143
134,4.180858825
135,4.213478856249999
136,4.24444235625
137,4.849987350000001
138,4.914174885714286
139,4.641957228571428
140,4.678324285714285
141,5.02585835
142,5.062142800000001
143,5.098816358333333
144,4.503902028571429
145,4.528136442857144
146,5.211206916666668
147,5.254990749999999
148,5.293460741666667
149,4.942693771428571
150,4.978112849999999
151,5.416198925000001
152,5.463481750000001
153,5.497160658333334
154,4.811382635714286
155,4.837083064285713
156,5.6002254083333325
157,5.636896774999999
158,5.672715350000001
159,5.307983141666668
160,5.353003908333333
161,5.8085431583333325
162,5.850950008333333
163,5.894217266666667
164,5.122527191666666
165,5.157351216666666
166,6.0039896875
167,6.048733230000001
168,6.09102565
169,5.6165768583333335
170,5.6501196416666675
171,6.2030052200000005
172,6.24102413
173,6.270088370000001
174,5.4365845083333335
175,5.468433008333333
176,6.4076597699999995
177,6.441430229999999
178,6.48903904
179,5.998436537500001
180,6.02665511
181,6.604218400000001
182,6.64453595
183,6.687383220000001
184,5.748875833333332
185,5.779182983333333
186,6.796798180000001
187,6.84515834
188,6.25719525
189,6.2928614000000005
190,6.325318020000001
191,6.9959989
192,7.045165849999998
193,6.035343270000001
194,6.06410184
195,6.0953760699999995
196,7.200909369999999
197,7.2245576300000005
198,6.634621310000001
199,6.66994814
200,6.698670890000001
