1,0.02766958457564576
2,0.05456839181818182
3,0.08680685457256464
4,0.10549395233644861
5,0.1431411145367412
6,0.17897054019230768
7,0.19968483125
8,0.21547240963302755
9,0.23751274822335025
10,0.2885482756250001
11,0.3143678366666666
12,0.3188132403333334
13,0.3593723104477612
14,0.3726908728346456
15,0.4031049436440678
16,0.42800896126126137
17,0.44782164952830195
18,0.4974933835051547
19,0.5014856375000001
20,0.5409811937499999
21,0.5675483518867924
22,0.5847817176829266
23,0.6473200087837838
24,0.6539007706521739
25,0.6812100980313699
26,0.7131347276119402
27,0.7222304821428571
28,0.7992494539473683
29,0.7938189407894737
30,0.8238802784482758
31,0.8610751385714285
32,0.8509140169642857
33,0.9486271125
34,0.9357989549019609
35,0.9662523060000001
36,1.0035935116666665
37,0.9904478548387098
38,1.099764875
39,1.083975580357143
40,1.121009535185185
41,1.1483470425925928
42,1.1249218500000002
43,1.2020338780000002
44,1.2333015200000002
45,1.2606196979166668
46,1.2943727875
47,1.2672844625000002
48,1.35450405
49,1.3897540386363636
50,1.3495055891304348
51,1.4360641119047621
52,1.404413543181818
53,1.5104799299999998
54,1.5416291625
55,1.4879313738095237
56,1.5818733342105262
57,1.54256552
58,1.653079060526316
59,1.682285822222222
60,1.6238222184210525
61,1.7287320277777778
62,1.7745814500000003
63,1.8074477617647058
64,1.8427543235294124
65,1.761468824074074
66,1.873210844117647
67,1.9377536406250002
68,1.967289896875
69,2.1019423833333333
70,1.8982740875
71,2.01873828
72,2.07643556
73,2.11709235
74,2.272843725
75,2.0388641699999996
76,2.1629815749999994
77,2.239546617857143
78,2.2731236285714287
79,2.427631180769231
80,2.1756610785714288
81,2.3578512500000004
82,2.3917951192307694
83,2.426490096153846
84,2.5880247291666665
85,2.30993224010989
86,2.518802791666667
87,2.553644975
88,2.3929980192307694
89,2.7618801181818187
90,2.449365038461538
91,2.682156270833334
92,2.7119216250000004
93,2.5313548083333335
94,2.928103318181819
95,2.5908500500000002
96,2.842247045454546
97,2.868945577272727
98,2.6714059208333336
99,3.0913328
100,2.968107768181819
101,3.0012564531250003
102,3.034665375
103,2.808273590909091
104,3.257863835
105,3.1395687549999995
106,3.1659539999999997
107,3.065728705
108,2.9464172090909093
109,3.4361545055555553
110,3.297053
111,3.3363080305555557
112,3.2158980149999996
113,3.081281665
114,3.6119626333333335
115,3.483595466666666
116,3.5183622833333343
117,3.365793494444444
118,3.221113665
119,3.605126038888889
120,3.6414013777777776
121,3.679687916666666
122,3.5224831722222216
123,3.3612861777777776
124,3.77129490625
125,3.8081263562500003
126,3.439711172222222
127,3.660572327777778
128,3.499628588888889
129,3.9540731312500004
130,3.9798092874999993
131,3.581053655555556
132,3.8021461374999994
133,3.638484916666666
134,4.115859281250001
135,4.1489603875
136,3.7219187944444445
137,3.951652800000001
138,4.250246431249999
139,4.284975418181818
140,4.3235933571428555
141,3.8610456749999997
142,4.110450749999999
143,4.421814207142857
144,4.4539896642857135
145,4.487013185714286
146,4.000780800000001
147,4.25320654375
148,4.59098535
149,4.637640792857142
150,4.864992885714286
151,4.1406931375
152,4.403314014285715
153,4.7754651428571435
154,4.816978428571428
155,5.054591650000001
156,4.282793327272727
157,4.90843615
158,4.944540885714286
159,4.981536142857142
160,5.2259956166666655
161,4.414913085714286
162,5.084393483333333
163,5.135993316666666
164,5.171001125
165,5.410419091666666
166,4.560939614285715
167,5.2627962083333335
168,5.292215033333334
169,4.642709471428572
170,5.596619183333333
171,4.704651814285715
172,5.423457791666666
173,5.464291908333333
174,4.784621985714286
175,5.768934091666667
176,5.575412766666667
177,5.611481408333332
178,5.648047308333332
179,4.927334457142857
180,5.952602525
181,5.740233858333334
182,5.765684583333333
183,5.798083166666666
184,5.0638220333333335
185,6.13071077
186,5.896572325
187,5.941038108333333
188,5.487732908333333
189,5.206469383333333
190,6.31991754
191,6.0897038000000006
192,6.12284049
193,5.6448048166666664
194,5.344866583333334
195,6.212915580000001
196,6.255642510000001
197,6.297327930000001
198,5.792023658333333
199,5.488269933333332
200,6.39192119
