1,0.010971899796656123
2,0.025723957094365243
3,0.037006977363636354
4,0.049330426909722225
5,0.06843887479806139
6,0.0811825670886076
7,0.08927771782786886
8,0.10057814040632054
9,0.11401274736180905
10,0.12643605724233983
11,0.14775422265372168
12,0.15815675925925926
13,0.18036061622137406
14,0.19329548526970955
15,0.1973647197033898
16,0.20018696921397383
17,0.22228087511848338
18,0.21851954976744187
19,0.2543577491935484
20,0.2554735752717392
21,0.2806606875739645
22,0.2688215877840909
23,0.30336456474358975
24,0.3029031028481012
25,0.328527540647482
26,0.318367493581081
27,0.32967674270833336
28,0.35760016417910445
29,0.3548672914814815
30,0.36749710736434105
31,0.37769196062992116
32,0.40743352370689656
33,0.40233682076271193
34,0.4123531297413794
35,0.4259751716216216
36,0.4580806252380953
37,0.4509504127358491
38,0.45957829999999994
39,0.4747491935
40,0.5051235310526316
41,0.5012295458333333
42,0.509239902688172
43,0.5289757701754385
44,0.561803972352941
45,0.5525210344827587
46,0.5595726685185185
47,0.5792312335365853
48,0.6118823487341771
49,0.606782490506329
50,0.6093377056962026
51,0.6311878625000001
52,0.6627853305555557
53,0.6542052782608695
54,0.6539779434782609
55,0.6818354177016646
56,0.7195814095238096
57,0.7119232611940299
58,0.7084193604477611
59,0.733165787804878
60,0.7735880243589743
61,0.7558435126984125
62,0.75204513625
63,0.779578464102564
64,0.8231018162162164
65,0.7892445398835204
66,0.8190782351351351
67,0.8612160257142858
68,0.8415648680555555
69,0.8371311652777778
70,0.8680248057142858
71,0.9130389969696969
72,0.8946676735294118
73,0.8879881485294117
74,0.9187221060606059
75,0.965044323
76,0.9464264171875001
77,0.9363177539215686
78,0.973926329032258
79,1.01916494
80,0.9977783166666668
81,0.9860248693548388
82,1.0218186466666668
83,1.0698247788888888
84,1.0514968066666666
85,1.036753498275862
86,1.084459744642857
87,1.129688112962963
88,1.1034397465116281
89,1.083358242857143
90,1.1259633444444446
91,1.1742994423076925
92,1.154628614102564
93,1.1354598481481482
94,1.1854983749999997
95,1.2283190739999998
96,1.209745264
97,1.1846340115384613
98,1.2381187200000001
99,1.2837775625
100,1.2656966666666665
101,1.2336761900000002
102,1.2923514958333333
103,1.3327639913043479
104,1.3195700543478261
105,1.28255098125
106,1.3509896260869565
107,1.3886765249999997
108,1.377408040909091
109,1.3336549260869566
110,1.399392593181818
111,1.4344441214285713
112,1.4240050666666664
113,1.3789581295454543
114,1.4556133690476192
115,1.4956869095238094
116,1.483561676190476
117,1.434958695238095
118,1.5020285350000002
119,1.5420264125
120,1.5300998375
121,1.479385130952381
122,1.5580373125
123,1.6007563842105264
124,1.5820332473684209
125,1.5281207425000003
126,1.6059481447368422
127,1.6496238921052628
128,1.6355810105263158
129,1.577867327719298
130,1.688376994444444
131,1.6740332722222222
132,1.6150731
133,1.6991752305555559
134,1.7487634888888888
135,1.7295081027777777
136,1.665060277586207
137,1.7580099555555557
138,1.7945499735294117
139,1.7863811647058823
140,1.713163741666667
141,1.8064250176470589
142,1.8508031117647061
143,1.8421383941176472
144,1.7670423553376908
145,1.8756919738749998
146,1.9014157968749996
147,1.8954227343749996
148,1.8125955058823529
149,1.91731090625
150,1.9576556687499997
151,1.9402416531249997
152,1.8618149999999998
153,1.9719760375000004
154,2.0012441583333334
155,1.9947092166666671
156,1.9099481312499997
157,2.0308970466666665
158,2.0675255733333335
159,2.0663801533333337
160,1.9619221750000002
161,2.08557888
162,2.107455323333333
163,2.108132873333333
164,2.0068954366666665
165,2.1364713500000003
166,2.1690703142857144
167,2.1679654142857143
168,2.05867779
169,2.1895649857142856
170,2.2120303678571434
171,2.215355860714286
172,2.105771126666666
173,2.243190539285714
174,2.276413867857143
175,2.272817714285715
176,2.1526160035714286
177,2.2992673
178,2.316257138461538
179,2.3294998961538456
180,2.199560075
181,2.356755146153846
182,2.3771037653846157
183,2.383754142307692
184,2.2489726892857145
185,2.413289661538461
186,2.4165668423076925
187,2.443882423076923
188,2.2997600321428564
189,2.474502496153846
190,2.482834023076923
191,2.4997089991228063
192,2.350659184615384
193,2.5283450625000006
194,2.521189279166667
195,2.3869421423076926
196,2.571671179166667
197,2.5621419249999997
198,2.598255458333334
199,2.434253915384615
200,2.622662854166667
