1,0.0017360938449875454
2,0.0017397110653378427
3,0.0017353643029065315
4,0.0017382135076609946
5,0.00180514575982593
6,0.0017543583707401158
7,0.00174435252512472
8,0.0017301031647503724
9,0.0017562016045793202
10,0.001757297355114044
11,0.0017357704138923882
12,0.0017623136513694902
13,0.0017591863583124266
14,0.0017461226290926691
15,0.001757098570859296
16,0.0017557571012303047
17,0.0017381603584394074
18,0.0017573964206904292
19,0.0017587470614553137
20,0.0017393708878999015
21,0.0017499488150557617
22,0.0017421213105905217
23,0.0017414892872687705
24,0.0017374787015862643
25,0.001750210320409064
26,0.0017540909790134914
27,0.0017427078693945783
28,0.0017332349114123808
29,0.0017655030564939264
30,0.0017368711611700264
31,0.001824452659593728
32,0.0017417297193973403
33,0.0017362962219304601
34,0.0017450539709189831
35,0.0017520304982185497
36,0.0017595032870454965
37,0.001742685067791721
38,0.0017610116923977464
39,0.0017521004261010329
40,0.0017524572440473962
41,0.0017702012809827671
42,0.0019791935296760758
43,0.0020086197154133775
44,0.0020228295098407927
45,0.0020612508783899026
46,0.0020587373706180516
47,0.0020764008341889115
48,0.0020680268120952163
49,0.0020898929444666784
50,0.002093579570641946
51,0.0021070125591080647
52,0.0021255803765011134
53,0.002133567272487238
54,0.002122820403555807
55,0.0021396415687140965
56,0.002162803702308681
57,0.002188581153168617
58,0.0022195012854287796
59,0.002192755380392869
60,0.002174508831215644
61,0.0021744564809397363
62,0.002180405922746781
63,0.0022002578348048153
64,0.0022103102064586857
65,0.002226417718000551
66,0.002218173797317709
67,0.002235759927199005
68,0.0022922945639385853
69,0.002326648138938331
70,0.002255855854724702
71,0.0022611093304445067
72,0.0022386528741465215
73,0.0022578621255584293
74,0.0022773576707344804
75,0.0022760755475558924
76,0.0022935503686548828
77,0.0022789188498402555
78,0.0022829360876936845
79,0.0023575073806639327
80,0.0022999628734976956
81,0.002320944569972598
82,0.0023538857729503812
83,0.002445850863592748
84,0.0024837396628809294
85,0.0025025743246035437
86,0.002518752300878889
87,0.002533658539979757
88,0.0025456021995253434
89,0.0025568488430253986
90,0.0026357324907483742
91,0.002590359834706323
92,0.002598050206434317
93,0.0026145298848399656
94,0.002615019269695093
95,0.0026190165610443066
96,0.0026242360087766823
97,0.0026474883115462458
98,0.0026425593367235345
99,0.0026504489387956564
100,0.002681669041450777
101,0.0026785262531216552
102,0.00269208170983063
103,0.0026807785012942964
104,0.0027024882069694943
105,0.0026927176159770735
106,0.0027045026642664267
107,0.002707655342039643
108,0.0027238681494168265
109,0.0027234298613508442
110,0.002744148220156445
111,0.0027439020441143115
112,0.0027475213398729867
113,0.002770888191659984
114,0.0027754534738955823
115,0.00277849212415298
116,0.00280296568428968
117,0.0027897416249063993
118,0.0027947140506840613
119,0.002821651930344788
120,0.00281851590169649
121,0.0028993493854009077
122,0.002854725252500314
123,0.0029041955617572918
124,0.002899879909401812
125,0.0029443199228479434
126,0.002946460990213361
127,0.0030051160694625164
128,0.002990988237051793
129,0.0030182218744165784
130,0.0030229062718095715
131,0.0030469693359374997
132,0.0030533827976002527
133,0.003090906148795104
134,0.003077038913624221
135,0.003092334474725556
136,0.0030941122280354746
137,0.003113833817427386
138,0.0031268300426505772
139,0.0031655224880221336
140,0.0032538031163643053
141,0.003161145464753243
142,0.003156030102651614
143,0.0031701946406382836
144,0.0031573196280864834
145,0.0031774800314568453
146,0.003209747231227258
147,0.0031991182151589245
148,0.0032204893774112012
149,0.0032259076103602104
150,0.003216546040295233
151,0.003234429240683852
152,0.003230633603441377
153,0.0032615616302589003
154,0.0032633714410833393
155,0.003258635165870399
156,0.0032583754205355937
157,0.003257225181524808
158,0.0032550953561827954
159,0.003252697586554622
160,0.0032509417349543264
161,0.003249306780229361
162,0.00325005044636864
163,0.0032460658182061754
164,0.003255494699807845
165,0.0032532076295649845
166,0.0032476112546992483
167,0.003241960607176328
168,0.0032453761139214707
169,0.003250771613378913
170,0.0032497733156800967
171,0.003253673209130581
172,0.0032623060975609753
173,0.0032682475985180196
174,0.003272213244519393
175,0.003274435167126235
176,0.003293520345337201
177,0.0033077356786660557
178,0.0033237455978194276
179,0.0033342487959163412
180,0.0033523942664825685
181,0.0033628067886291332
182,0.0033860316548265782
183,0.0034007278468632107
184,0.0034170728023516232
185,0.0034155647655482236
186,0.0034326214843475207
187,0.00343571274150076
188,0.0034586384178146765
189,0.0034682250173469205
190,0.003487482906600592
191,0.0034942187638267487
192,0.003508936192609745
193,0.0035190069550772784
194,0.0035382152663711026
195,0.0035420605667662274
196,0.003557357665327
197,0.0035698856991215233
198,0.003568995986364636
199,0.0035777971071953014
200,0.003582544182285924
