1,0.0017534855189581156
2,0.0017531922618390554
3,0.001732747713552969
4,0.0017691557541537801
5,0.0017245487091561938
6,0.0017345491016660015
7,0.0017436613661936994
8,0.0017538182523286583
9,0.001734741201353638
10,0.001739086302699206
11,0.001781851837613126
12,0.0017431937071355611
13,0.0017549004946173015
14,0.0017410786257320578
15,0.0017271068059347607
16,0.0017334339315225984
17,0.0017397217692359578
18,0.0017398224669285948
19,0.0017314109693183017
20,0.0018366028679530837
21,0.0019801037047580314
22,0.0019868401091461163
23,0.0020359152909564192
24,0.002040654024878769
25,0.0020474691151407733
26,0.002114530472430918
27,0.0020703297895997264
28,0.002076202066969822
29,0.002073704647031123
30,0.0020766766205943337
31,0.0020820477674547595
32,0.002091194164981282
33,0.002096126071336056
34,0.0021205189489203018
35,0.002114204107130288
36,0.0021242102205592758
37,0.00213049276020489
38,0.0021389629298912563
39,0.002149696310094021
40,0.0023113694912415047
41,0.0024155744880673606
42,0.0024687875395610005
43,0.0024790506051282054
44,0.002493078094403792
45,0.0025096332993288554
46,0.0025198193407699404
47,0.0025296693401784206
48,0.002541024780033841
49,0.0025523272344944777
50,0.0025597195797743334
51,0.002576659729384869
52,0.0025827439336467573
53,0.00263885663569472
54,0.0026071394164913987
55,0.002631659832205683
56,0.002629623524135682
57,0.002638344674120535
58,0.0026469363618995636
59,0.002704001033351074
60,0.0028028807397560973
61,0.0028582363029873653
62,0.002926475297048678
63,0.002949443115301512
64,0.0029591026997733767
65,0.0029733407341446523
66,0.0029902936428566726
67,0.0030079793226547463
68,0.003018457080996885
69,0.0030297301265584864
70,0.003064513972809668
71,0.0030581170862514977
72,0.0030670316835764108
73,0.003075004725909928
74,0.003076739668318719
75,0.0030231460232238733
76,0.0030215403032572076
77,0.003016742675099701
78,0.0030076165456238363
79,0.0030238766267390357
80,0.003063720796404153
81,0.0030986078054065207
82,0.0031354583811710676
83,0.003154441885907789
84,0.00316237611662531
85,0.00319073550715086
86,0.0031986232589609875
87,0.0032530112861587344
88,0.0032430815236310084
89,0.003248859928293794
90,0.0032602716694659054
91,0.003280555978616627
92,0.0032931199770190414
93,0.0033116267687899495
94,0.0033331096086508753
95,0.0033327929781082196
96,0.003363859281955408
97,0.0033648276694974244
98,0.003374108540242711
99,0.00339205182632426
100,0.003392028056294636
101,0.0034224466800525095
102,0.003421616344122989
103,0.0034422562172364266
104,0.0034933558445775312
105,0.0034900529452005476
106,0.0035206054483913236
107,0.00352463501091703
108,0.0035436834429343855
109,0.003557488008055658
110,0.003568230822520343
111,0.0036148376107784422
112,0.0036030780222904377
113,0.0036227143493417105
114,0.0036476107343364024
115,0.0036761937226167107
116,0.0036608165840840835
117,0.0036738938396497054
118,0.0036864434136728813
119,0.0037076155051734634
120,0.003715377273765996
121,0.003727148729395604
122,0.0037373017965555695
123,0.0037684340548251056
124,0.003771479965135101
125,0.0037898550555465612
126,0.0038154475723221276
127,0.003826740616422241
128,0.0038707930653465346
129,0.0039010468772291353
130,0.0039041506828137065
131,0.003899576288659794
132,0.003919274167638295
133,0.003950761938134364
134,0.003964077010141988
135,0.003977321495289149
136,0.003975949069691529
137,0.003987676834937204
138,0.004024056191139137
139,0.004027527804677882
140,0.004063654209679582
141,0.004068952941176471
142,0.004106896468510889
143,0.004161719403111981
144,0.004173529060956921
145,0.004207579159722222
146,0.00420314155131293
147,0.0042250476901605025
148,0.004253160088441862
149,0.00426325187652386
150,0.0038240594157472408
151,0.0038138759036898066
152,0.003807332790262172
153,0.003801882101458308
154,0.003807689998753738
155,0.003820835950981618
156,0.003828932542860718
157,0.00382848893965949
158,0.0038305009315993494
159,0.0038449443335843375
160,0.003869866527461402
161,0.0038863601094286807
162,0.003914156083379479
163,0.003931481175260384
164,0.003965466727178424
165,0.003995176401991614
166,0.0040160033544220375
167,0.004045257098942536
168,0.004054628875865744
169,0.004085440704225353
170,0.0040920880766644255
171,0.004108025310894836
172,0.0041476719407507155
173,0.0041596896078163435
174,0.004172603377728958
175,0.004184918040667007
176,0.004197026303458852
177,0.004211382232204562
178,0.004219014694296969
179,0.004239743863110044
180,0.0042497513286032275
181,0.004270451603234351
182,0.004272796008667692
183,0.0042996916490932085
184,0.00429584024441635
185,0.0043114127043404745
186,0.004344962956316204
187,0.004357500689018326
188,0.004362898205128204
189,0.004386573183118741
190,0.004419216026747196
191,0.004448356748155648
192,0.004487505334406556
193,0.004507188399941229
194,0.004528856170652495
195,0.004572852542372881
196,0.004609945183073229
197,0.004634001963449631
198,0.004674463753428833
199,0.004741964932963477
200,0.004885705859933301
