1,0.0017391795102505688
2,0.0017272071632807885
3,0.001736741236511383
4,0.001720576074580131
5,0.0017265087192188957
6,0.001728304367124857
7,0.0017229378655969042
8,0.001730235558938669
9,0.0019434507265574826
10,0.00202244722617652
11,0.00206692104287419
12,0.001962720662762022
13,0.002101497530217285
14,0.002102273927946835
15,0.0021217613110596054
16,0.0020376714802050936
17,0.0021771204719101124
18,0.0024279368080301128
19,0.0024987638209078263
20,0.0023523920610649973
21,0.002553945840061188
22,0.0025849995541435285
23,0.0026083931500189075
24,0.0024626633311254902
25,0.002642520218221495
26,0.0026741710968775016
27,0.0029205769738826224
28,0.002762436189688605
29,0.0030200525376115864
30,0.0030494516394476323
31,0.0030620143522331325
32,0.0028517508393709136
33,0.003108977136796358
34,0.0030513702178718025
35,0.003087417191958907
36,0.003092046619273693
37,0.003127419825072886
38,0.003161813644084406
39,0.0031935467761075947
40,0.003227624499535994
41,0.0032664670402611537
42,0.0032828272191287255
43,0.003333152484493453
44,0.0033478723102470078
45,0.0033730513583170797
46,0.0033924950534852828
47,0.0034289384768967485
48,0.0034610511739594455
49,0.0035041588832487305
50,0.0035187601120733577
51,0.003545822872418339
52,0.0035726802462298884
53,0.0036031804232717784
54,0.0036442236174682977
55,0.0036825047741935488
56,0.0036922941932051386
57,0.0037402979897744803
58,0.0037685216212031366
59,0.003814669633610545
60,0.0038354312618147438
61,0.0038747136107584895
62,0.003954620716473244
63,0.003989044305657606
64,0.00402849484375
65,0.004068803507821888
66,0.004110532683746326
67,0.003889619645100502
68,0.0038632813831135896
69,0.003876534223918575
70,0.0038768406277912464
71,0.003930052706883218
72,0.004023349217299018
73,0.004086150302013422
74,0.004146924794857768
75,0.00418546392002214
76,0.004220130012513905
77,0.004245874041958041
78,0.004281727867922883
79,0.0043327993389158225
80,0.004365799312320917
81,0.004421014242511521
82,0.004433786786024934
83,0.004509158618401651
84,0.004649510284497186
85,0.00479788539255552
86,0.005177829119850186
87,0.005706186071899115
88,0.006119068562753037
89,0.006634553383491601
90,0.007071567218355922
91,0.007395312200485289
92,0.007836587938525909
93,0.008198950936072917
94,0.008977314683637704
95,0.009537420046720244
96,0.010316705978234246
97,0.010927883969894407
98,0.01117302737848422
99,0.011739534003390652
100,0.011526411902497025
101,0.011779225666828323
102,0.011861084713557095
103,0.0119140746629659
104,0.01205483416976745
105,0.012241976803233117
106,0.012422033747120552
107,0.012629342298670835
108,0.012807085565240359
109,0.012998324898758509
110,0.013157307752778534
111,0.013377180920871241
112,0.013559857171812087
113,0.013783453522727272
114,0.01405892960522301
115,0.014381880426449452
116,0.014707956005459509
117,0.015001170409181636
118,0.01530204306806807
119,0.015539892195496419
120,0.015726685787583378
121,0.01592832664252457
122,0.016131690995382246
123,0.01634334187989556
124,0.016484301036420533
125,0.01664305982286634
126,0.01679552428339643
127,0.01690911737242128
128,0.0170284419813761
129,0.017216897826086958
130,0.01748321146369354
131,0.017690682938522276
132,0.018005481639784948
133,0.01775209522911051
134,0.01793456215334421
135,0.01810220207050924
136,0.018266009570200574
137,0.018411779251513483
138,0.018549554357931434
139,0.018651637448438424
140,0.018784326098574826
141,0.018916415218609865
142,0.019108342195629555
143,0.019292112144482364
144,0.01947753430678466
145,0.019703846678635548
146,0.01975167969527363
147,0.019931252895981084
148,0.020071707869822486
149,0.020218850119260584
150,0.02035311169330965
151,0.0204835477088167
152,0.02064439704978488
153,0.020750246280223185
154,0.02088998039687312
155,0.02100768268448576
156,0.021161332894736845
157,0.021289247624774504
158,0.021380371454326925
159,0.021491566758747697
160,0.021562210368956745
161,0.021662981612258495
162,0.02176488785046729
163,0.02189283788694482
164,0.02210621148293963
165,0.022362771279290688
166,0.022430995425667094
167,0.02262132144236961
168,0.02277423191287879
169,0.022903695975531227
170,0.023074035158311343
171,0.0232566597977244
172,0.023323459072580644
173,0.023294634333120613
174,0.02331154100649351
175,0.023428241784511784
176,0.02355311145833333
177,0.023677312404181184
178,0.023777540224570674
179,0.02392104515796703
180,0.023997949316005473
181,0.024150902557200538
182,0.024270871864050456
183,0.02437342209219858
184,0.02444075290102389
185,0.02457829635443038
186,0.024661923916083916
187,0.024747529020013797
188,0.02485621750516885
189,0.025014969857916108
190,0.025154094121715077
191,0.025322248531518626
192,0.025517075632682573
193,0.025697977943262413
194,0.025890705091575098
195,0.026015467022792022
196,0.02621533631934033
197,0.02638494160386008
198,0.026695574542794438
199,0.026511211941964288
200,0.026736636052439915
