1,0.0017580690958931382
2,0.0017475490513392854
3,0.001775889510989011
4,0.0017440684973082344
5,0.0017469655181252288
6,0.0017418292051823272
7,0.0017431247572117115
8,0.0018499786362331323
9,0.0017393260710553814
10,0.0017346405913783078
11,0.0017707378681931815
12,0.0017815415453221693
13,0.0017682644037950118
14,0.0017595314929084638
15,0.0017530053378525341
16,0.0017548794346907554
17,0.0017393088434634481
18,0.0017496804052831551
19,0.0017551194904646197
20,0.0017438813132037584
21,0.0017630193585878764
22,0.0017713711136966542
23,0.001740007201616395
24,0.0017701559115276611
25,0.001746569723408877
26,0.0017578438158361931
27,0.0017707324005891013
28,0.0018863212323113195
29,0.0017474417098252545
30,0.0017470002968602025
31,0.0017505428360315358
32,0.0017452415627984225
33,0.0017549883638522143
34,0.0017906610144616266
35,0.001745933328548358
36,0.001765652973129572
37,0.0017468817057623663
38,0.0017442344482325497
39,0.0017403044026192568
40,0.001738697638692867
41,0.001768226988395653
42,0.0017491022723998845
43,0.0017461077210822588
44,0.0017552831898267067
45,0.0017547548565853336
46,0.0017500348313997615
47,0.0017534406558686808
48,0.0018587322943756548
49,0.0019912281982351738
50,0.002024904863381108
51,0.002012393250447749
52,0.0020371320537548743
53,0.0020576459248714575
54,0.002085055261472786
55,0.0020642034471731897
56,0.002121167750918498
57,0.002087280927237605
58,0.0020786306136333773
59,0.0020882967340962767
60,0.002106987352451697
61,0.0021098640845564993
62,0.002122247703535375
63,0.0021462152054008733
64,0.0021286845165533878
65,0.0021492984080817047
66,0.002190575459692029
67,0.0021719633931785456
68,0.0021765227923627685
69,0.0021945370943584623
70,0.002186753422147833
71,0.0021744451777550022
72,0.002195299072730571
73,0.002231999337566814
74,0.0022128536064680237
75,0.0022016266630191946
76,0.0022335350889417863
77,0.002221898636384471
78,0.0022334842702318755
79,0.002258715314462504
80,0.0022401247757951183
81,0.002232520421983692
82,0.0022477273871788937
83,0.002319586414313125
84,0.0022359943405353107
85,0.0022523217692942323
86,0.002317310179279394
87,0.0023046005846850248
88,0.0022899228066511844
89,0.0022858601517579415
90,0.0022902062529550826
91,0.0022804046254170456
92,0.002328048032747411
93,0.0023180677507293507
94,0.0023090274375984344
95,0.0023491989146270393
96,0.0023833056756225753
97,0.0024822676136706714
98,0.0024813754969438594
99,0.002501817834790255
100,0.002519804271367747
101,0.0025310642549962055
102,0.0025398433730359857
103,0.002564300399226499
104,0.0025770429629849256
105,0.002577728533174797
106,0.002589081028207462
107,0.0025847638897780623
108,0.0026052342378442344
109,0.002650080525544275
110,0.002616442164663852
111,0.002630497949192189
112,0.0026368990860977737
113,0.0026478351822503965
114,0.002638409643520035
115,0.00265640114353096
116,0.0026689428364939684
117,0.0026769188089850434
118,0.002684387188421335
119,0.0026880159101083357
120,0.0026805143334437814
121,0.002707418094508071
122,0.0026931181638873945
123,0.0027054034904641956
124,0.002698857028796986
125,0.002713415782816876
126,0.0027304105810810808
127,0.002774313145096759
128,0.002726927636240931
129,0.0027492541777904005
130,0.0027671052042273635
131,0.0027657110014870736
132,0.002762075481181107
133,0.0027705771452286912
134,0.002782232284663564
135,0.0028331625737249904
136,0.002793465684805165
137,0.002798048411965121
138,0.002816703651371236
139,0.0028127476052249635
140,0.0028255210834596104
141,0.002838911960956173
142,0.002882428818893447
143,0.002899304942487419
144,0.0029035399999999996
145,0.002927657652536736
146,0.002927317082829504
147,0.0029713006435006435
148,0.0030033438046502383
149,0.003022915822829162
150,0.003036154631314716
151,0.003017406667495957
152,0.0030504602715987145
153,0.0030410453968453465
154,0.0030650270859751464
155,0.0030830304495739545
156,0.0030889275655800307
157,0.0030866174083020786
158,0.0031022737882653063
159,0.0031172766891541257
160,0.0031172629681502223
161,0.0031330881352394867
162,0.003151468824763904
163,0.0031317782973621106
164,0.003135571973491964
165,0.003139181619644723
166,0.0031609840057704465
167,0.0031809748103831565
168,0.0031864525134708897
169,0.0032213763788575176
170,0.0032151364019653407
171,0.003223427315061203
172,0.00322732408851563
173,0.003246501635498358
174,0.0032385749497991965
175,0.003239183579792572
176,0.0032567101117168045
177,0.0032567838623982787
178,0.003263432583361401
179,0.0032782421784472763
180,0.0032857320174958992
181,0.003258972914281866
182,0.003271649582604012
183,0.003257066749579832
184,0.0032586901377225394
185,0.003254387049973132
186,0.003256991751746373
187,0.0032530949580396105
188,0.003247273609622085
189,0.0032467805317439057
190,0.003246157552170704
191,0.0032545624237958065
192,0.0032586836089877028
193,0.0032585200918908036
194,0.003254208880607037
195,0.003267444884717823
196,0.0032628073954768144
197,0.0032660084368912475
198,0.003267246075864384
199,0.003262792754595465
200,0.003269801657142857
