1,0.0025942999678232426
2,0.0036031834505782763
3,0.004036801857256567
4,0.010486419031021262
5,0.015579135003211305
6,0.01944644749114522
7,0.022604522458703938
8,0.025409950789835167
9,0.028182976401515153
10,0.031519587233169125
11,0.03352903336134454
12,0.03646839172123478
13,0.0394239863963039
14,0.04254716880977684
15,0.04585258833522084
16,0.048853508564814824
17,0.052658076175349434
18,0.055882791090425536
19,0.06424125605828221
20,0.06763999241001566
21,0.07021588509615385
22,0.07266696972789116
23,0.07804721148409893
24,0.08035779120879119
25,0.08490044433593752
26,0.08610560273972602
27,0.0887246275862069
28,0.08850163845381527
29,0.09229534675732215
30,0.09306557979166667
31,0.09565672405345212
32,0.09980187689732144
33,0.10023301737193764
34,0.10350931004672896
35,0.10643632188235294
36,0.11254987054455447
37,0.11740368174603175
38,0.12231895189189186
39,0.1252056745125348
40,0.12528150428176796
41,0.13166492630813953
42,0.1315681248546512
43,0.13475178972809668
44,0.1463670178913738
45,0.15010443469055376
46,0.1544687202341137
47,0.1568648493243243
48,0.15671996515151515
49,0.1712862151851852
50,0.1755208471698113
51,0.1739269396226415
52,0.17854486333333336
53,0.17377395433962264
54,0.17728420515267174
55,0.18955163724696358
56,0.19178799037656902
57,0.19100326012396693
58,0.19364611392405062
59,0.19012052219917008
60,0.1961189536016949
61,0.18342806968503939
62,0.1863385625
63,0.2049760230088496
64,0.19876261901709405
65,0.20843711787330316
66,0.2112405257918552
67,0.2005270346982759
68,0.22028685633802814
69,0.21443098914027148
70,0.2176925834883721
71,0.22609987976190477
72,0.21647810930232558
73,0.2347193108040201
74,0.23765287775000002
75,0.2322807170792079
76,0.2521970852150538
77,0.2552895081521739
78,0.23565104120603012
79,0.25842086978021983
80,0.2530719190860215
81,0.25695340591397847
82,0.267708872881356
83,0.25182274358288775
84,0.2781159613095239
85,0.2810230383928572
86,0.27043275057471267
87,0.2903063172727272
88,0.2668559553977273
89,0.26974610965909085
90,0.2918498254601227
91,0.2884744775
92,0.30105983974358974
93,0.30406434607843136
94,0.28441765030120486
95,0.3094192532679738
96,0.3000913608974359
97,0.3031982951612903
98,0.31672891066666664
99,0.29982762310126587
100,0.3027699487179487
101,0.3288425770833334
102,0.3230566996598639
103,0.31156090427631583
104,0.3145038863333333
105,0.31893185912162164
106,0.32092142176870747
107,0.33434165704225355
108,0.33763607816901403
109,0.3298290451388889
110,0.33404229190140844
111,0.3357434397887324
112,0.3390492964285714
113,0.3582132143939394
114,0.34508866978417274
115,0.34924996592592594
116,0.3522575851145038
117,0.3547580051851852
118,0.37045701564885497
119,0.3611764209923664
120,0.36389396183206113
121,0.36731243178294565
122,0.3693183240310077
123,0.37236355590551173
124,0.3961125966942149
125,0.37764198185483866
126,0.38353340806451613
127,0.3866936165289256
128,0.38636358524590164
129,0.40660930431034487
130,0.3927061148760331
131,0.3956622315126051
132,0.39966876554621844
133,0.4019572763157895
134,0.42348579084507043
135,0.42628911371681416
136,0.4105283448275862
137,0.41194186982758624
138,0.4159669359649123
139,0.418983224122807
140,0.4364930072727273
141,0.4251062057522123
142,0.42672100990990985
143,0.42967167837837844
144,0.43482677636363637
145,0.45778109428571434
146,0.4411552545454545
147,0.44417195879629623
148,0.44390345424528305
149,0.4500487042452829
150,0.4526733828571428
151,0.47209223960396046
152,0.4587135082524273
153,0.4586146771844659
154,0.461670118446602
155,0.4670949966019417
156,0.49070003350515456
157,0.473607595
158,0.47674723412698417
159,0.47674850199999996
160,0.483599637244898
161,0.5029772283333332
162,0.5062737078947369
163,0.4937188762886598
164,0.4927150536082474
165,0.4996943675257731
166,0.5030048278947369
167,0.5267008094444445
168,0.5099444822033898
169,0.5078902721052632
170,0.510901708064516
171,0.5206471141304349
172,0.5392421159090908
173,0.5425707090909091
174,0.5305129125000001
175,0.5268505005555555
176,0.5360115711111112
177,0.5388533988636363
178,0.5641348035294118
179,0.5450321252873562
180,0.5418515960227271
181,0.5450268556818183
182,0.5538264379310345
183,0.5772744371794873
184,0.5596562547058823
185,0.5625843708333333
186,0.561286365882353
187,0.5692366892857142
188,0.596303024375
189,0.59964209375
190,0.5809136042682926
191,0.5765677708333333
192,0.5883919006097562
193,0.5919105025
194,0.6120415618186517
195,0.5981751443750001
196,0.5911267106249999
197,0.5944918981249999
198,0.6077402955696203
199,0.6317123864583333
200,0.6352183171052632
