1,0.0017401077627686495
2,0.0017521617187221134
3,0.0017453219920596993
4,0.0017347613378191173
5,0.0017400016497607252
6,0.0017392901908801696
7,0.0017357312764972033
8,0.0017831157181418488
9,0.0017261986009429178
10,0.0017288215100575736
11,0.0017718812081576121
12,0.0017404318385731339
13,0.0017376142872562424
14,0.0018384885381332748
15,0.0017975484056864453
16,0.0017421686959510803
17,0.0017511511305641936
18,0.0017511543246488354
19,0.0017337569649633424
20,0.0017870195653217548
21,0.001732051150605013
22,0.0017446555095049423
23,0.0017498512362868215
24,0.0017354768120137506
25,0.0017384144879387551
26,0.001768307458436403
27,0.001742946903536444
28,0.001749281597756763
29,0.0017470312477224689
30,0.0018419096703980098
31,0.0017932102373671179
32,0.0017401623029976664
33,0.0017411591399595786
34,0.0017347527353758433
35,0.0017417179841396292
36,0.0017397436210993813
37,0.0017426997588106123
38,0.0017738219566486644
39,0.001739475477163675
40,0.0017329370967161175
41,0.0017466229219054363
42,0.0017488194207897667
43,0.0017575694464863274
44,0.0017458290568119136
45,0.0017425424720280988
46,0.0017357243079681721
47,0.0017440476253629163
48,0.001778397902529303
49,0.001788970639039083
50,0.0017325108854257362
51,0.0018689612521123713
52,0.0017403997650121106
53,0.001765723255154822
54,0.0017370378713229971
55,0.0018839934399795184
56,0.0017944432355559954
57,0.00173923810328706
58,0.0017299225561627199
59,0.0017488342928458557
60,0.0017360694780785778
61,0.0017451296651146136
62,0.001748567024700734
63,0.0017464100727285759
64,0.0017528634883382456
65,0.001741545296734295
66,0.0017492487753484854
67,0.001740574352172657
68,0.0017597347600930035
69,0.001829365921510975
70,0.0017522887064417864
71,0.0017656585470760728
72,0.0017375801701336765
73,0.0017447579021687971
74,0.0017472001242079494
75,0.0017754981901634446
76,0.001740152606737525
77,0.0017518104856115108
78,0.0017567494850034453
79,0.0017552337597869078
80,0.0017440797240606124
81,0.0017359119118851732
82,0.0017914898159091723
83,0.0017478581866337073
84,0.0017411855522790156
85,0.0017379439246038976
86,0.001744552006543075
87,0.0017342450926060961
88,0.0018155734546400838
89,0.0017310516658198447
90,0.0017524134578544063
91,0.0017433878576868676
92,0.0017543503130088658
93,0.001751192631502681
94,0.0017676282046566374
95,0.0017700164869994305
96,0.0017565586339836467
97,0.0017345276414992249
98,0.0017663853001063
99,0.0018080608679163503
100,0.0017474455632868263
101,0.0017498376226020478
102,0.0017355433569868992
103,0.0017500976159747616
104,0.0017773426688328473
105,0.0017427258886750664
106,0.0017557378178720163
107,0.0017463908238276496
108,0.0017614790700623097
109,0.001736568814610613
110,0.0017543877167570392
111,0.0017637741345077796
112,0.001730256586939299
113,0.0017872150643549905
114,0.0017850879290347522
115,0.0017535740817354389
116,0.001760712924532163
117,0.0017442477465702652
118,0.0017491463460010115
119,0.0017700360543460147
120,0.0017364561538738609
121,0.0017348596864199311
122,0.0017371473873320812
123,0.0018677525811898264
124,0.0017389238614938362
125,0.0017373851216602038
126,0.001760940318283287
127,0.001740034087153327
128,0.0017734610696919903
129,0.0017307548241368184
130,0.0017356769610342316
131,0.001738871561777514
132,0.0017311690326769096
133,0.0017319401558684095
134,0.0017332485081601842
135,0.001738890324443322
136,0.0017482533563510814
137,0.0017256933442088092
138,0.001761625114616801
139,0.00172448853606028
140,0.0017257226144561102
141,0.0017384136574323595
142,0.0017301930394783692
143,0.0017438892923783552
144,0.0017236241761190826
145,0.0017190973054107496
146,0.0017323909391338131
147,0.0017327791803337777
148,0.0017433850057732556
149,0.001737043109164955
150,0.0017281438668245255
151,0.0017443368611020423
152,0.0017230200134257412
153,0.0017395373742208153
154,0.0017540837786535542
155,0.0017250129381794694
156,0.0017568535535950622
157,0.0017557919567482128
158,0.0018158969647355165
159,0.001730229667045614
160,0.001720344211016003
161,0.0017250507863223199
162,0.0017217478254577033
163,0.0017337175599617424
164,0.0017552755297757156
165,0.0017779775846074272
166,0.0017287872761274545
167,0.0017303139534883723
168,0.0017384144822592325
169,0.001735174798055615
170,0.0017774442731277535
171,0.001752286915233548
172,0.0017145359933858156
173,0.001760197180762852
174,0.0017510033570483719
175,0.0017289929679285981
176,0.001733370540666261
177,0.0017350790107433847
178,0.0017357572335208423
179,0.0017200713134294472
180,0.0017332297312590242
181,0.0017368672127904463
182,0.0017321577076546545
183,0.0017362687411698466
184,0.001839477643580777
185,0.0017897979886515806
186,0.0017361428643834624
187,0.0017310542503863988
188,0.0017484495073423118
189,0.0017282775032322942
190,0.0017384231266932837
191,0.001739242249483655
192,0.0017303173800576192
193,0.0017566608904611798
194,0.0018215897375557263
195,0.0017331551175159923
196,0.001746237555153707
197,0.0017296447077945276
198,0.0017527858108837176
199,0.0017268646642793193
200,0.0017310865422644085
