1,0.003559633203669725
2,0.009238758396728795
3,0.019063827705112963
4,0.02490764550835655
5,0.030979713324979112
6,0.035794581014362656
7,0.04194561395348837
8,0.047969859252873566
9,0.054768228211920525
10,0.0664920044274809
11,0.07198603119868636
12,0.07940625967153284
13,0.08637891092519685
14,0.08735176967545641
15,0.09370194042105262
16,0.09875137450331126
17,0.10161879243792324
18,0.11102915952970296
19,0.11829694355263158
20,0.12360667220708446
21,0.13261244176300577
22,0.1447659484375
23,0.15080840953947366
24,0.15787367635135138
25,0.17167199679245287
26,0.17438137740740742
27,0.1741564159695817
28,0.18990720204081632
29,0.19111996631799164
30,0.19018629631147543
31,0.1833725678
32,0.2050161288209607
33,0.20831387197309417
34,0.20021753766233763
35,0.2226697661904762
36,0.22542412874396134
37,0.21904234953051646
38,0.2314605727722772
39,0.25444773575268814
40,0.2573291120879121
41,0.25570894836956515
42,0.25068900026455027
43,0.2799941604166667
44,0.28935712303030303
45,0.2684020528409091
46,0.2934252509375
47,0.3024209845161291
48,0.2856306418181819
49,0.3013400817307692
50,0.3177386367346939
51,0.3264878272413793
52,0.3240286272108844
53,0.31655885101351355
54,0.3217630857142857
55,0.3273441210344827
56,0.33459871091549287
57,0.33932494750000003
58,0.3455881697080292
59,0.352550712962963
60,0.370729676744186
61,0.36389368549618323
62,0.3693852205426357
63,0.39572714214876026
64,0.38333177620967734
65,0.3859929850806451
66,0.3923403268595041
67,0.3990727941176471
68,0.40412284576271185
69,0.4097784620689655
70,0.41390630307017545
71,0.4356593402777777
72,0.42709674159292027
73,0.4335545795454545
74,0.4599573742718446
75,0.44241575283018864
76,0.45134937783018875
77,0.45703769761904767
78,0.4599948657142857
79,0.48870831581632646
80,0.474805954
81,0.47785643150000007
82,0.5038404789473684
83,0.49460685979381436
84,0.5006690136842104
85,0.5273294700000001
86,0.5083876894736842
87,0.5211253793478261
88,0.5277240192982455
89,0.5272720973684211
90,0.5606359141176471
91,0.5452125017045455
92,0.5449697862068966
93,0.5772420646978021
94,0.5625984729411766
95,0.5688804858490565
96,0.5991887568750001
97,0.5758812428571428
98,0.591190943125
99,0.597644176875
100,0.5936914056250001
101,0.6305944776315788
102,0.6169751974025974
103,0.6122369525316457
104,0.6452338972222221
105,0.6335252046052632
106,0.6389880968085105
107,0.6656095943661973
108,0.6377797342105265
109,0.6563431858695652
110,0.6621255479166668
111,0.6563698934782609
112,0.70081033372093
113,0.6833459625
114,0.6762148570422534
115,0.7191398297619048
116,0.7053202149253731
117,0.7130579544776119
118,0.7469908921875001
119,0.7090937828358208
120,0.7275505757575759
121,0.7333890268292683
122,0.7241641249999999
123,0.7744235025641026
124,0.7500775275000001
125,0.7398974268292683
126,0.7890740441760137
127,0.7675548579365078
128,0.7735974538461537
129,0.8106216847457628
130,0.768834723015873
131,0.7908994789473685
132,0.7987898210526315
133,0.7881834163934426
134,0.8416206666666665
135,0.8176967283783784
136,0.805581261016949
137,0.8565595883928572
138,0.8343924388888889
139,0.8392582333333334
140,0.8790778254545455
141,0.8346402777777778
142,0.8586406057142856
143,0.8649385371428571
144,0.852851382142857
145,0.910263805317324
146,0.8833064685828876
147,0.8706258057142856
148,0.9263785727272726
149,0.9037894132075472
150,0.9098205841909662
151,0.9492741880000001
152,0.9013162537735847
153,0.9261610984848484
154,0.9339655598039215
155,0.9192499272727275
156,0.9800781016129031
157,0.9552185340000001
158,0.962062165
159,0.9958472016129033
160,0.9747976645161291
161,0.9817596870967744
162,1.0191436533333333
163,0.9688023965483871
164,0.9998047102083333
165,1.0039123400000003
166,0.9857686145161288
167,1.050189529310345
168,1.0213864316666665
169,1.0278342423913043
170,1.064187492222222
171,1.0420782431034485
172,1.050131129310345
173,1.0908767839285713
174,1.0345600913043478
175,1.0719507785714284
176,1.08199985
177,1.0560287913793103
178,1.1283291296296294
179,1.1019376964285714
180,1.1049778625
181,1.139281937037037
182,1.113659001851852
183,1.1183001925925926
184,1.1575889307692309
185,1.0984999372093023
186,1.1359212814814816
187,1.1435150904761904
188,1.1171063703703707
189,1.1886664787499999
190,1.1659868596153846
191,1.173624719230769
192,1.2080963900000001
193,1.18756410875
194,1.1934575812500001
195,1.230800736
196,1.1686052615384614
197,1.211555284
198,1.218464258
199,1.185813401923077
200,1.2627711395833334
