1,0.004441890313411078
2,0.022273140062305297
3,0.032601630131004374
4,0.04217331998933902
5,0.053615404846938775
6,0.06962529022435897
7,0.08125908808630394
8,0.0878271375502008
9,0.09785058216630195
10,0.1052388757756563
11,0.12239779851351353
12,0.13353749325513192
13,0.15018416084142394
14,0.15829008858131488
15,0.178235089245283
16,0.19114719211618258
17,0.18941015635245903
18,0.20342631732456137
19,0.2109150751121076
20,0.2148737853488372
21,0.2188508953488372
22,0.2529573050802139
23,0.26144103121546963
24,0.2520228216577541
25,0.28948353957055206
26,0.2921665804347826
27,0.2827955909638554
28,0.30296831999999996
29,0.3269221570247933
30,0.31434847800000004
31,0.3359936828571429
32,0.33605234999999994
33,0.34600526277372257
34,0.3695379771317829
35,0.3679865740458015
36,0.37680328095238097
37,0.3870274870967742
38,0.3984994096638655
39,0.4254878362831858
40,0.41762802675438604
41,0.4263649389380531
42,0.45824633571428575
43,0.4498726146226416
44,0.45994694368932043
45,0.4970971654639176
46,0.477517645
47,0.4931632180412372
48,0.5033161178947368
49,0.5098088134408603
50,0.5278083517543859
51,0.5379238812500001
52,0.5416849374999999
53,0.5798608201923077
54,0.5694828755952381
55,0.5825734591463415
56,0.6124421275251873
57,0.606344801
58,0.6181177295918369
59,0.6451660223404256
60,0.6246456824675324
61,0.6462161263513513
62,0.6570447173913043
63,0.6547631836956521
64,0.7035338976744187
65,0.6927842355072463
66,0.6910145166666668
67,0.74450251875
68,0.7262629825757577
69,0.74047491484375
70,0.7733615948717949
71,0.7394580468749999
72,0.7661655357142857
73,0.8050248745762714
74,0.7695776770451771
75,0.7982856131578947
76,0.8099039423728815
77,0.8021925635593221
78,0.8599046071428572
79,0.8394446847222222
80,0.8498564937499999
81,0.8923575584905659
82,0.8725092472727273
83,0.8839651485294117
84,0.9269675257575757
85,0.8871428955882353
86,0.917654068181818
87,0.9272910212121211
88,0.9181594212121212
89,0.9521499671875001
90,0.96444328
91,0.950942684375
92,1.0163475583333332
93,0.9983630395833335
94,1.0067174416666669
95,1.048325948275862
96,1.002147885
97,1.041428901724138
98,1.0862087410714285
99,1.0370745810344828
100,1.0832873803571428
101,1.0947870767857144
102,1.0680624511111112
103,1.141741374074074
104,1.1179322537037037
105,1.097204194642857
106,1.1723425442307693
107,1.1536600015567768
108,1.167036071153846
109,1.209896698
110,1.1541539656593407
111,1.2026442759999998
112,1.21221549
113,1.184587046153846
114,1.2372209697368421
115,1.2492663903508774
116,1.216338606
117,1.297954085416667
118,1.2846852797297295
119,1.2956409645833336
120,1.3301562369565216
121,1.3192928804347825
122,1.3327705913043477
123,1.3633706366233769
124,1.3009335905405404
125,1.3672346772727273
126,1.3804792590909094
127,1.3340431695652173
128,1.4237666196969698
129,1.4076310386363635
130,1.3633111557142854
131,1.456139911904762
132,1.4450953357142855
133,1.4586214333333334
134,1.4931899453125
135,1.4274442840909092
136,1.4930222843750003
137,1.5274392499999998
138,1.450431161904762
139,1.52204307
140,1.5340304475
141,1.4792834714285716
142,1.577146765
143,1.5687535874999998
144,1.5788524141228069
145,1.61267965
146,1.5983668078947368
147,1.610309007894737
148,1.6458303578947369
149,1.5650092775
150,1.645403702631579
151,1.656298052631579
152,1.5965641789473684
153,1.680359213888889
154,1.6915108777777779
155,1.62785012631579
156,1.7432843277777776
157,1.727543225
158,1.7411364694444447
159,1.7781783558823527
160,1.6826715972222221
161,1.7798259000000003
162,1.8123488735294115
163,1.7121668388888887
164,1.80431205
165,1.8171557882352942
166,1.7472054694444443
167,1.8595882764705882
168,1.8640409323529412
169,1.7812061382352942
170,1.89720790625
171,1.897455846875
172,1.9044188187500002
173,1.9268702156250002
174,1.8272556382352938
175,1.9365823437499998
176,1.945556559375
177,1.8598674839999998
178,1.9712333999999994
179,1.983645553125
180,1.892001471875
181,2.0243699133333335
182,2.017059723333334
183,2.0301702400000003
184,2.0616678866666667
185,2.06241122
186,2.0775591666666666
187,2.097052903333333
188,1.9783879656249999
189,2.1022090999999996
190,2.1113650000000006
191,2.00629645
192,2.137162218181819
193,2.148065921428571
194,2.0386057133333333
195,2.193002307142857
196,2.1854190357142858
197,2.1939223964285706
198,2.2065657928571434
199,2.0918212966666667
200,2.2303874
