1,0.0034124209330144827
2,0.0045452334863064405
3,0.01676096554621849
4,0.02267698531331593
5,0.02766734457511381
6,0.03323932582608696
7,0.03749929671314741
8,0.042828860284810116
9,0.04829230401162791
10,0.05451217342519685
11,0.06538538934681182
12,0.07077336606851549
13,0.07538401226575811
14,0.08455071275992437
15,0.08710179550898203
16,0.08899414108606556
17,0.09274847416317991
18,0.09917175362811792
19,0.10151288284424381
20,0.11035905660847882
21,0.11720241901595745
22,0.12397207445945946
23,0.126815187394958
24,0.1321672024926686
25,0.14640894516129033
26,0.15246376666666667
27,0.154712881
28,0.17210153824626864
29,0.17424636150943396
30,0.172958162037037
31,0.1885937324489796
32,0.19258707892561983
33,0.1942202266233766
34,0.19562872393162392
35,0.18521913140000001
36,0.20635296681415932
37,0.208942843438914
38,0.2000663150862069
39,0.22231649927884614
40,0.2235815826923077
41,0.21696422790697675
42,0.2373274334170854
43,0.23426976955445544
44,0.233791552
45,0.2593135144067796
46,0.2560733638121547
47,0.2507419566137566
48,0.27989483765060236
49,0.271164834770115
50,0.26669825056497176
51,0.29159569141104297
52,0.28891742696969697
53,0.28200861415662654
54,0.3090867144736842
55,0.30242532596153854
56,0.31818824391891887
57,0.3264552006896551
58,0.3223515932432433
59,0.314110261
60,0.3197110824324324
61,0.33552587535211265
62,0.33013337112676056
63,0.3353986135714286
64,0.3558753632575758
65,0.3463198507407407
66,0.3525653733333334
67,0.3701772600775194
68,0.36308986145038163
69,0.36874698661417316
70,0.3916527140495868
71,0.3773966007936508
72,0.38545286733870976
73,0.4049253394067796
74,0.3936207280991735
75,0.3993076781512605
76,0.40395468262711864
77,0.4091103047413794
78,0.41247253491379315
79,0.4190279342105264
80,0.4244778522522522
81,0.4279882468468469
82,0.43599606681818187
83,0.4412526990566038
84,0.44318584537037037
85,0.451654733490566
86,0.47325866831683167
87,0.4587619271428571
88,0.46689512621359214
89,0.4913526639175258
90,0.47485837
91,0.484106411734694
92,0.5062167844086021
93,0.4912694458762887
94,0.5012312094736843
95,0.5256951505555556
96,0.507236829032258
97,0.5195331739130435
98,0.5413310943181819
99,0.5310955122222222
100,0.5359898215873016
101,0.5613306035294117
102,0.546646983908046
103,0.5517334568965518
104,0.5775459826923076
105,0.562039614117647
106,0.5679636345238095
107,0.5987249856250001
108,0.5812927109756097
109,0.5785665140243902
110,0.6108709987012988
111,0.5992469556250001
112,0.5943546375000002
113,0.629336209868421
114,0.6168601337662336
115,0.6110807582278481
116,0.6440134310810811
117,0.6320892953947368
118,0.6243812168831169
119,0.641494460638298
120,0.6459859932432431
121,0.6392221361702127
122,0.6571078493055555
123,0.6625353624999999
124,0.6548501619565218
125,0.6744031894366198
126,0.6815635986555698
127,0.6737965544444444
128,0.6932462268115942
129,0.7222021507575758
130,0.6918606057971015
131,0.7139323052238806
132,0.7451052625
133,0.7082385641791045
134,0.7269600757575759
135,0.75907625
136,0.7218536553030304
137,0.7420846843749999
138,0.7746920128205127
139,0.7519102975
140,0.7570710499999999
141,0.7906549067796611
142,0.7676380801587303
143,0.7725570961538462
144,0.8067258338983051
145,0.7827749155737704
146,0.7881068532786886
147,0.82346175
148,0.8007001381578948
149,0.8069064330508474
150,0.8407747444444443
151,0.8181339770270271
152,0.8046149245762712
153,0.8566295383928572
154,0.832728651724138
155,0.8204248337837837
156,0.8739147157142857
157,0.8479785180555555
158,0.8364331347222225
159,0.8906085955882355
160,0.8659500957142856
161,0.8528175026785714
162,0.8757731527272727
163,0.8820257221657755
164,0.8683248099999998
165,0.8947055735294117
166,0.9000024490566038
167,0.8856365529411765
168,0.9110640409090909
169,0.916477096969697
170,0.9007160603773585
171,0.9261715969696972
172,0.9640350689999998
173,0.9175796727272728
174,0.9455207390624999
175,0.9813604419354838
176,0.9333504901960785
177,0.9639399110000001
178,0.99906121875
179,0.9501731790000001
180,0.9817373419354839
181,1.0157503489130433
182,0.9937283802083335
183,0.99842878125
184,1.0334497456521738
185,1.0060253183333332
186,1.01089704
187,1.0493072362068967
188,1.0228503967391303
189,1.029183279347826
190,1.0666499922222223
191,1.0417008413793107
192,1.0486564362068964
193,1.0867674607142856
194,1.0626852433333331
195,1.0378680999999998
196,1.1081520186046514
197,1.0842339107142855
198,1.0566491120689654
199,1.1252479925925922
200,1.0992933125000002
