1,0.0016965218437815447
2,0.0017183336535774175
3,0.0020139522757147547
4,0.0021350192762297324
5,0.0024309329100614687
6,0.0025735066670171934
7,0.0028533528051748083
8,0.0031025409073457905
9,0.003239655455274769
10,0.0033626270268395874
11,0.003487806603773585
12,0.0036147383600037847
13,0.0037463667557864166
14,0.00391065859556358
15,0.0040899851741751795
16,0.003893057207207207
17,0.004194895177070415
18,0.004369753078546926
19,0.004611866127340824
20,0.005924607657745653
21,0.007988232713724206
22,0.010584592086330934
23,0.01176937261038331
24,0.012310185306795136
25,0.013129735277413715
26,0.014170113224893914
27,0.015523318313667088
28,0.016401062849740928
29,0.017033127928647498
30,0.017841067113910185
31,0.01827224683544304
32,0.018822224856486797
33,0.019640745622394283
34,0.020224373860182367
35,0.020832307611386137
36,0.021359478104179288
37,0.02179464688513952
38,0.022597448141891897
39,0.023289983421052634
40,0.023528262533244682
41,0.024034784155405404
42,0.024527796497498217
43,0.024997953023407026
44,0.025737323101719202
45,0.026494857703081236
46,0.02702412805810398
47,0.027484508537490713
48,0.027892719080459764
49,0.028442228571428564
50,0.02891084731060606
51,0.029566511334405143
52,0.03034249894366197
53,0.031060824959546922
54,0.03165880760608486
55,0.0322221270742358
56,0.032760203875000005
57,0.03332606541554959
58,0.03372929317010309
59,0.03455558472468916
60,0.03538743344066237
61,0.034421408911325724
62,0.03493669239526412
63,0.03542892730593608
64,0.035956026792279404
65,0.03654938438368859
66,0.03717024833808167
67,0.037728804206500946
68,0.038492858871745424
69,0.039170321770091554
70,0.039498174703557314
71,0.040101296337741614
72,0.04068327505470459
73,0.041169947393117835
74,0.04183601181434599
75,0.042500106470588245
76,0.0430374090809628
77,0.04365895862808146
78,0.04418958202433629
79,0.044791798709677415
80,0.04522304081858407
81,0.04582216100230414
82,0.046451414848143975
83,0.046644311569767435
84,0.04719839142045455
85,0.047745876436781604
86,0.04827324868891539
87,0.04877413471376371
88,0.04928627100840336
89,0.0499283475925926
90,0.0506204144785276
91,0.052042771717171726
92,0.052590783206590615
93,0.05319985096649485
94,0.05385426675224647
95,0.054386043800000006
96,0.05495182736842105
97,0.05561712700000001
98,0.055770119199999996
99,0.056329481249999994
100,0.05692791549586776
101,0.0576916394414169
102,0.05821802995780591
103,0.058717582042253524
104,0.05927281814868804
105,0.06007986756559766
106,0.0642478538748137
107,0.0646324842620482
108,0.06532697929447853
109,0.06595628255086072
110,0.06672479057052297
111,0.06720884146153847
112,0.06809207538940809
113,0.06821446745788667
114,0.06912227662866449
115,0.0697531046416938
116,0.07040495271381578
117,0.07097920716586151
118,0.07177196683087027
119,0.07215660394957982
120,0.0730565870528109
121,0.07669361695804197
122,0.07689101571936056
123,0.07727819456327986
124,0.07771973664259928
125,0.07817042116788323
126,0.07888347214022139
127,0.07952984683544302
128,0.07882092985347984
129,0.08168362959770115
130,0.08196063977900553
131,0.08250434523809523
132,0.08290870809523808
133,0.08333167371428572
134,0.08398525986590039
135,0.08479088520992366
136,0.08344385733082708
137,0.08399271383177569
138,0.08417977865612647
139,0.08454208071705427
140,0.08498187362428843
141,0.08523619518304432
142,0.0858813088469185
143,0.08662326445086704
144,0.09019004221311476
145,0.09042290811088295
146,0.0906960369168357
147,0.09134983798767966
148,0.09176539263485478
149,0.09210884024640659
150,0.09266928039832285
151,0.08825485795677798
152,0.08873383446893787
153,0.08928487616161615
154,0.08968708507014027
155,0.09012687634854771
156,0.09065098034623216
157,0.09120595274949084
158,0.0919973645962733
159,0.09235012855648535
160,0.09286979832285114
161,0.09328225426439232
162,0.09373369047109208
163,0.09416745084745763
164,0.09458269797441364
165,0.0951699980263158
166,0.09603327209051725
167,0.09649773667400881
168,0.09712126006564552
169,0.09767345689277901
170,0.09825531759465478
171,0.0984464153587444
172,0.09891088634361234
173,0.09962601568848758
174,0.09900031984126983
175,0.09967868769401331
176,0.10008378245033114
177,0.1006081605855856
178,0.10107371407657659
179,0.10144204263038549
180,0.10191683832199547
181,0.10097008243243241
182,0.10155359098173515
183,0.10212682735632185
184,0.10279895868055557
185,0.10338839197247707
186,0.10385892768691589
187,0.10446960472813238
188,0.10513276527446298
189,0.10726449022004887
190,0.10790137959427208
191,0.10859608361650483
192,0.10927150587529974
193,0.10959871990049751
194,0.11007860436893205
195,0.11074614484029484
196,0.11232782960687959
197,0.11277507531328321
198,0.11341364631979695
199,0.11390195099502487
200,0.1142725638324873
