1,0.0017348013523195412
2,0.0017377794968667815
3,0.001721576541417592
4,0.0017608952676769814
5,0.001743290290724669
6,0.0017257684135697639
7,0.0017390516553961615
8,0.0017282993396461502
9,0.0017290466212239541
10,0.0017709604936021292
11,0.001729625813978533
12,0.0017246134321685326
13,0.0017298178064167268
14,0.0017520921780856515
15,0.0017343982395252653
16,0.001724265323040719
17,0.0017377097724955658
18,0.001733932186891629
19,0.0017377085363153232
20,0.0017323217368888887
21,0.001720204771657504
22,0.001747423797716732
23,0.001728027859480062
24,0.0017495100609658243
25,0.0017213694249341531
26,0.00172533506695233
27,0.0017600792200043393
28,0.0017342968897312789
29,0.0017329424530667815
30,0.0017296474043814616
31,0.0017201713098127286
32,0.001807232763408327
33,0.0017314517025963242
34,0.0017334845261537358
35,0.0017356972907473056
36,0.0017785351303579318
37,0.0019016093175495067
38,0.001893265463231263
39,0.0019327977423037558
40,0.001910985094920472
41,0.001939674515086207
42,0.0019484573090500644
43,0.001952661748358774
44,0.001986437153662747
45,0.0020490005333388245
46,0.0020057017518880773
47,0.0020654975933713615
48,0.0020426174203237108
49,0.00202410914753552
50,0.002030272276688453
51,0.0020351381033611323
52,0.0020616697862121287
53,0.0020438581797089217
54,0.0020385890279296715
55,0.0021280138675177545
56,0.0020502516498373397
57,0.0020524786544005424
58,0.0020532876094404265
59,0.0020605128690819622
60,0.0020624725774822015
61,0.0020718452071583618
62,0.0020689307815366237
63,0.0020724747736010256
64,0.002076161496541606
65,0.002142244770527673
66,0.002084082282126006
67,0.002094673552585757
68,0.002102065147447279
69,0.002109644886659719
70,0.0021088496258103813
71,0.0021503398401531222
72,0.0022173509860403283
73,0.002345298888995999
74,0.002339787576907972
75,0.002378519075130298
76,0.00238446706819411
77,0.0023941886550267084
78,0.0024113803621100736
79,0.0024067840938200445
80,0.002424009542405127
81,0.0024400788970217057
82,0.0024521002106598984
83,0.0024608857081042552
84,0.002465521792515444
85,0.0024743074993601234
86,0.0024835726712856047
87,0.002487928672425318
88,0.002493342680290317
89,0.0025030824019607848
90,0.0025038870951103777
91,0.0025077348392657265
92,0.002511995404231108
93,0.0025129914925622597
94,0.002521546226811047
95,0.002526196815661234
96,0.00253295515368421
97,0.0025397758573023556
98,0.0025469832300506813
99,0.0025468742671760753
100,0.002568218925406204
101,0.002578253651072437
102,0.0025805665868327216
103,0.0026089095724757877
104,0.0026022140957303614
105,0.0026195981858550847
106,0.0026629451090207164
107,0.0026403216084107052
108,0.0026743546992999277
109,0.002783503925798102
110,0.002844968121019108
111,0.0028134233844277993
112,0.002837470043470044
113,0.002862577422886519
114,0.002870897249526291
115,0.002901467759937925
116,0.0029201173363811355
117,0.0029281036857145013
118,0.0029231294481676024
119,0.0029451379577807523
120,0.002946020562875706
121,0.002956604913224151
122,0.0029574098809160305
123,0.002962364506463179
124,0.002969597587791507
125,0.0029821502207099506
126,0.0029867865163993607
127,0.0029876727385154617
128,0.0028714836747948283
129,0.0030036742246486764
130,0.003002736888100027
131,0.0030186767906110945
132,0.0030276764002398703
133,0.0030480626569957298
134,0.0030478120814044665
135,0.003054977291836607
136,0.0030208179502723737
137,0.00308746625
138,0.0030295598752792256
139,0.0030186740510248313
140,0.0030179742272681805
141,0.0030239970090925553
142,0.00302615351546806
143,0.003037575700850731
144,0.003056354670053946
145,0.0030571084316555787
146,0.0030860356895466
147,0.003065091403056412
148,0.0030835097203770483
149,0.0031036898609612088
150,0.0030990938557973785
151,0.0031114217008797657
152,0.003112305225070136
153,0.003125502750032014
154,0.003149550051160709
155,0.00313240071712127
156,0.003145254515790727
157,0.0031452280807109036
158,0.003149714702615834
159,0.0031769305383418604
160,0.003184809935720186
161,0.0031865234135322546
162,0.0031877448173486317
163,0.0031904232986969577
164,0.0032191947277016844
165,0.0032191290162098046
166,0.0032399444967510936
167,0.003264955356312678
168,0.003266175518893028
169,0.003267341772278549
170,0.003276289060519117
171,0.0032824084042624496
172,0.0032748782146439326
173,0.003274937906633577
174,0.0032744240579321445
175,0.0032850075510341124
176,0.0032917544757549264
177,0.003312672660346914
178,0.0033150532935079533
179,0.003328677921248279
180,0.0033138350090313727
181,0.003334181801772235
182,0.003317060134247617
183,0.0033404412158454955
184,0.0033615329974672386
185,0.003345073501272612
186,0.0033551515291994527
187,0.003335037235748168
188,0.003355679839484155
189,0.0033732430690343452
190,0.003375101565956858
191,0.0034063308857162668
192,0.0033843723305349337
193,0.0034201877457450507
194,0.0034014075019173115
195,0.0034303819536539402
196,0.003415072809657103
197,0.0034413670548328434
198,0.003443828367003367
199,0.0034434228673734467
200,0.0034494732843179353
