1,0.0017344443965214948
2,0.001686777511228645
3,0.0016965998537146042
4,0.0016877697563675792
5,0.0017917788139858379
6,0.0016893550618238022
7,0.0016895772573488226
8,0.0017404651469021155
9,0.0016852403091222757
10,0.0017077866561759608
11,0.001709121828465296
12,0.0016816407435987374
13,0.0017388553937694657
14,0.0016829207551455427
15,0.0017110302198002508
16,0.0016776380545889516
17,0.0016866690528265845
18,0.0017002222212621828
19,0.0017168974909760066
20,0.0016804708179593967
21,0.0016817134007495935
22,0.0016880812143750868
23,0.0016843904390023306
24,0.0017091599161460195
25,0.0016822888334265722
26,0.0016848891837453386
27,0.0016775739201652245
28,0.0016790157564288493
29,0.0016818167339335609
30,0.0016859776663993584
31,0.0016820860608826936
32,0.0016821712119547306
33,0.0016855486348987753
34,0.0016837651752423567
35,0.0016810093367862515
36,0.0017219384537904225
37,0.0016745617622710494
38,0.0016898325882292607
39,0.0016823648120672604
40,0.0016918460333666615
41,0.0017186674116862139
42,0.0016962534092121644
43,0.001700025020832176
44,0.0016813868736288613
45,0.0016941362740274801
46,0.0016918268892672987
47,0.0017022399025608554
48,0.0016737924327394054
49,0.001679318086444666
50,0.001689569604125319
51,0.001691651914342488
52,0.001701342158025036
53,0.0016783584690324624
54,0.0016763547671918505
55,0.001696569762776292
56,0.0016779964762458925
57,0.0016961628774454208
58,0.0016781518139956742
59,0.0016796137423424277
60,0.0017226016598379742
61,0.0016771234099398893
62,0.0017498953688312648
63,0.0016773546797241574
64,0.0017666204396347195
65,0.0016872238819950311
66,0.0016868128156476096
67,0.001691592033713131
68,0.0016974974541267636
69,0.00169036200359762
70,0.001663895316460152
71,0.0016854824059861857
72,0.0016800958912881077
73,0.0016852123130833014
74,0.0017366421984493553
75,0.0016755942872062667
76,0.0016880055751787308
77,0.001661820430870393
78,0.0016917654782488418
79,0.001681943833742048
80,0.0016807464075350078
81,0.0016757462301462945
82,0.0016831085210274746
83,0.0016784695107797277
84,0.0016721801964391073
85,0.0016779944950233504
86,0.001676200036205648
87,0.0016886775868147365
88,0.0017115163886600772
89,0.0016695530837384078
90,0.0016764697213160265
91,0.0016737353785401155
92,0.0016994497626554254
93,0.0016782748785211267
94,0.0016941169760607798
95,0.0016940455208586612
96,0.0016825503694113584
97,0.0016928508278203642
98,0.0016735448015789106
99,0.0016826095152569463
100,0.0016898184575096327
