1,0.0016837734190381425
2,0.0016957553596041706
3,0.001690401708340178
4,0.0017000452121461022
5,0.0016831165456755823
6,0.001694517532936293
7,0.0016866595743176356
8,0.0016849936672254772
9,0.0017033814636100758
10,0.0016909099511657564
11,0.0017092557539960741
12,0.0016813039955400277
13,0.0016844391437836343
14,0.0016753878913045696
15,0.0016864782782523393
16,0.0016781840768037236
17,0.001685609073329685
18,0.0016776090553803015
19,0.0016873532218386702
20,0.0016932038363597552
21,0.001679661868067281
22,0.0017072515224608802
23,0.0016827686142352513
24,0.0016781696082223576
25,0.001691628992491706
26,0.0016946987248250632
27,0.0017198260711811253
28,0.0016775710825558884
29,0.0016896632913599064
30,0.001736060452155626
31,0.0016902948266563713
32,0.0016852031085738157
33,0.001680775320296696
34,0.001709890434339324
35,0.0016804639999298688
36,0.0016888746570995442
37,0.0016818095395555554
38,0.001699469944928528
39,0.0016815857337335943
40,0.0016681734695652174
41,0.0016970594948072524
42,0.001675957452668848
43,0.0017333921539327028
44,0.0016798761716814161
45,0.001689064741328117
46,0.0016810709594136915
47,0.0016876101623364162
48,0.001722306540442788
49,0.0016868907824633492
50,0.001692495753367297
51,0.0016871712265793689
52,0.0016735010309821554
53,0.0016819094054769008
54,0.0016691185999507892
55,0.001698698458246788
56,0.0016816167989185775
57,0.0017078573275763152
58,0.0016877578774774774
59,0.0016802453235776902
60,0.0017050147276312549
61,0.0016774555168691896
62,0.001695866939682099
63,0.0016904893524267422
64,0.0016746831325809264
65,0.001685628041439171
66,0.0016816749457928236
67,0.0016826072130183656
68,0.0016831731894594976
69,0.0016871738308566436
70,0.001691133364188906
71,0.0016884307521147124
72,0.001681378947553184
73,0.0016949587970958306
74,0.0016814480616935258
75,0.0017125495261403874
76,0.0017177319176104819
77,0.0016805929969429707
78,0.0016801046974244433
79,0.0016943239212040414
80,0.0016875854735691335
81,0.001684730551315276
82,0.0017091875630031873
83,0.0016877443422365066
84,0.0017082530883271991
85,0.001698415691262491
86,0.0016946865773973198
87,0.0016856553085671502
88,0.0016849193050652612
89,0.001684481574988077
90,0.0016742212888693551
91,0.0017105534665489068
92,0.0016857994929360752
93,0.0016909952217783596
94,0.0016811641719407986
95,0.0016804153526970957
96,0.0016809491082735333
97,0.0017049686100227839
98,0.001689704745312759
99,0.0016798722882012968
100,0.0016972082303955923
