1,0.0016865651613439787
2,0.0017364649886715162
3,0.0016822186726951464
4,0.001693145382327209
5,0.0016809755863277825
6,0.0016984557243505064
7,0.0017166518594678194
8,0.0016925411271192356
9,0.0017105650269470566
10,0.0017138936256565203
11,0.0016749009982261484
12,0.0016749027597742006
13,0.0016903038104122562
14,0.0016700950978998615
15,0.0016795804408923241
16,0.0016746368981884726
17,0.0016869579821024141
18,0.001684299159967653
19,0.001669754789415903
20,0.0016804738936348996
21,0.0017456058624975384
22,0.0016817578630558417
23,0.0016691116077251068
24,0.0016919742347360075
25,0.0017051893008820649
26,0.001677311057977591
27,0.0016784797250798157
28,0.0016826490439339253
29,0.001676252790884625
30,0.0016791720986274578
31,0.0016744221550311945
32,0.001694278565675666
33,0.0017123365240491186
34,0.0016772343806042214
35,0.0016870662770381239
36,0.0016831370387807767
37,0.001679145999008604
38,0.0016848714064969272
39,0.0016823274837119212
40,0.0016976859807631107
41,0.0016845026092445815
42,0.0016796795276890898
43,0.001696590645387583
44,0.001687604533634822
45,0.001689117951271607
46,0.0016978034691190874
47,0.0016910388112740828
48,0.0016832004108001826
49,0.0016971820307084434
50,0.001684074806296673
51,0.001695483808356715
52,0.001679084455004559
53,0.0016684849527310922
54,0.0016869973945737608
55,0.0016718648898227278
56,0.0016773350117754578
57,0.0017565149465271525
58,0.00167547520605347
59,0.0016724201370090055
60,0.0016866065600901438
61,0.001686729214307991
62,0.0016910699715526527
63,0.0016730869213839883
64,0.0016764653769529199
65,0.0016750189144153725
66,0.0016868750769763016
67,0.0016729832103255877
68,0.001674177192406114
69,0.0016808477421167219
70,0.0016691981977899396
71,0.0016700273919943575
72,0.001670378477039401
73,0.001852755088267816
74,0.0018869912168141816
75,0.0018888581997107466
76,0.0019162975436326619
77,0.0019228260321556172
78,0.0019293871534322535
79,0.001938624386435521
80,0.001952065330919332
81,0.0019510960623412236
82,0.0019481028296957266
83,0.0019608266609949764
84,0.0019636210392029807
85,0.0019707057047661618
86,0.001968094908122612
87,0.0019841975535918837
88,0.002007798563513236
89,0.001992299582802417
90,0.001999477459165154
91,0.0020001087789881977
92,0.0020048612569774655
93,0.0020134482859514424
94,0.0020189344758983706
95,0.0020158960303282092
96,0.002015401972726895
97,0.0020197019584965413
98,0.002015600143941025
99,0.0020264149568192252
100,0.002027207387884873
