1,0.001683470876170288
2,0.001679725889036964
3,0.0016860951445167125
4,0.0016874062826399358
5,0.0016922265312621636
6,0.0016760148005918825
7,0.0016865222604173936
8,0.0016900690646234919
9,0.0016871592446448707
10,0.0016764440627114164
11,0.0017006782043487592
12,0.0016715156417583968
13,0.0016764818580390253
14,0.0016830766488002272
15,0.001686415824357912
16,0.001686423157616361
17,0.0017075757359140084
18,0.0017347472035016518
19,0.0016953918129683709
20,0.0017344748071663975
21,0.00169507943361293
22,0.0016849774144179013
23,0.0016818861048150812
24,0.0016918062471571688
25,0.0016929731425436268
26,0.0016851289946077576
27,0.001680977906610152
28,0.0016864129534583292
29,0.001675649054134236
30,0.0016712374459323855
31,0.0016738212307018502
32,0.0016730957854273444
33,0.0016774191334160038
34,0.0018866930990241438
35,0.0019050175453328105
36,0.0019319010130015152
37,0.0019538154795458204
38,0.0019568932260282286
39,0.001962393156271558
40,0.001982538878432014
41,0.001991325784910002
42,0.0020017791104509635
43,0.0020098363747665495
44,0.002011636943971425
45,0.0020122628983663634
46,0.0020256679496267875
47,0.002031775018852116
48,0.0020840300770468964
49,0.002053695569230769
50,0.0020603644342276814
51,0.002063309283921202
52,0.0020713816426472646
53,0.0020777944470608384
54,0.002083406933284672
55,0.0020869154785450165
56,0.002093785817255816
57,0.002093109473229707
58,0.0021100189033126378
59,0.0021076634333550776
60,0.0021167380815987403
61,0.0021220399454609435
62,0.0021284450486120277
63,0.0021326387877853175
64,0.0021388896511319415
65,0.002144059536470797
66,0.0021548945483698557
67,0.0023029728341789563
68,0.0023261160506741047
69,0.0023447686823034365
70,0.0023736837506845225
71,0.0023846492097204385
72,0.002394579727516379
73,0.0024083496364558678
74,0.002417852955159644
75,0.0024414285061740795
76,0.0024295009865943668
77,0.002438902102533112
78,0.002446022217457114
79,0.0024556321336370542
80,0.002466152211057308
81,0.002473772934496379
82,0.0024844226776859503
83,0.0024912177615773346
84,0.0025010281778073754
85,0.002511162392609461
86,0.002521503400104058
87,0.00252430861196599
88,0.002529246253270539
89,0.0025634611082015297
90,0.0025600726079392693
91,0.0025513493483620988
92,0.0025596873901069803
93,0.0025687559345446815
94,0.002574250460449271
95,0.0025825362098409648
96,0.0025891318816169393
97,0.0025960289398971504
98,0.00260989182075494
99,0.0026133658434504903
100,0.0026474299401197604
