1,0.0017092888181400121
2,0.0017019169672586013
3,0.0016905515917602996
4,0.0016722991806112574
5,0.0016751974356711728
6,0.001694871119726181
7,0.001680536917253521
8,0.0016828132580532214
9,0.0016883230562253207
10,0.001698061361057931
11,0.0016906130494650992
12,0.001696048155394075
13,0.0016773806280089103
14,0.0016790673706533934
15,0.0016889275766040618
16,0.0016808521052260384
17,0.001686847687660579
18,0.0016960778031714777
19,0.0016872137869890181
20,0.0016784464127500523
21,0.001812704294283037
22,0.001921297859736289
23,0.001956967283402607
24,0.001967601131230926
25,0.001988423180941437
26,0.0020099224414992746
27,0.0020228968640820318
28,0.0020262086456896908
29,0.002037794897538111
30,0.002060700775672707
31,0.0020719719986357433
32,0.00207948577576881
33,0.0020959174491284116
34,0.0021023521176013475
35,0.0021205237193088816
36,0.00210638980970587
37,0.0021129097484276728
38,0.0021245482127940207
39,0.002136331467155866
40,0.0021478264932818947
41,0.0021604114941244806
42,0.002244553479919129
43,0.0023430823543178097
44,0.00238590331585975
45,0.0023993150589229776
46,0.002418667722692867
47,0.002447151641783517
48,0.0024414681375271364
49,0.0024571161983261477
50,0.002474530720714723
51,0.002488422190964753
52,0.002501037465690759
53,0.002517747675490032
54,0.002543734599321326
55,0.0025420476049162243
56,0.0025477129264953667
57,0.002564860305505463
58,0.0025786031583440033
59,0.002583435903942729
60,0.002594621669436552
61,0.0026204065145965746
62,0.002626170547033436
63,0.002672171513197774
64,0.0027741183350216414
65,0.0028091044201098677
66,0.002835024608435502
67,0.0028585454849597344
68,0.002864450293333333
69,0.0028854037322768975
70,0.0029030165561294446
71,0.002925097215472835
72,0.002934055381012782
73,0.002938949413030718
74,0.00295818731097561
75,0.002979613768322369
76,0.0029796783884475644
77,0.003005841603855183
78,0.0030061994347475004
79,0.003015996597070739
80,0.003028917983549352
81,0.003025583340612716
82,0.0030272803365332273
83,0.0030334035866166355
84,0.003041862529561579
85,0.003051599425988012
86,0.0030838522029372497
87,0.0031133601957375567
88,0.0031325205098268146
89,0.003145628626202235
90,0.0031572569594682655
91,0.0031683195211966815
92,0.0031822610763852107
93,0.0031890835190491354
94,0.003200720056376982
95,0.003208663475479744
96,0.0032216570349335614
97,0.003231822934151066
98,0.0032432613971070333
99,0.0032563651226066507
100,0.0032652335134040113
