1,0.003025522444402325
2,0.0030275746693497595
3,0.00306354005163432
4,0.0033741566626861474
5,0.003020643838138026
6,0.0029320863102848538
7,0.0030697960850184117
8,0.0030700453078383507
9,0.0030450673286260845
10,0.003345882630727004
11,0.0029853277729230384
12,0.0030022164146446817
13,0.003038961729898094
14,0.003017748716649559
15,0.0029557022207768974
16,0.0030635353239733703
17,0.002984012900854283
18,0.0030944593274438996
19,0.0032380172580992747
20,0.002976595619563847
21,0.0029879754953941917
22,0.003076364415979158
23,0.0030009166150743736
24,0.002980936872979051
25,0.0030260691284347743
26,0.0030234358715831256
27,0.0030418268353619472
28,0.003125482233365377
29,0.003016098308969732
30,0.0030229430928898344
31,0.003029651919910426
32,0.002968555968586387
33,0.002982217025416187
34,0.003023246140743625
35,0.003039771302214964
36,0.0030720013391098856
37,0.00300031548063391
38,0.003047103426282051
39,0.003085331304905735
40,0.00303163545730722
41,0.0030029373926967803
42,0.0030261213424851766
43,0.0030150609935628995
44,0.0030511058741700915
45,0.0030251389973353165
46,0.0030296180156172536
47,0.0030406379040404034
48,0.003058014692036092
49,0.0030708630704486474
50,0.003012407093238162
51,0.0029941650344037568
52,0.003011261761118938
53,0.0030750757815180014
54,0.003048734403919947
55,0.0030136732793772394
56,0.003051659257622625
57,0.003030430831984058
58,0.003333521063036274
59,0.0030206676711875624
60,0.002995444598332856
61,0.0033718319039571895
62,0.002961520957882511
63,0.0030548564966774625
64,0.0029644580352195062
65,0.00306410721159855
66,0.003069237586228326
67,0.003033557540307916
68,0.003075494298003072
69,0.0029695945716466327
70,0.003006602579008222
71,0.0029845502329870883
72,0.0029953186040078683
73,0.003003547978369927
74,0.003038575595386534
75,0.0030305642004620124
76,0.0030287978700290945
77,0.0030217588789620757
78,0.0030058527946247443
79,0.003021145491204674
80,0.0030541857474211073
81,0.003052157566359877
82,0.0030245613819944194
83,0.0030345614452563863
84,0.003363289331324853
85,0.0030202126823722602
86,0.002991874710240639
87,0.0030529571229546628
88,0.0034065249005762062
89,0.0029817874358031896
90,0.0029601382684992022
91,0.002967745584786054
92,0.0030222682414946665
93,0.0029969647420864435
94,0.0030084525286738733
95,0.002986754997220335
96,0.0029986597735179553
97,0.0034185396785714286
98,0.0030303651047303747
99,0.0030591780360161224
100,0.0029697664442145263
