1,0.003037928059928898
2,0.003024860598526703
3,0.0030652584700289268
4,0.0030172470390565555
5,0.003015654296621748
6,0.0030356939170448813
7,0.002991702076422557
8,0.003023397802233688
9,0.0030182385328286123
10,0.0030427295739506133
11,0.003040438269033507
12,0.0029645011431316047
13,0.0030464139431069515
14,0.0030375289466005252
15,0.0029776260232843134
16,0.0030493710294537666
17,0.0030170805526322547
18,0.0030411001204208392
19,0.003021477088639837
20,0.0030827536246280816
21,0.003054825852868306
22,0.00300959585507062
23,0.003013279351023218
24,0.0030287471255010024
25,0.0030874449599493235
26,0.0030382167596190003
27,0.0030396775767663198
28,0.00303935957905493
29,0.0030220577589044704
30,0.0030515315028535194
31,0.0030204632005337404
32,0.002986276049636726
33,0.0030468464333439386
34,0.00297177553542017
35,0.0030235930435336044
36,0.0030562392055415175
37,0.0030175697955456336
38,0.002992732392216711
39,0.0029929380273836814
40,0.003010397382873655
41,0.002998106676980198
42,0.0030945523178000835
43,0.0030059716819530284
44,0.0030075367591465368
45,0.003040039462637073
46,0.0029975990340620237
47,0.0029993660750632176
48,0.003011086105450841
49,0.0029910475465477118
50,0.0029904865039810367
51,0.003063831584692436
52,0.003054627518903301
53,0.0029808852804040927
54,0.002993301096604065
55,0.003015620117942769
56,0.0030101566046039268
57,0.003003316251780296
58,0.0029888038435440093
59,0.0030065926611578635
60,0.0030232998392901553
61,0.003092040595265884
62,0.003026433578292821
63,0.0030044534939070834
64,0.003021529443402126
65,0.0030324732573517982
66,0.003053865781498957
67,0.0030156332133995036
68,0.003019170425339836
69,0.0030287541947127106
70,0.0030181140056727437
71,0.003008268966498104
72,0.003014453455768807
73,0.0030235149216426877
74,0.0029830826488706362
75,0.003078738796302324
76,0.003061660765613617
77,0.003058798443909109
78,0.003073296830655748
79,0.002981719052878109
80,0.0029670469399179
81,0.003388487332086968
82,0.0029891580268918074
83,0.003001762660957818
84,0.0030266559697701002
85,0.0030317751578056874
86,0.003066237370995845
87,0.003038470580902518
88,0.0029838313882024963
89,0.003044449436951266
90,0.003060527767333627
91,0.003045524106678591
92,0.0029815958547966624
93,0.0030239249143957534
94,0.0030239200540578487
95,0.0030673827728632756
96,0.0030289572610051004
97,0.0030249318484946584
98,0.003068884358843429
99,0.0030385238842244805
100,0.0030479092241379314
