1,0.0030595215421541635
2,0.002975386356000747
3,0.0029981976267735577
4,0.003358330570328902
5,0.0029654573427890045
6,0.003002075149325626
7,0.0029957474042999477
8,0.003072424226448561
9,0.003010459021275489
10,0.003082184640998967
11,0.002999342122545269
12,0.0030144644792255955
13,0.003082968131427498
14,0.003031955056429115
15,0.0030234284964188313
16,0.0030367388380281688
17,0.002988329804305449
18,0.0030020586094200575
19,0.003036456617614874
20,0.003017755033204024
21,0.003011089279874214
22,0.0030191782079932385
23,0.0030557106108039696
24,0.003012840118163236
25,0.0030031003751007502
26,0.0030336521296237345
27,0.0030172940972667778
28,0.0030330311486708233
29,0.003376369479048698
30,0.003036180893590148
31,0.003057680740625
32,0.002998465129736793
33,0.002976201196127004
34,0.0029765339145653726
35,0.003043807508282365
36,0.0030085389372163387
37,0.0030482649060563664
38,0.0030389284706603967
39,0.0030566523285244242
40,0.0029838725066195938
41,0.0030081533382728238
42,0.003040402744259171
43,0.0030153484648925283
44,0.0030253044661417328
45,0.0030064695706768407
46,0.003083344719354333
47,0.0030370068428946383
48,0.0030420460179438336
49,0.003030271249760521
50,0.0030460020557911923
51,0.0030100820164170685
52,0.0030223513207547174
53,0.0029643353675092112
54,0.0030059861743493258
55,0.0029750953497688745
56,0.0030614242787286067
57,0.002998217738478028
58,0.0030052345714994422
59,0.003021688759474154
60,0.0030181083761361663
61,0.003037534314807999
62,0.003024221891628303
63,0.003092444989578426
64,0.0030339450537563923
65,0.0031010338387124185
66,0.0030081015310641744
67,0.0033907368497509685
68,0.0030781009667856904
69,0.0030787774986383437
70,0.0029592959023912913
71,0.002983858945325138
72,0.003008813163256955
73,0.003030194180600789
74,0.0029972407111875047
75,0.003006426317476226
76,0.0029829683606869017
77,0.003007312581834361
78,0.00306628682329876
79,0.0029896129629447547
80,0.00298885862297357
81,0.0030489857555156493
82,0.003042172692550505
83,0.0029795995525449034
84,0.0029926395693426157
85,0.0029771315364475544
86,0.002972522582697201
87,0.0030310226525232234
88,0.00298624320768769
89,0.0030372464437550136
90,0.002979790432581109
91,0.0031003570242781275
92,0.003216379741714715
93,0.002952195380254121
94,0.002969631947005727
95,0.003031006984313375
96,0.0034388278473763334
97,0.0032365141759180187
98,0.002977507054929563
99,0.003007961330946355
100,0.002996999768899582
