1,10.373472
2,152.298571
3,220.290279
4,288.385947
5,356.321436
6,426.018199
7,490.255358
8,557.961938
9,629.98819
10,697.657299
11,766.835475
12,835.483362
13,904.422342
14,975.682559
15,1048.306206
16,1116.733814
17,1188.801965
18,1258.425137
19,1327.618571
20,1398.419793
21,1467.64036
22,1537.33768
23,1606.616875
24,1675.732794
25,1749.095764
26,1822.760672
27,1896.559882
28,1967.943226
29,2037.225545
30,2107.561464
31,2177.106289
32,2246.17527
33,2323.317099
34,2393.616229
35,2464.763279
36,2534.555499
37,2605.433467
38,2677.168045
39,2746.601287
40,2816.943779
41,2888.48818
42,2956.753984
43,3027.969003
44,3101.17059
45,3172.75282
46,3242.966329
47,3314.260711
48,3385.119524
49,3458.472059
50,3529.172687
51,3599.295213
52,3672.462407
53,3744.345065
54,3816.667251
55,3886.935519
56,3955.581532
57,4027.269464
58,4098.871743
59,4170.81905
60,4242.498808
61,4314.623401
62,4388.22257
63,4457.577682
64,4529.038075
65,4600.780314
66,4671.990602
67,4742.200589
68,4809.124764
69,4886.067321
70,4957.015319
71,5026.549244
72,5095.846191
73,5169.217901
74,5241.777433
75,5308.70247
76,5379.93039
77,5452.974617
78,5528.832419
79,5603.735564
80,5673.242953
81,5746.340834
82,5814.618145
83,5888.490774
84,5958.160168
85,6034.700501
86,6109.714152
87,6182.488114
88,6251.959955
89,6322.812772
90,6394.649419
91,6464.393911
92,6536.323549
93,6600.642002
94,6675.622916
95,6748.840288
96,6825.427637
97,6909.173385
98,6981.72396
99,7053.179162
100,7127.783173
101,7201.143878
102,7272.266253
103,7349.862042
104,7424.919201
105,7497.499532
106,7567.523156
107,7641.853007
108,7711.687159
109,7789.044503
110,7859.359254
111,7932.110465
112,8004.903408999999
113,8086.412766
114,8154.509721
115,8218.011614
116,8285.61908
117,8355.023916
118,8442.039529
119,8503.780498
120,8595.415412
121,8684.242965
122,8756.978078
123,8818.203455
124,8891.933601
125,8979.227172
126,9074.608924
127,9127.374005
128,9186.461978
