1,10.37366
2,163.433968
3,223.243945
4,288.627507
5,356.80633
6,426.108057
7,490.862276
8,558.301472
9,629.932303
10,697.612521
11,767.428788
12,836.017531
13,904.811564
14,972.948866
15,1041.528642
16,1116.894138
17,1188.946277
18,1258.751624
19,1327.850206
20,1397.565611
21,1467.4406
22,1538.247163
23,1606.977343
24,1676.903644
25,1748.307186
26,1817.573062
27,1887.689617
28,1961.411842
29,2030.7828610000001
30,2108.22693
31,2178.978311
32,2250.93048
33,2323.028229
34,2392.448139
35,2466.277685
36,2535.946316
37,2607.78563
38,2678.241826
39,2750.496298
40,2819.239214
41,2891.106525
42,2960.525021
43,3030.498106
44,3101.744071
45,3173.257641
46,3244.397844
47,3314.734125
48,3384.262148
49,3456.545148
50,3525.452724
51,3595.106778
52,3668.60578
53,3739.852598
54,3811.485459
55,3883.415019
56,3954.179759
57,4025.4861879999994
58,4098.493203
59,4169.681956
60,4240.400209
61,4311.952392
62,4383.31856
63,4457.274109
64,4527.053615
65,4599.859102
66,4669.088398
67,4742.738304
68,4813.536531
69,4888.418228
70,4958.139019
71,5027.833951
72,5097.68487
73,5172.354001
74,5246.234816
75,5322.613044
76,5396.469692
77,5469.311758
78,5534.927712
79,5613.051781
80,5683.819497
81,5757.885264
82,5831.325812
83,5905.132629
84,5980.325751
85,6050.400084
86,6129.373258
87,6190.347462
88,6263.724068
89,6344.933968
90,6421.073263
91,6488.11465
92,6561.242934
93,6635.397094
94,6714.70028
95,6778.728737
96,6853.448892
97,6934.134058
98,6999.72242
99,7072.633769
100,7141.706844
101,7211.423776
102,7282.317206
103,7358.417508
104,7437.896385
105,7506.389989
106,7574.0818
107,7648.789792
108,7727.944057
109,7799.568036
110,7865.758631
111,7941.638816
112,8006.774469
113,8080.527773
114,8158.56067
115,8232.240358
116,8306.207685
117,8378.729232
118,8460.898133
119,8540.166485
120,8622.864132
121,8688.024437
122,8750.97813
123,8832.666672
124,8871.65342
125,8961.242346
126,9054.905207
127,9137.904907
128,9219.811431
