1,10.379189
2,152.012886
3,221.235736
4,288.555396
5,356.430198
6,426.168066
7,494.041109
8,562.636737
9,629.803817
10,697.758561
11,767.134319
12,835.796204
13,903.915638
14,979.232511
15,1048.909742
16,1116.611217
17,1188.799812
18,1258.38815
19,1327.486198
20,1398.136653
21,1467.772005
22,1537.434173
23,1606.045098
24,1678.672965
25,1757.068778
26,1827.826958
27,1897.679797
28,1968.170478
29,2038.5042580000002
30,2108.487395
31,2177.461656
32,2248.340575
33,2320.085745
34,2390.569824
35,2462.771941
36,2533.901868
37,2604.936047
38,2675.210375
39,2745.321704
40,2814.541898
41,2884.932733
42,2955.434093
43,3026.98148
44,3096.728924
45,3168.274856
46,3238.071795
47,3308.3557
48,3378.487278
49,3450.521596
50,3520.870707
51,3593.760768
52,3667.187521
53,3738.925888
54,3808.416756
55,3881.466962
56,3949.926674
57,4022.200283
58,4095.992506
59,4171.656633
60,4242.759908
61,4314.501343
62,4386.942793
63,4457.017374
64,4529.946196
65,4599.51538
66,4672.069294
67,4747.91888
68,4820.062092
69,4897.422688
70,4972.115463
71,5039.74357
72,5113.360217
73,5173.884815
74,5251.34506
75,5319.99781
76,5393.810075
77,5473.57973
78,5553.516166
79,5616.656163
80,5690.400028
81,5771.861568
82,5841.47114
83,5910.507501
84,5985.967613
85,6062.47006
86,6131.141861
87,6199.37174
88,6269.04421
89,6343.245955
90,6413.892902
91,6486.646892
92,6560.222212
93,6632.646028
94,6703.840501
95,6777.529563
96,6855.544738
97,6927.676491
98,7003.863109
99,7072.25631
100,7142.14329
101,7213.044693
102,7289.8472
103,7366.419403
104,7434.351494
105,7512.334766
106,7583.922857
107,7654.626741
108,7724.33874
109,7798.037856
110,7870.280832
111,7940.979826
112,8012.104874000001
113,8084.823075000001
114,8168.36524
115,8240.516531
116,8294.950353
117,8382.646437
118,8453.841295
119,8532.78493
120,8613.316766
121,8685.505326
122,8756.950189
123,8844.582597
124,8916.742663
125,8990.828427
126,9060.413818
127,9129.489769
128,9223.694715
