1,10.368454
2,152.125396
3,221.377905
4,288.591463
5,356.56408
6,426.282849
7,494.356746
8,562.382244
9,634.491717
10,702.910576
11,773.073017
12,842.654129
13,911.076602
14,980.898624
15,1048.181423
16,1116.585714
17,1189.061175
18,1258.512058
19,1327.850632
20,1398.240797
21,1467.469227
22,1539.349414
23,1610.61893
24,1685.0354
25,1758.397934
26,1828.162076
27,1897.644977
28,1968.651947
29,2038.2892209999998
30,2110.508732
31,2180.506979
32,2250.004053
33,2321.742797
34,2392.047953
35,2464.765309
36,2534.410466
37,2606.535156
38,2674.849685
39,2745.796381
40,2815.789999
41,2888.102199
42,2956.853964
43,3027.601339
44,3098.569605
45,3169.537964
46,3239.557023
47,3309.898055
48,3383.129752
49,3455.949949
50,3533.505193
51,3603.317882
52,3676.346872
53,3749.371611
54,3820.705337
55,3893.740875
56,3962.635861
57,4032.7805740000003
58,4108.461762
59,4177.965855
60,4251.211108
61,4322.376677
62,4401.644198
63,4472.349688
64,4543.549011
65,4619.888611
66,4697.222368
67,4759.413187
68,4832.744072
69,4909.657073
70,4983.570889
71,5052.74817
72,5122.12719
73,5205.87425
74,5270.297699
75,5349.60329
76,5419.236244
77,5492.224966
78,5565.18954
79,5635.290998
80,5699.148183
81,5777.800983
82,5849.986941
83,5925.008407
84,6001.01838
85,6076.816794
86,6142.484862
87,6212.695316
88,6287.049403
89,6362.367849
90,6442.360388
91,6509.054898
92,6582.902462
93,6652.92409
94,6725.75896
95,6800.60355
96,6875.963116
97,6944.500434
98,7030.033256
99,7101.770762
100,7193.852737
101,7272.444621
102,7348.870642
103,7431.59557
104,7491.388303
105,7566.408789
106,7650.097767
107,7717.441235
108,7811.370084
109,7859.595633
110,7947.980418
111,8017.84942
112,8096.164726
113,8191.004298999999
114,8247.467774
115,8337.074443
116,8422.814595
117,8456.394923
118,8557.017018
119,8638.133058
120,8737.905713
121,8797.765526
122,8892.916334
123,8949.76125
124,9050.603745
125,9128.81823
126,9201.976661
127,9263.970181
128,9361.658921
