1,0.0029066111485256635
2,0.0029036754202327445
3,0.0029019863038021185
4,0.0029026825616522804
5,0.002913703857521089
6,0.002891751303112649
7,0.0029003864851696206
8,0.002904608694584306
9,0.002878868855299319
10,0.0028942756226229913
11,0.0029095221857554747
12,0.0029045881338299806
13,0.002897194234141622
14,0.002905348332194546
15,0.0028988980132853923
16,0.002888951285469434
17,0.00290376984799865
18,0.002913038706605223
19,0.0028879824348815074
20,0.0029160630259787777
21,0.0028865691654710664
22,0.0028863848185426474
23,0.0028971730932329
24,0.0028917187298170078
25,0.0028969890488338194
26,0.0029009992215863643
27,0.002910007604274179
28,0.0028987438850024546
29,0.0029028068360462955
30,0.0029069133584624135
31,0.0029075001052310838
32,0.002911817090924745
33,0.0029070215019138474
34,0.0029151060706136666
35,0.0029007505440729483
36,0.0029116564393611255
37,0.002905577312953208
38,0.002923825713757168
39,0.0029232395485859317
40,0.002923227615571776
41,0.0029240722066100557
42,0.002913037588696242
43,0.0029042238101171193
44,0.002921780848567193
45,0.0029096107920671614
46,0.002909673198402614
47,0.0029063073976936023
48,0.002903990326909002
49,0.002911300430411751
50,0.0029310533940550185
51,0.0029149314328559186
52,0.0029166061095378683
53,0.0029336120094577167
54,0.0029015165928513503
55,0.002924718232844469
56,0.0029131157176239086
57,0.002907544853599937
58,0.0029065113958424375
59,0.00291588330686538
60,0.0029195575009059063
61,0.002907663561220782
62,0.002917676140587443
63,0.002909420564140756
64,0.0029326063543739078
65,0.0029272643896044396
66,0.002889044009191667
67,0.002872893663929248
68,0.002885661471514104
69,0.002932656396568749
70,0.0028894379951268276
71,0.00290128556194362
72,0.0029115242598835426
73,0.0029146919675595057
74,0.0029239939587335025
75,0.0029332686915041362
76,0.0029342871975239168
77,0.0029449512213891586
78,0.002947481319586458
79,0.0029630784889821613
80,0.00297735508427141
81,0.0029857319792115137
82,0.0029914205964353276
83,0.002997967889587701
84,0.003002100009990871
85,0.003004279335564646
86,0.003013946721906114
87,0.003014936801125704
88,0.0030213199283672665
89,0.0030202596553440338
90,0.0030270640613266585
91,0.0030326261429108213
92,0.0030370824364207225
93,0.003042624875715814
94,0.0030572730764371445
95,0.003073207005137312
96,0.003255242249748912
97,0.0033630931596429314
98,0.0033620590404880753
99,0.003398290713437216
100,0.003422595490263068
