1,0.002879357495296474
2,0.002898517087915426
3,0.0029168712921725333
4,0.002901841207117177
5,0.0029168698307225327
6,0.0029114115863661215
7,0.0029125124285977523
8,0.0028913916064817625
9,0.0028987989795478935
10,0.002919584068166656
11,0.0029069245184576713
12,0.0029038880589338655
13,0.00290057205570989
14,0.0029073740153836413
15,0.002913874625300685
16,0.002896326654966439
17,0.00291763651784255
18,0.0029050144137847205
19,0.0029197664850306904
20,0.0028872859244077403
21,0.002890771868008948
22,0.002920793240953649
23,0.0029441491875695043
24,0.0029819889930555554
25,0.0030168646822453017
26,0.00305203353416149
27,0.003032899436788119
28,0.0030681432304188283
29,0.0033521253215767627
30,0.003431626016473637
31,0.0034612098514509447
32,0.0034791965097111734
33,0.0034970919842928164
34,0.0035304009491599394
35,0.0035802977787041455
36,0.0036047983311321883
37,0.0036248485412495013
38,0.0038760199832344596
39,0.003938187418043536
40,0.0039824436232268326
41,0.004017578070175438
42,0.004053661227732709
43,0.004080159697786009
44,0.004114979005746164
45,0.004138382567102547
46,0.004160849729842061
47,0.00419570618668283
48,0.004436968894145475
49,0.004496355725933474
50,0.004552626920909262
51,0.004577555172576387
52,0.004607016150306747
53,0.00463710056309781
54,0.004688842737565317
55,0.004720019270884102
56,0.0047386103399433424
57,0.0049453188219809145
58,0.00502237631932947
59,0.005065219400843882
60,0.005095067322033898
61,0.00522770369871864
62,0.005236070707686945
63,0.005242623939948187
64,0.005251356322039818
65,0.005262186043052152
66,0.005332195427030597
67,0.005420452651036971
68,0.00547310617520885
69,0.005524254665603281
70,0.005555223126734505
71,0.0055831931143281366
72,0.00561302050185014
73,0.005653174497898178
74,0.005678569348793628
75,0.0057066532991062935
76,0.0057436122349570195
77,0.005795344462384881
78,0.005843579667349643
79,0.005877851712328767
80,0.005903723042198234
81,0.005955512954573282
82,0.005994753743348595
83,0.006025327104021847
84,0.006044760372233401
85,0.0060651026331719135
86,0.006111961906489307
87,0.00616107578184592
88,0.0062021148285832306
89,0.006228632546094882
90,0.00627380867511968
91,0.006317899465170885
92,0.0063524897462725605
93,0.00637016536259542
94,0.006389608306777141
95,0.0064204631573321945
96,0.006478624734792534
97,0.006515000999463376
98,0.006541382933968686
99,0.006573772045951861
100,0.006623936187807545
