1,0.0029016482893360414
2,0.0028903319665677433
3,0.002908963600048057
4,0.002912731042150304
5,0.0029191994064911037
6,0.0029139935354367498
7,0.0029053306701995016
8,0.0029115558157330884
9,0.002912993899115902
10,0.002897056306333555
11,0.002905274152310221
12,0.0029117110003012954
13,0.002914857826006989
14,0.002904674387209158
15,0.0029086632603406324
16,0.0029180686070881855
17,0.0029173069934958365
18,0.002937429832656577
19,0.002952534536086443
20,0.002915222732470659
21,0.002927546083257369
22,0.0029122371514124974
23,0.002917764569596516
24,0.0029120876677393892
25,0.002933831486176506
26,0.0028716032170831777
27,0.0028784174174637457
28,0.0029096395649812956
29,0.0029249764254650886
30,0.0029419903709428127
31,0.0029766114375432786
32,0.0029957210511696807
33,0.0030060106032453854
34,0.003014846140186916
35,0.0030239421915066607
36,0.003041948823603422
37,0.003084008369876072
38,0.003370678034621802
39,0.0034253317269783154
40,0.0034545063887291556
41,0.0034712225144508664
42,0.0034791038706686746
43,0.0034945662555002518
44,0.0035101471529991306
45,0.003574614986327428
46,0.0035887944464349695
47,0.0036066572131541047
48,0.0036198388828633404
49,0.003637898553223388
50,0.003909693774146812
51,0.0039430499343745895
52,0.003978352688737747
53,0.003994278560978853
54,0.004029911715046161
55,0.004057679944686558
56,0.004076685716088859
57,0.004103295058099796
58,0.004118338078069513
59,0.004139469310820125
60,0.004160059642807697
61,0.004189392375809935
62,0.004417820192300626
63,0.004455652779012895
64,0.004497748036127837
65,0.004545639664725769
66,0.004571890001885547
67,0.004592079967875171
68,0.004610493540963485
69,0.004635146291441788
70,0.004672363745903219
71,0.004708185186625195
72,0.0047274188852075615
73,0.0047384094949692295
74,0.0047684645419907926
75,0.004971103444399019
76,0.005018377295786312
77,0.005064508478150836
78,0.005091364746738946
79,0.005228599268420135
80,0.005225005906105308
81,0.005239277674719586
82,0.0052397209576138136
83,0.0052443516404886556
84,0.0052588036114025885
85,0.005270323256221521
86,0.005310685844923887
87,0.005414850585269223
88,0.005445974005993284
89,0.005488472642792384
90,0.00552279366309551
91,0.005546404158531435
92,0.00556899863787991
93,0.005589820187662579
94,0.005615168878504672
95,0.005653930863981319
96,0.005672865509774084
97,0.005689660624193359
98,0.005706337031755088
99,0.0057421478327286625
100,0.005778404337372571
