1,0.002915168168066189
2,0.0028957970533067105
3,0.002908314338727339
4,0.002894133597834205
5,0.0029006593894542088
6,0.0029061735496858413
7,0.0029107731300519503
8,0.0029124054544662314
9,0.0029001657796508128
10,0.002909902643079502
11,0.0029104485142118866
12,0.00289946474524248
13,0.0029136876989207974
14,0.0029227813486903216
15,0.0029130475994888646
16,0.002919775450312462
17,0.0029089111426862093
18,0.002910686954447889
19,0.0029088679097798195
20,0.002899019800432796
21,0.0029063858287292823
22,0.0029110167653922095
23,0.002909861448254746
24,0.0028733638429877125
25,0.0028923399032238176
26,0.0029139706940177123
27,0.0029365551716811966
28,0.0029689012737875997
29,0.002989246143524501
30,0.0030043679850933237
31,0.003016077768760145
32,0.0030310047090112645
33,0.003041444546599496
34,0.0032644618468223793
35,0.003391894230903383
36,0.003435586668191174
37,0.003464358749279539
38,0.00348129968436155
39,0.0034945217855340016
40,0.0035105223956824107
41,0.003571302302943969
42,0.0035846648020038166
43,0.003609291681299687
44,0.0036239538549710424
45,0.0036418465834083405
46,0.003913281605002605
47,0.003957004581358609
48,0.003991704289508632
49,0.004024455498381608
50,0.004049547820995401
51,0.004077435472063277
52,0.004103186976744186
53,0.004123530593325093
54,0.004148064233475921
55,0.004167611136552873
56,0.004200791169585573
57,0.00443110922645409
58,0.0044713012485136745
59,0.004524963111920777
60,0.00456322552760505
61,0.004584410353463756
62,0.0046114762050967146
63,0.004633893226999538
64,0.00467319168753612
65,0.0047141346434478055
66,0.0047360557243333
67,0.004752272500244834
68,0.004909119654613592
69,0.005009879245867768
70,0.00505377671982489
71,0.00509180480671414
72,0.005121491913517195
73,0.005246964454148472
74,0.00524443250087321
75,0.005256372817911492
76,0.005263901680084005
77,0.005277482564057563
78,0.005291095881731785
79,0.005412604205298013
80,0.005475398560754973
81,0.005538158275587868
82,0.005581976138443936
83,0.005617327936617293
84,0.005628346622409017
85,0.005659958256113203
86,0.005714904698260768
87,0.005746478109949489
88,0.005774768200023561
89,0.005795434075079682
90,0.005815727938603848
91,0.005805933967339097
92,0.005921231175406871
93,0.005953296933705006
94,0.0059307801179941015
95,0.005949135610092647
96,0.005981676450782333
97,0.0060975187864137845
98,0.0061298304142306265
99,0.006157046625919919
100,0.006130011398544866
