1,0.0028455822570104565
2,0.002854476388123887
3,0.0028688847380602465
4,0.002872427236508511
5,0.0028698639412564272
6,0.0028786311071842055
7,0.002842109052714303
8,0.0028499951972404034
9,0.0028642633826092183
10,0.002882531351070971
11,0.0028572489185248193
12,0.002854283796251532
13,0.0028530712914007906
14,0.0028704818120268358
15,0.0028554996857040227
16,0.0028673896208620204
17,0.0028540269867846674
18,0.0028661323369082183
19,0.002848664545728038
20,0.0028527141935323127
21,0.002848533775075988
22,0.0028703356021065967
23,0.002856423841929322
24,0.002846787435333293
25,0.0028810065240375644
26,0.002858982268127868
27,0.002865685254477744
28,0.0028603380523758203
29,0.002863313848984922
30,0.0028575229145698894
31,0.0028471057288524193
32,0.002853669050818471
33,0.0028554769305488103
34,0.002869743676778888
35,0.002873167337577233
36,0.0028668131381747288
37,0.0028368448797001576
38,0.0028599969158157206
39,0.002884603555111365
40,0.002862573273587489
41,0.0028521276355241063
42,0.002856783844459001
43,0.002860181833792448
44,0.0028515683002180757
45,0.0028613158828856024
46,0.00285063392405825
47,0.002865940034704181
48,0.002859539981290362
49,0.0028540334788893576
50,0.0028615249913953532
51,0.0028662654517691583
52,0.0028546452125596373
53,0.002853134877400295
54,0.002872444292932367
55,0.0028830204126506025
56,0.002853632580798479
57,0.002856343013539888
58,0.002881644451200973
59,0.0028560792134497714
60,0.0028386250822368423
61,0.002858685818888225
62,0.0028649635148042026
63,0.0028839589572356326
64,0.0028715675670404252
65,0.002865099393024403
66,0.002851795196971489
67,0.0028594575452832454
68,0.0028549792643325265
69,0.002865613705871812
70,0.00286096377643372
71,0.0028696496631290245
72,0.002854124990976901
73,0.002867763135096539
74,0.002853435829369798
75,0.0028642815927436643
76,0.002847845897145581
77,0.0028486803506310807
78,0.0028736786109773717
79,0.0028468200632680374
80,0.0028705002403268455
81,0.00288692393499991
82,0.0028613185354967124
83,0.002875382031704041
84,0.002872752809463456
85,0.002865472572566532
86,0.002864173508360399
87,0.002850942128382336
88,0.0028701440833788457
89,0.002877640947572111
90,0.0028590396540171775
91,0.0028587431158099406
92,0.002863996332386815
93,0.0028583876679415714
94,0.002855352681681682
95,0.002854516968942627
96,0.002855327506984485
97,0.0028700959404849378
98,0.0028623076881396747
99,0.0028707284375
100,0.0028802162456948496
