1,0.019315654717975753
2,0.019902586054233538
3,0.021878316469926926
4,0.02280212352142719
5,0.024381376243781096
6,0.036439781579697746
7,0.02714076486860304
8,0.028748444203944207
9,0.030613428141459738
10,0.03156169754016064
11,0.033060297511621546
12,0.034120713588283155
13,0.05111582165368928
14,0.03694271960958296
15,0.03833610272922417
16,0.03974004290123457
17,0.04172474966799469
18,0.0427369930417495
19,0.04451783833160979
20,0.0466599854764435
21,0.04872495714285714
22,0.04951454548886372
23,0.050853117005267116
24,0.052268405259087394
25,0.0538301174796748
26,0.05547137810945273
27,0.05713939656616416
28,0.05823206219239375
29,0.06013671538114569
30,0.06173636762688615
31,0.06271068553459118
32,0.06393142711234912
33,0.06632844857142857
34,0.06772042274052478
35,0.06849250218340612
36,0.06980080458015268
37,0.071720976802824
38,0.07393096624472575
39,0.0747836581605529
40,0.07565549783549784
41,0.07737417799889443
42,0.07955430964760254
43,0.08086767806267806
44,0.08191909814169569
45,0.0837225038212816
46,0.08501043410852714
47,0.08608220255474454
48,0.08783117818181818
49,0.0890540578616352
50,0.09125978717948718
51,0.09336003481624759
52,0.0944758375733855
53,0.09550658049432198
54,0.09728719104876421
55,0.09884164222674814
56,0.09968557083333332
57,0.10093708178694158
58,0.1022081506067095
59,0.10411740141843971
60,0.10531438001458789
61,0.1068934967462039
62,0.10875361544172235
63,0.11024743618618618
64,0.11156737500000001
65,0.11258039157088122
66,0.11449691410559495
67,0.11706013821138211
68,0.1177632012728719
69,0.11892406472491908
70,0.12068569451269452
71,0.12241172901080628
72,0.12428753517587939
73,0.1242544936061381
74,0.1264650796915167
75,0.12913383899042644
76,0.12968766141732285
77,0.13074395301418443
78,0.13189330197132618
79,0.13386948138056315
80,0.13534050408719348
81,0.13681391944444443
82,0.13802620000000002
83,0.13978873015873017
84,0.14178768683957735
85,0.14244547454370798
86,0.14336123342939483
87,0.1454932722868217
88,0.14697352366863906
89,0.14833510317460316
90,0.15129464451158106
91,0.1516614074074074
92,0.15307786256410255
93,0.15521992717948718
94,0.155260575
95,0.1574560178759201
96,0.15894291746031747
97,0.16047658040468585
98,0.16210487499999998
99,0.16334726448087428
100,0.16412198032786887
