1,0.019403401312192457
2,0.019243404068682343
3,0.019404572557876903
4,0.027594216609783846
5,0.019924951923076924
6,0.02749243000717875
7,0.026045467577531987
8,0.02160875101430707
9,0.022743394388460778
10,0.02316830032206119
11,0.02327080416917218
12,0.02344424453125
13,0.024192753942536185
14,0.02485486494623656
15,0.02512034601691144
16,0.025587746615087042
17,0.026716556418554478
18,0.026943355825461084
19,0.02760256439909297
20,0.02804125069637883
21,0.028859278014184392
22,0.029433131978509695
23,0.030094556634304204
24,0.031087818320610684
25,0.03151566411824669
26,0.03209884595368202
27,0.03250854837830471
28,0.03268002586206896
29,0.03330010756123536
30,0.03443341150564272
31,0.03522505890563932
32,0.035407495921237694
33,0.035990330125400996
34,0.036549659150043365
35,0.036861914673752584
36,0.03731006343612335
37,0.038031348929663616
38,0.03865663753449862
39,0.04012721585213033
40,0.04023276732518031
41,0.040319962679425836
42,0.041082961352656995
43,0.04153883735133398
44,0.04223941790551701
45,0.043309973729102696
46,0.043745477496483824
47,0.04383288460236887
48,0.044508403030303026
49,0.04514118425635667
50,0.045569496319663505
51,0.04656650609318996
52,0.04713505806451613
53,0.04758549854121079
54,0.04860255403348554
55,0.04932131282624907
56,0.04957786956521739
57,0.05022315456674473
58,0.05088596179337232
59,0.0516516007797271
60,0.05192134680935394
61,0.07461378443743427
62,0.05254055476753349
63,0.05335933695652174
64,0.053571237415774874
65,0.05433460714285714
66,0.055201215320910976
67,0.05555096078431373
68,0.05629141209747607
69,0.05680336481241915
70,0.05738354118154377
71,0.058308535064935066
72,0.05880566444444444
73,0.059647764679911695
74,0.060144971506105836
75,0.0611111035111719
76,0.06147186465477823
77,0.06169769521178639
78,0.06240507392102846
79,0.06274452479338843
80,0.06349579330422125
81,0.06407130303030303
82,0.06458654997608801
83,0.06468946676300577
84,0.06489864275466284
85,0.06594503610286843
86,0.06671623590504451
87,0.06790310948191591
88,0.06773046846846846
89,0.06874115384615384
90,0.0690005587639311
91,0.06950048277608917
92,0.0701140806533946
93,0.07079009043112514
94,0.0706791142118863
95,0.07144876279069769
96,0.07159454588607594
97,0.07214892194092828
98,0.07297170245726496
99,0.07368665697361337
100,0.07432088583737212
