1,0.021197049701046335
2,0.025007712023962344
3,0.029234254972441885
4,0.03294738405797101
5,0.037389421516754846
6,0.041287123529411766
7,0.04412870940170941
8,0.04868890742814483
9,0.05258964462809918
10,0.05653363967437876
11,0.061267235750113995
12,0.06564929816955684
13,0.06976743241869919
14,0.07482463961038961
15,0.07894376125356126
16,0.08242983096926715
17,0.08727602850061958
18,0.09165008382449247
19,0.09644620979986197
20,0.10124755649717512
21,0.10625471030850264
22,0.1091299625382263
23,0.11487017505995203
24,0.1194114800995025
25,0.1250697948051948
26,0.12869777719298245
27,0.13407157103064066
28,0.13838844668587896
29,0.14358512103174603
30,0.14880173025641028
31,0.15250416088328075
32,0.15577530457933972
33,0.16218813823857303
34,0.16702522448979593
35,0.17073526806526806
36,0.17496546014492753
37,0.1820040962962963
38,0.18624549809885932
39,0.19036347989623864
40,0.195150082010582
41,0.20073436572199732
42,0.2048104834710744
43,0.20776421059972108
44,0.21436014119359537
45,0.21853856398809524
46,0.22332674208144798
47,0.2283867364341085
48,0.23179929225908374
49,0.2351374644549763
50,0.240499500805153
51,0.246510075
52,0.2507131122278057
53,0.25499376975945015
54,0.25989289756944445
55,0.2642107878787878
56,0.26763326881720434
57,0.27330968498168495
58,0.27784692551210427
59,0.2832354011299435
60,0.2872340674373796
61,0.2924189309664695
62,0.297341626984127
63,0.3014017898989899
64,0.3065071552795032
65,0.3117532520833333
66,0.3157674873417721
67,0.32211496367521364
68,0.32476512200435725
69,0.32958929605263154
70,0.33481414639639645
71,0.3402308866213152
72,0.3437532735632184
73,0.3496106455399062
74,0.35417810563380275
75,0.35700779376498804
76,0.36167368613138684
77,0.36757813827160496
78,0.37128182089552236
79,0.3715905582329317
80,0.379381345959596
81,0.3845813049095607
82,0.3845365041666667
83,0.39633449735449733
84,0.39824500529100526
85,0.4059770376344086
86,0.40647006557377047
87,0.41439942076502734
88,0.41537275206611574
89,0.41641668468468473
90,0.5685009308176101
91,0.46834120071684593
92,0.43279223976608194
93,0.4395146608187135
94,0.4401462065727699
95,0.5350794388185656
96,0.45187869444444445
97,0.4520332990196078
98,0.6185416054421767
99,0.5099067310606061
100,0.46956635849056605
