1,0.060152542688465024
2,0.06070220036429873
3,0.061171855131698455
4,0.06243523432343234
5,0.10489162811791383
6,0.1070630858237548
7,0.10758992532717475
8,0.10917953239656518
9,0.14207135589743589
10,0.1521036235167206
11,0.1527345076754386
12,0.15424989902280128
13,0.18241586434108525
14,0.19794541143654115
15,0.19776023513139696
16,0.19925835425383545
17,0.20225596610169488
18,0.24250431810490694
19,0.24285013400335007
20,0.24373481049069373
21,0.24663836068376066
22,0.28410097590361444
23,0.2867308172690763
24,0.2880217670682731
25,0.2917501454545455
26,0.32314221555555556
27,0.3316644413793103
28,0.3341452689655173
29,0.3362376180555555
30,0.3614584751243781
31,0.3769200025839794
32,0.37841559173126615
33,0.3804310367454069
34,0.38333461417322834
35,0.4219500730994152
36,0.4207831725146199
37,0.42423777777777777
38,0.4268550350877193
39,0.4613478952380953
40,0.4664185904761905
41,0.4681909301587302
42,0.4713019611650485
43,0.4997740710382515
44,0.5110432456140351
45,0.5128728245614036
46,0.5152960982456141
47,0.5412119370370371
48,0.5525963393939394
49,0.6657423703703703
50,0.5606712490421455
51,0.5651990689655172
52,0.5962064248366014
53,0.5970059477124182
54,0.6004475163398693
55,0.6085816458333333
56,0.6372349583333333
57,0.6443830394736842
58,0.648088846491228
59,0.6477830141843971
60,0.6750780222222222
61,0.8094039310344828
62,0.7550432833333333
63,0.6943701062801932
64,0.7127554263565892
65,0.876370006060606
66,0.7927560793650794
67,0.8808329090909092
68,0.7440777626262626
69,0.7756654126984128
70,0.7769070158730159
71,0.7823160687830689
72,0.7823526666666667
73,0.8128514473684211
74,0.821486254237288
75,0.8215711531531531
76,0.8238930810810811
77,0.8522845092592592
78,0.8616589814814815
79,1.0379094022988506
80,0.9521003645833335
81,1.0725832976190477
82,1.0871384880952382
83,1.0899107023809527
84,1.0388462413793105
85,0.9535179270833334
86,0.9590989800000002
87,0.9471744270833333
88,0.9497519791666665
89,0.9553254166666667
90,0.9867461075268816
91,0.9915570537634408
92,0.9945868494623656
93,1.2101315733333333
94,1.1315962716049384
95,1.2133562543859648
96,1.042425927536232
97,1.0439979540229885
98,1.2840029444444445
99,1.1690050384615385
100,1.0834106904761902
