1,0.5948283284313726
2,1.156138401923077
3,1.7279320111111114
4,2.2824886249999996
5,2.836613281818182
6,3.390934055555555
7,3.946260618750001
8,4.502245607142857
9,5.059084225000001
10,5.612872866666668
11,6.16389883
12,6.720416259999999
13,7.2723818499999995
14,7.828007137499999
15,8.3797528125
16,8.9339285
17,9.487146575
18,10.043081833333334
19,10.596055433333335
20,11.147234566666667
21,11.702072083333332
22,12.257925166666666
23,12.811366616666668
24,13.3672917
25,13.92024625
26,14.473119516666666
27,15.032166199999999
28,15.583468650000006
29,16.139116325
30,16.688232625
31,17.246610925
32,17.797284175
33,18.3530833
34,18.902057324999998
35,19.4596245
36,20.011100250000002
37,20.567163300000004
38,21.115236874999997
39,21.673634
40,22.231482574999998
41,22.787325399999997
42,23.3383374
43,23.887035825
44,24.454016574999997
45,24.999585975
46,25.553516325000004
47,26.1123914
48,26.661926174999998
49,27.218228675000002
50,27.769438199999996
51,28.322368549999997
52,28.88277075
53,29.432564775000003
54,30.028380799999997
55,30.55320945
56,31.095420800000003
57,31.64990675
58,32.2091159
59,32.76016355000001
60,33.31860220000001
61,33.86364775
62,34.41926585
63,34.97297425000001
64,35.52736575
65,36.0846724
66,36.637989450000006
67,37.19566335
68,37.751474650000006
69,38.30110995
70,38.850666950000004
71,39.4050782
72,39.959707200000004
73,40.5056533
74,41.06870105
75,41.623712399999995
76,42.17765575
77,42.7320795
78,43.28263810000001
79,43.8376021
80,44.39798985
81,44.949211299999995
82,45.50584479999999
83,46.049817399999995
84,46.60920054999999
85,47.178321
86,47.7207327
87,48.28224480000001
88,48.83340535000001
89,49.3829031
90,49.96756939999999
91,50.54965845
92,51.99345600000001
93,51.17840965
94,51.7309737
95,52.28939765
96,52.83587874999999
97,53.38185165
98,53.9323318
99,54.477280500000006
100,55.030915449999995
101,55.5765594
102,56.1331978
103,56.692226749999996
104,57.35503770000001
105,58.23074229999999
106,58.795261300000014
107,59.375139950000005
108,59.897815099999995
109,60.457882350000006
110,61.014764
111,62.255224649999995
112,63.4849163
113,63.73317469999999
114,64.05358945
115,64.41273535
116,64.83755845
117,65.27757310000001
118,65.73950315
119,66.28556825
120,66.787614
121,67.33914329999999
122,67.8780158
123,68.39026249999999
124,68.93492625
125,69.47470394999999
126,70.1179551
127,70.52788985
128,71.1186315
129,71.75860925
130,72.34327085
131,72.99501250000003
132,73.66133674999999
133,74.18203025
134,74.91604765000001
135,75.42938874999999
136,76.02836754999998
137,76.59263265
138,77.31147714999999
139,78.021966
140,78.4911653
141,79.24928670000001
142,79.84292214999999
143,80.2782662
144,81.025502
145,81.37956635
146,82.09737990000002
147,82.49565199999999
148,83.04619039999999
149,83.6867393
150,84.3420054
151,85.17637429999999
152,85.36339145000001
153,86.0983717
154,86.45545200000001
155,87.08388215
156,87.72809525
157,88.07336939999999
158,88.61262709999998
159,89.62250995
160,89.77087175
161,90.56316230000002
162,91.2852785
163,91.70513835
164,92.57404654999999
165,92.98866569999998
166,93.1090911
167,93.98594429999999
168,94.7911123
169,94.9560167
170,95.56997374999999
171,96.22235925
172,96.95814684999999
173,97.2601466
174,98.31873815
175,98.5694949
176,99.30285895
177,99.8054104
178,100.13841685
179,101.13694495
180,101.58332585000001
181,102.01770825
182,102.42148295
183,103.01275410000002
184,103.73371345
185,104.2539178
186,104.82311035
187,105.34687604999999
188,105.92982439999999
189,107.00112215000001
190,107.18959875
191,107.51523889999999
192,108.35012330000002
193,108.92538945000001
194,109.18776150000001
195,110.17743745
196,110.81331865000001
197,110.92517649999998
198,112.0899822
199,112.21022794999999
200,112.65383550000001
