1,0.023868971889554228
2,0.027416480979938273
3,0.03295158155378485
4,0.03919936305578012
5,0.039918955342080606
6,0.044632340433031215
7,0.048757286173814904
8,0.05480759443053817
9,0.0629658911392405
10,0.06454743929618768
11,0.07773699447322972
12,0.07947980026041666
13,0.08696917720306514
14,0.08891922054263565
15,0.09371430090909091
16,0.10634560011494254
17,0.10858546896955505
18,0.11209969927184465
19,0.11461472450738916
20,0.12244981213333335
21,0.14722398535825545
22,0.1491641179245283
23,0.15527740049668873
24,0.15562134917218545
25,0.15277249786885244
26,0.1674584110320285
27,0.17315350545454544
28,0.18030183988549617
29,0.1834821883268482
30,0.18123406557692306
31,0.19521891348547718
32,0.1999938864224138
33,0.21182629866071429
34,0.2146088852017937
35,0.2105813651785714
36,0.22364226549295776
37,0.22739538669950735
38,0.23352911108374383
39,0.23734687175
40,0.23986042
41,0.24625415487179486
42,0.25857396791443854
43,0.27154311931818187
44,0.2767931849431818
45,0.2698698810055866
46,0.27428545681818184
47,0.28348576666666664
48,0.29472030000000005
49,0.3006392677018633
50,0.29805709447852763
51,0.3056694287974684
52,0.3127690477564103
53,0.3299782141891892
54,0.3354569555555555
55,0.32657013265306134
56,0.33503120896551725
57,0.33934763263888884
58,0.3434481394366197
59,0.3494664257142857
60,0.35718837666666664
61,0.3659423992424242
62,0.36760573257575757
63,0.3872319809523809
64,0.3962218147540984
65,0.38502240515873015
66,0.3912870616935483
67,0.39612285737704916
68,0.40996972711864416
69,0.41358718050847465
70,0.4122361737288135
71,0.42331802758620685
72,0.4242529083333333
73,0.441537660909091
74,0.44710525955882346
75,0.4408888195652174
76,0.4505447824074074
77,0.4505944541666666
78,0.47086076601941745
79,0.4788440715000001
80,0.4691886533980582
81,0.480099054950495
82,0.4724031757281554
83,0.4961480516393441
84,0.5021162036082474
85,0.49627232499999996
86,0.5096801757894737
87,0.5023975675257732
88,0.5235494478494624
89,0.528880179347826
90,0.5254879318965517
91,0.5321225771929825
92,0.5303219396739131
93,0.5582433499999999
94,0.5613974583333332
95,0.589248686875
96,0.5520738408045978
97,0.547989650909091
98,0.5536912408045976
99,0.5608056592592593
100,0.5676905292452831
101,0.5804258278846155
102,0.577254685576923
103,0.6027626469999999
104,0.6087832626582278
105,0.5963284349999999
106,0.6077738531645569
107,0.6048861449999999
108,0.6246265032467532
109,0.6352720296052632
110,0.6242116558441558
111,0.6367258546052633
112,0.6384894736842105
113,0.6638430736111111
114,0.6754657542253522
115,0.654991954347826
116,0.6692016911111112
117,0.6707559044444446
118,0.6715430255555556
119,0.6825447880281691
120,0.6826247318181817
121,0.6957746652173913
122,0.6991011985507245
123,0.714398735074627
124,0.7336965951219513
125,0.7125997708955224
126,0.722938005952381
127,0.7296234143939395
128,0.7342378230783444
129,0.7561893975
130,0.738459618292683
131,0.75331557
132,0.7551139212500001
133,0.7715536166666667
134,0.781313232051282
135,0.768669496031746
136,0.7815612230769231
137,0.7859138352459017
138,0.772343741025641
139,0.7781137858974357
140,0.7930894131578948
141,0.8127043762711864
142,0.8133687581081082
143,0.8209766283783785
144,0.8374507500000001
145,0.8203572837837839
146,0.838628475
147,0.8459080388888891
148,0.8416854569444444
149,0.8622763357142857
150,0.8476232944444446
151,0.8670421
152,0.8695271914285716
153,0.87818448
154,0.888495969117647
155,0.8791658171428569
156,0.8949953676470589
157,0.8913394308823531
158,0.8940497176470587
159,0.8959205514705882
160,0.9111342301886792
161,0.9148795424242424
162,0.9194876393939395
163,0.9224045636363638
164,0.924271537878788
165,0.938744975490196
166,0.9427657796875001
167,0.9473203062500002
168,0.9524022140624999
169,0.9548429171874999
170,0.9672648620000001
171,0.9703758419354839
172,0.9754182677419355
173,0.9788524580645162
174,0.9818679564516127
175,0.9901406209677419
176,1.002165310416667
177,1.0034084983333333
178,1.0089714366666669
179,1.009615685
180,1.0202781333333335
181,1.0255917416666667
182,1.0350995695652176
183,1.0370092838455773
184,1.0411742465517242
185,1.0482330206896553
186,1.0542490706896552
187,1.060701903448276
188,1.0656291948275862
189,1.0687058431034482
190,1.0753634133333332
191,1.083115085714286
192,1.0869047107142857
193,1.0947821107142854
194,1.0940136964285716
195,1.0968568785714283
196,1.1133923000000001
197,1.1194127129629632
198,1.1237103574074072
199,1.1220144962962963
200,1.1264639685185187
