1,0.010306677987637361
2,0.014796538423645318
3,0.01922300705314337
4,0.022982162048549436
5,0.025871665277777775
6,0.03320040621445979
7,0.03595467356175973
8,0.04093964945490585
9,0.04636334913793104
10,0.04917368858447488
11,0.05694956791720569
12,0.059624667464788735
13,0.06477651031157271
14,0.06717299221556886
15,0.07293514001623377
16,0.07898993613518196
17,0.08329843073394495
18,0.08826307901353966
19,0.09102603531746031
20,0.09672052193548387
21,0.10692709940898343
22,0.11871013329015542
23,0.12036583930412373
24,0.12034633453608248
25,0.12069122832898176
26,0.12918282282913165
27,0.1378320255102041
28,0.14340706656441715
29,0.14403585820433434
30,0.1442131027863777
31,0.1510727163934426
32,0.16083671411564626
33,0.16654738538732394
34,0.16765444910394267
35,0.16776115716845874
36,0.1728688582417582
37,0.18300470511811023
38,0.18972924419999998
39,0.1912824273279352
40,0.191535762145749
41,0.19172990061224487
42,0.2059453590909091
43,0.2125696841628959
44,0.21492763936651585
45,0.21532530613636366
46,0.21544624977375565
47,0.2282639329383886
48,0.23479761955445544
49,0.23870077286432156
50,0.2389943092964824
51,0.23929016381909546
52,0.2507892000000001
53,0.2577237368983958
54,0.26212457624309393
55,0.2627830038674033
56,0.2625222530386741
57,0.2733617609090909
58,0.2807391886904762
59,0.2852391888554217
60,0.28646611837349406
61,0.2864500478915663
62,0.2956952343558282
63,0.30377753237179483
64,0.3081808619354839
65,0.3098464620915033
66,0.3102325225490197
67,0.3177452953947368
68,0.3265238421768708
69,0.3315745333333334
70,0.33326922604166664
71,0.3338770267361111
72,0.33997959535714284
73,0.3496669174074074
74,0.3547134033582089
75,0.35728576455223876
76,0.3573657701492538
77,0.36055635530303026
78,0.3726924104651163
79,0.37748296968503936
80,0.38060253571428565
81,0.38109637738095237
82,0.38217365674603176
83,0.39534270289256207
84,0.40085786733333334
85,0.40427101764705875
86,0.4043091617647059
87,0.48261195528301876
88,0.41788459375
89,0.4228656218062763
90,0.4275524424778761
91,0.42843318584070794
92,0.4288874878571429
93,0.4404458268181818
94,0.4455009958333333
95,0.45057233805970154
96,0.4520824066037736
97,0.45272812924528305
98,0.46368226990291267
99,0.468542286407767
100,0.47428674702970297
101,0.4754068653465346
102,0.47634812777777763
103,0.4849775505102041
104,0.4916705943877552
105,0.49624895773195876
106,0.4989166680412371
107,0.50041178
108,0.5070661284210527
109,0.5146938951612903
110,0.519977474137931
111,0.5225799994565217
112,0.52372855
113,0.5286447131578947
114,0.5382209446428571
115,0.5426392306818182
116,0.5462500190909092
117,0.5467153045454545
118,0.550355300909091
119,0.56098973
120,0.5654859911764705
121,0.5697719113207546
122,0.5700813424528302
123,0.5730508863095238
124,0.5841801378048781
125,0.5877472317073172
126,0.5933768088235294
127,0.5940823627450982
128,0.5963345025000001
129,0.6075335898734178
130,0.6112903297468355
131,0.6167771540816326
132,0.6181211612244898
133,0.6194843234693878
134,0.6295119749999999
135,0.6347690776315789
136,0.6403525808510638
137,0.6418195393617021
138,0.6430185212765956
139,0.6529607358695652
140,0.656984425
141,0.6627931880434782
142,0.665631607638889
143,0.6666149048611111
144,0.6744682244444443
145,0.6804017852112675
146,0.6845385534090909
147,0.68866455
148,0.6899866227272728
149,0.6958824934782609
150,0.7038406313953488
151,0.7075964790697675
152,0.7114122619402985
153,0.711946469402985
154,0.717803601190476
155,0.727045221969697
156,0.7307256053030303
157,0.7354643841463415
158,0.737418625609756
159,0.7401702439024389
160,0.7498459546875001
161,0.7547522812499998
162,0.7587153024999997
163,0.7592027387499999
164,0.76323393875
165,0.7732015153846152
166,0.7773345551282052
167,0.7821855192307693
168,0.7840170679487178
169,0.7863173581967213
170,0.795955102631579
171,0.8009111328947368
172,0.9368996856158484
173,0.8079474898305085
174,0.8088624796610169
175,0.817956704054054
176,0.8229091283783786
177,0.8279803783783786
178,0.8309111379310344
179,0.8323771500000001
180,0.8406439027777777
181,0.8455781958333333
182,0.8508639473214286
183,0.8536761446428572
184,0.8559906687500001
185,0.8632425457142858
186,0.8690493757142858
187,0.8749226442857142
188,0.8775516718181818
189,0.8800838072727274
190,0.8853282573529412
191,0.8926807176470588
192,0.8962039161764705
193,0.9012152352941175
194,0.9036832339622642
195,0.9076133754716982
196,0.9151506454545455
197,0.9202636787878787
198,0.9247690333333335
199,0.9270394984848485
200,0.9312878681818182
