1,0.02116640975609756
2,0.023532871755464483
3,0.029570648855243718
4,0.032513347865612635
5,0.04423972584615385
6,0.04634821598224195
7,0.056953188709677416
8,0.05903062259999999
9,0.07047983579277864
10,0.07267258453525641
11,0.08239353974820145
12,0.08604247599620492
13,0.0893983604085603
14,0.10194814342105263
15,0.1035513908388521
16,0.11688693379052369
17,0.11802973358208954
18,0.12995847739726027
19,0.13165195682451253
20,0.14325811051051046
21,0.14586132999999998
22,0.15548996465798048
23,0.1590198645
24,0.16135211854304635
25,0.17378231942446043
26,0.1741665381294964
27,0.18685385523255815
28,0.18846756162790695
29,0.19975371776859505
30,0.20266248402489628
31,0.2136927515283843
32,0.2156745951327434
33,0.22704305767441868
34,0.22969349413145543
35,0.23161343145539906
36,0.24326044628712876
37,0.2612947636054421
38,0.25142444583333334
39,0.2530593666666667
40,0.2657740698369565
41,0.2667583557692308
42,0.27764636695402295
43,0.2804152295977011
44,0.29044491309523807
45,0.29403047319277115
46,0.29531119698795183
47,0.30745943227848105
48,0.3091516790625001
49,0.3210879722222223
50,0.3228242023026316
51,0.33589944557823126
52,0.3382086996551725
53,0.3491846425
54,0.35184697821428573
55,0.3618834374074074
56,0.3652667295454545
57,0.36692948768656714
58,0.37889835763358776
59,0.3805929674418605
60,0.3923960472222222
61,0.3941154575396825
62,0.4036255361842105
63,0.40775001404958683
64,0.4189528436440679
65,0.421440820338983
66,0.4317265653508773
67,0.43285334225352107
68,0.4368117659292035
69,0.44647355797101446
70,0.45004910227272715
71,0.46017538805970154
72,0.46363741320754714
73,0.474008913076923
74,0.4755630576923077
75,0.4883897133663366
76,0.48866744999999995
77,0.4987572677419356
78,0.5042632877551021
79,0.5125017283505154
80,0.5154628599999999
81,0.5199880894736841
82,0.5327466336206896
83,0.5333330652173913
84,0.5420048640350876
85,0.5475300661111112
86,0.558498927840909
87,0.5619576806818182
88,0.5716662051724138
89,0.5742576787356322
90,0.5869965088235293
91,0.5887100245283019
92,0.5882095216981132
93,0.6002873519230769
94,0.6020418028846154
95,0.6142084468750001
96,0.6175358718749999
97,0.6278152702531645
98,0.6306109765822785
99,0.6390488224489795
100,0.6447968681818184
101,0.6528561885416667
102,0.6578493138157896
103,0.6590686085106383
104,0.6722224709459459
105,0.675543252027027
106,0.6877371069444445
107,0.6892585597222223
108,0.7001890944444445
109,0.7025637387323943
110,0.7097181170454545
111,0.7109276329545454
112,0.7225043046511628
113,0.7220498418604652
114,0.7240366104651164
115,0.7348324857142857
116,0.7369069857142858
117,0.7524453143939395
118,0.754695721969697
119,0.7657118451219512
120,0.7659634353658537
121,0.7746108074999999
122,0.7768826875
123,0.790494903968254
124,0.7920314923076923
125,0.7926178576923079
126,0.8053231076923077
127,0.8070454602564104
128,0.8167767184210526
129,0.8192329526315789
130,0.8339936610169492
131,0.8321202067567568
132,0.8430143445945943
133,0.8449990189189189
134,0.8550184763888886
135,0.8585846250000001
136,0.860757265277778
137,0.8722106
138,0.8738063847222222
139,0.8848158142857143
140,0.8866803
141,0.898517417142857
142,0.8997389714285715
143,0.9113323397058823
144,0.9140153735294119
145,0.9239277426470588
146,0.9270456426470588
147,0.9349473833333334
148,0.940437012121212
149,0.942624653030303
150,0.9536177378787877
151,0.9556042166666667
152,0.96647335625
153,0.9687249390625
154,0.9793273093749999
155,0.981992271875
156,0.991297364516129
157,0.9960284596774194
158,1.0641813157142856
159,0.9967798241935482
160,0.9982864951612902
161,1.0099909387096775
162,1.013011001612903
163,1.0229667916666667
164,1.026591525
165,1.037225665
166,1.0396614766666665
167,1.0484973616666664
168,1.0527639400000002
169,1.0623858793103447
170,1.0658332051724138
171,1.0670659086206893
172,1.0789961448275864
173,1.0793347189655174
174,1.0962963344444443
175,1.0986076355555556
176,1.104265325
177,1.1058663375000002
178,1.1159333839285714
179,1.1187103714285718
180,1.1294890089285712
181,1.140156803488372
182,1.1406746220930233
183,1.145765883333333
184,1.1475197666666668
185,1.1594752296296293
186,1.1602374814814815
187,1.1716904499999998
188,1.173422135185185
189,1.1841965711538462
190,1.1897149826923077
191,1.2014564480769232
192,1.2052639019230769
193,1.2078756153846153
194,1.2163531634615383
195,1.2195520269230768
196,1.232213412
197,1.2327622879999998
198,1.243195696
199,1.245392454
200,1.2558053020000002
