1,0.04006523420787083
2,0.041315025000000005
3,0.04131110631578948
4,0.041341508883495144
5,0.041406197562141485
6,0.04140056947115384
7,0.04141001474609375
8,0.041419887631831256
9,0.04814258819672131
10,0.04839388203828829
11,0.04862627573363432
12,0.0486340338963964
13,0.04867942747747748
14,0.04872909578177728
15,0.04879999729729731
16,0.04870825761957731
17,0.04875229364454443
18,0.05903886590604027
19,0.06354540592592592
20,0.06089970027173913
21,0.0614563715083799
22,0.061704833916083925
23,0.06204461950207468
24,0.0623236615844544
25,0.06275560034674064
26,0.07171267487922706
27,0.07292040545602607
28,0.07353294284565916
29,0.073880105954323
30,0.07438727846655792
31,0.07483064230769232
32,0.07521684983686787
33,0.0757295082247557
34,0.07607802292006526
35,0.0958405093237705
36,0.09628227381443298
37,0.09675628618556702
38,0.09708422688284518
39,0.09777567925311204
40,0.09804011802083334
41,0.09833635280082986
42,0.09875427845188285
43,0.11306392632398754
44,0.1080342365116279
45,0.10857780243055552
46,0.1092308416091954
47,0.10980476189376442
48,0.11019394128440364
49,0.11071355674418604
50,0.11128374039351852
51,0.11137425620689657
52,0.1310549095890411
53,0.1319033520547945
54,0.13198374671232876
55,0.13270294046961328
56,0.1330643158839779
57,0.1329806961325967
58,0.1334555643454039
59,0.13433488186813192
60,0.14219888221574345
61,0.14400083601190475
62,0.1445671933035714
63,0.14463463982300884
64,0.14489680236686392
65,0.14591175414201182
66,0.14722580434131735
67,0.15331440857142858
68,0.14513207916666668
69,0.17099309045936395
70,0.17359992454212456
71,0.1760894957875458
72,0.1773803031365314
73,0.17997127313432837
74,0.18027716051660514
75,0.18091675055555553
76,0.18190714661654134
77,0.1827650433333333
78,0.18333698684210525
79,0.1833852571428571
80,0.18353498824626865
81,0.18370025485074626
82,0.18473893629629626
83,0.18557169738805973
84,0.18570260883458645
85,0.18580500451127818
86,0.2018518679752066
87,0.2068599086065574
88,0.2090372411885246
89,0.2106057506465517
90,0.21278001103896108
91,0.2232854718934911
92,0.2105084311965812
93,0.2111959631465517
94,0.21214403589743594
95,0.21290821921397382
96,0.21413511796536794
97,0.21418890541125543
98,0.214249629004329
99,0.2154633286637931
100,0.21614041855895197
101,0.21599286753246758
102,0.21685899242424242
103,0.23705697119047622
104,0.24000502178217822
105,0.24334808071428574
106,0.24510428589108907
107,0.24881929405940595
108,0.24826163143564356
109,0.24930619750000005
110,0.24875921949999996
111,0.24891988762376235
112,0.24988869183168316
113,0.2521272685
114,0.25236847274999996
115,0.2557629051724138
116,0.24895854250000002
117,0.24945603574999997
118,0.25075236975
119,0.25188254425
120,0.27126556902173915
121,0.2733965144021739
122,0.27697105788043475
123,0.27760182372881353
124,0.28091552627118654
125,0.2804051870056497
126,0.2825110139664805
127,0.28367637988826816
128,0.2845924912429379
129,0.2843090977401129
130,0.2857728926553672
131,0.287064563559322
132,0.2863237350282486
133,0.28878572824858756
134,0.2867807542613636
135,0.28651180397727277
136,0.28949363022598873
137,0.3100026144171779
138,0.31020751656441714
139,0.3324401662280702
140,0.3113851209375
141,0.31366480981012657
142,0.3154835598101266
143,0.31667494335443036
144,0.3184043129746835
145,0.31975831234177216
146,0.3199641841772152
147,0.3222043698717949
148,0.3221183624999999
149,0.3202419977564102
150,0.3224039234177215
151,0.32191096993670887
152,0.32390709208860763
153,0.32546029711538466
154,0.34437360540540546
155,0.3448566115646258
156,0.3471471248275862
157,0.3488346137362637
158,0.35153273888888886
159,0.35224343645833334
160,0.354170125
161,0.35491872222222226
162,0.35517387986111115
163,0.3773048868932039
164,0.35058413506944436
165,0.3516590347222222
166,0.3521243694444444
167,0.35429449375
168,0.35304281319444447
169,0.3549875427083334
170,0.35513217812500003
171,0.37685252499999994
172,0.3781782276119403
173,0.3809638268656716
174,0.38398511742424246
175,0.3854249125954198
176,0.38595636603053435
177,0.3874303683206107
178,0.3874995141221374
179,0.38885366946564887
180,0.3895645204545455
181,0.39279472099236634
182,0.39140995839694653
183,0.39057493473282445
184,0.39460433473282447
185,0.39418210152671757
186,0.3932735404580152
187,0.41468944623655907
188,0.4069461
189,0.40937626803278687
190,0.41082806883116885
191,0.412851024025974
192,0.41637818636363627
193,0.418738038429752
194,0.42072856900826444
195,0.41985184628099176
196,0.42044395743801655
197,0.41938877666666674
198,0.4230929991735537
199,0.4227540590909091
200,0.42485847815126043
