1,1.3174806173913043
2,2.6423725375000005
3,3.8912624187499993
4,5.191787233333334
5,6.51482425
6,7.7707199000000005
7,9.029102737499999
8,10.361707599999999
9,11.6113009
10,12.8828573
11,14.222010916666667
12,15.534856175
13,16.735795250000002
14,18.00229405
15,19.2920285
16,20.587181250000004
17,21.988158900000002
18,23.247361450000003
19,24.529718624999997
20,25.840027449999997
21,27.156477825000003
22,28.541494250000003
23,29.738135099999997
24,30.953427899999998
25,32.07675624999999
26,34.51676034999999
27,33.96209575
28,35.22278630000001
29,36.47458249999999
30,37.73272275000001
31,38.98736875
32,40.23569535
33,41.49804950000001
34,42.75114765
35,44.00627645
36,45.25690735
37,46.514546949999996
38,47.7652366
39,49.02444925
40,50.27692539999999
41,51.5304663
42,52.7928791
43,54.061099350000006
44,55.2998621
45,56.55883204999999
46,57.81979005000001
47,59.0662426
48,60.31840595
49,61.58144644999999
50,63.05225989999999
51,64.52874340000001
52,65.8561809
53,67.41175525000001
54,68.7070538
55,70.18260749999999
56,71.30272865
57,72.78587420000002
58,74.27920624999997
59,75.60776455
60,76.98033020000001
61,78.60323174999999
62,79.85509615
63,80.78593525000001
64,82.9082609
65,83.66911699999999
66,85.49722405000001
67,86.63977635
68,87.42485110000001
69,88.87117985
70,90.22067615
71,91.773894
72,92.75993405000003
73,94.11023169999999
74,95.73346985
75,96.59352584999999
76,98.22222775
77,99.4834242
78,100.81606190000001
79,101.99111869999999
80,103.3628491
81,104.68022635
82,105.6919601
83,107.1496502
84,108.84096410000002
85,110.05880234999998
86,110.93398940000002
87,112.56925895
88,114.17941805000001
89,114.91374094999999
90,115.94380615000003
91,117.43803380000003
92,118.5379087
93,120.04079490000001
94,121.43897825
95,122.82855705
96,123.96446344999998
97,125.7146328
98,126.53542305000003
99,127.92299305000002
100,129.07955195000002
101,130.80577145
102,131.84892325
103,133.44609714999999
104,134.4229488
105,136.2068327
106,137.10238934999998
107,138.60228174999997
108,139.68887030000002
109,140.7031267
110,142.38966444999997
111,143.50918384999994
112,144.53790229999998
113,145.44670190000002
114,147.65169960000003
115,148.74916389999999
116,149.40298980000006
117,151.42080929999997
118,152.48179935
119,153.6585998
120,154.83959555
121,156.45596765
122,157.81322014999998
123,159.0916409
124,160.26830725000002
125,161.10931680000002
126,162.72164505
127,164.19658065
128,165.25560409999994
129,166.18078525
130,168.04699415
131,169.3580341
132,170.3998084
133,172.0950235
134,172.82304050000002
135,174.19917245000002
136,175.65018495
137,178.2900248
138,178.9286399
139,179.61472164999998
140,180.86235390000002
141,182.97202944999998
142,184.19496715
143,186.0131413
144,187.60916735
145,188.36933035000004
146,190.51521785
147,191.49885225
148,193.84151695
149,195.4321502
150,196.61291590000002
151,199.02587015
152,200.11479104999998
153,202.75558829999997
154,203.77072840000002
155,204.81667200000004
156,206.99600415
157,209.37424259999997
158,210.45207270000003
159,212.23849605000004
160,213.12044074999997
161,215.04931729999996
162,216.72933199999997
163,217.28527155
164,218.83235969999998
165,221.96024235000002
166,222.3039987
167,224.24860810000004
168,224.9335744
169,226.24182565
170,228.16817619999998
171,230.7543383
172,230.76024379999998
173,231.04489740000002
174,233.82808105000004
175,234.92239919999997
176,236.05498145000007
177,237.10578274999997
178,237.12044365
179,238.2284153
180,239.82140860000004
181,227.1872906
182,228.48650805000003
183,230.15804515
184,235.12979020000003
185,239.0689027
186,241.66924040000004
187,244.62229695
188,245.63589359999997
189,247.83940475000006
190,251.62735214999998
191,252.87909469999997
192,252.7703698
193,253.88880099999994
194,255.33333019999998
195,256.08273695
196,257.72528294999995
197,259.8871484
198,259.80756645
199,260.9107358
200,261.89596345000007
