1,0.00977965919871795
2,0.01752229988833054
3,0.025295869453076443
4,0.03324317436808847
5,0.04099808669131239
6,0.04908571705043859
7,0.056842654130162706
8,0.06515002415492958
9,0.07277419327666151
10,0.08107022533898305
11,0.08905273687150839
12,0.09674279076305221
13,0.11033246796407185
14,0.1105424537037037
15,0.11863845792079208
16,0.1265432375
17,0.13427664887323942
18,0.14216625903790087
19,0.15003066331269355
20,0.15795603915857603
21,0.1660764315878378
22,0.17422808692579506
23,0.18228853450184504
24,0.19088264980620157
25,0.19852483540000002
26,0.20721392800829874
27,0.2155738191810345
28,0.22285294955357143
29,0.23046092201834864
30,0.23891989476190478
31,0.24702839334975368
32,0.2552650211055276
33,0.2625470643229166
34,0.27058692795698924
35,0.2790426936464089
36,0.28574653210227263
37,0.29482615
38,0.30589012951807226
39,0.31192350828220855
40,0.3176069987500001
41,0.3261446419354838
42,0.3372628542763158
43,0.34436441655405403
44,0.35281688931034483
45,0.3606893330985915
46,0.3675527151079137
47,0.37601792703703707
48,0.38040127835820897
49,0.39125367977099246
50,0.401523177173913
51,0.39804995912698404
52,0.4058564930327868
53,0.4139515971074381
54,0.4196260182432432
55,0.4294845995689655
56,0.4374984092105263
57,0.44510314336283185
58,0.4512020797101449
59,0.45864927941176464
60,0.4697043910377358
61,0.477159210952381
62,0.4848587676923076
63,0.49058721953124995
64,0.49857739920634925
65,0.5074236935483871
66,0.5132217475409837
67,0.5210933891666666
68,0.528311870338983
69,0.5388101268817203
70,0.5474079010869566
71,0.5554701677777778
72,0.5613159116071428
73,0.572220179090909
74,0.5791472545977011
75,0.5890085029411765
76,0.5940956452830188
77,0.6041576571428571
78,0.6139331487804878
79,0.6202751705882351
80,0.62801448375
81,0.6368249215189872
82,0.6425642142857144
83,0.6513034285714285
84,0.6578145197916666
85,0.6673422960526315
86,0.6741886968085106
87,0.6838419810810811
88,0.7516585086906804
89,0.6883860388888889
90,0.6957441711111112
91,0.7078954
92,0.7114642056818181
93,0.720659211627907
94,0.7272941755813954
95,0.7353471383720931
96,0.7422691785714285
97,0.7501917190476192
98,0.756999
99,0.7647158731707316
100,0.77795970390625
101,0.78182376875
102,0.78945468125
103,0.7961686307692307
104,0.8038674679487181
105,0.8128056397435897
106,0.8204350289473684
107,0.8279610013157895
108,0.8404752686440679
109,0.8438642891891891
110,0.8556865939655172
111,0.8596922
112,0.8673454444444444
113,0.8748783888888889
114,0.8822164138888889
115,0.8904756457142858
116,0.8979590085714285
117,0.9060744100000002
118,0.9138073514705882
119,0.9212539176470586
120,0.9301257911764705
121,0.9367827323529411
122,0.9450211106060604
123,0.9522642545454544
124,0.9602696348484849
125,0.9683258257575758
126,1.0746699164512339
127,0.9805931843750002
128,0.988206878125
129,0.9960642109375002
130,1.0033730693548386
131,1.0113901032258064
132,1.0182829870967742
133,1.0267714451612904
134,1.0403645406250004
135,1.0427094383333333
136,1.0500525683333333
137,1.0572278050000001
138,1.0650036900000002
139,1.0729033137931034
140,1.0807451189655173
141,1.0888358741379314
142,1.0965163724137927
143,1.103548977586207
144,1.112542246428571
145,1.1206507660714284
146,1.1280110803571428
147,1.1360541535714286
148,1.142619630357143
149,1.1507408444444447
150,1.157823637037037
151,1.1673823222222222
152,1.173174003703704
153,1.1808655111111113
154,1.1903555555555556
155,1.2044822785714284
156,1.2068846038461538
157,1.2124482749999999
158,1.2218768173076924
159,1.2297603288461538
160,1.2381649884615384
161,1.2443690840000003
162,1.253576084
163,1.4318215092911877
164,1.2642172859999998
165,1.27189575
166,1.279441906
167,1.287574458
168,1.2959729812499996
169,1.30426626875
170,1.3117978291666668
171,1.3198665604166668
172,1.3271954083333333
173,1.3347849562499998
174,1.3424479770833333
175,1.3583538202702703
176,1.3579157804347826
177,1.3659407130434784
178,1.3738356282608695
179,1.3810024152173914
180,1.3884435847826087
181,1.3982378652173912
182,1.4138361985714287
183,1.4222118457142858
184,1.4223392159090908
185,1.4288214295454547
186,1.4375242977272729
187,1.4442336477272728
188,1.453700002272727
189,1.4620434840909091
190,1.4680735454545455
191,1.476239525
192,1.485339185714286
193,1.4911526285714285
194,1.5003825142857143
195,1.508652538095238
196,1.5155979666666666
197,1.523916561904762
198,1.5316706261904762
199,1.5389182642857144
200,1.5467361642857145
