1,0.05015386927939318
2,0.05169174090296497
3,0.05890179463986601
4,0.056932656054687496
5,0.06524721288209608
6,0.06703489621661722
7,0.06871650529061106
8,0.07500335215588724
9,0.08397586872791518
10,0.08541070727272725
11,0.08877822726415095
12,0.08932954753320682
13,0.1102921788505747
14,0.11189067306791568
15,0.1165361878313253
16,0.11817995776699027
17,0.13839942028169017
18,0.14008432599431817
19,0.14478480319767445
20,0.1462439190615836
21,0.16604155215231786
22,0.16782847658862876
23,0.172364373024055
24,0.17380837721088435
25,0.2010678096385542
26,0.2033266406882591
27,0.20645867693965517
28,0.21776164761904762
29,0.2224730349344978
30,0.2252450077433628
31,0.22720355665137615
32,0.22933290862831857
33,0.25005643916256154
34,0.2526633938423646
35,0.25435552906403935
36,0.2563412413793103
37,0.27711101059782606
38,0.27958240815217383
39,0.28189839864130434
40,0.2840588154891304
41,0.3047394689349112
42,0.3071726207100592
43,0.30684311000000003
44,0.31112595946745564
45,0.33143610326797385
46,0.33405263205128205
47,0.3363294942307692
48,0.3361422618556701
49,0.3594381847222222
50,0.36191754861111114
51,0.36431499375
52,0.3669612809027778
53,0.3853608655555556
54,0.38781967333333334
55,0.390161887037037
56,0.3897310285714286
57,0.41257999094488185
58,0.4148434496062992
59,0.4172930397637795
60,0.42004824251968503
61,0.4391887924369748
62,0.4378702898648649
63,0.4441258029411765
64,0.44276830945945944
65,0.46613471194690265
66,0.4683997216814159
67,0.46689545357142853
68,0.47384032699115053
69,0.4929465905660378
70,0.49531111603773587
71,0.49780400754716986
72,0.5011546353773585
73,0.520099602970297
74,0.522857608910891
75,0.5201745325396825
76,0.5226006182539683
77,0.5423363975000001
78,0.5492262530927834
79,0.5465169183333334
80,0.5498221158333333
81,0.5686604344827587
82,0.5708012534482758
83,0.5732092181818181
84,0.581300552173913
85,0.5995246471590909
86,0.5979501327272727
87,0.6046423545454546
88,0.6029572372727273
89,0.622521120754717
90,0.6231361981132075
91,0.6257597660377359
92,0.6292133018867925
93,0.6485152833333333
94,0.650824881372549
95,0.658217668125
96,0.6542040068627452
97,0.6746240938775511
98,0.6764839224489796
99,0.6788955387755102
100,0.6817000673469387
101,0.7052738039473683
102,0.7025868010638298
103,0.7037961968085107
104,0.7084754670212765
105,0.7324100375
106,0.7283369666666666
107,0.73109797
108,0.7336657833333334
109,0.7534879818181818
110,0.7553607909090909
111,0.7563606579545455
112,0.7608584965909091
113,0.779262782142857
114,0.7876227014925373
115,0.7839775904761906
116,0.7865872428571428
117,0.8054666207317074
118,0.808054956097561
119,0.8093120231707317
120,0.8130742024390243
121,0.8320726962499998
122,0.8343236987499999
123,0.8353450375
124,0.83989464875
125,0.857240369736842
126,0.8597763486842105
127,0.8626011157894736
128,0.874316986885246
129,0.8913442194915253
130,0.8940709101694915
131,0.887420827027027
132,0.8918334094594594
133,0.9113842513888889
134,0.9133431291666668
135,0.916054413888889
136,0.9285242775862069
137,0.9363923442857143
138,0.9397285628571431
139,0.9407856085714286
140,0.9449977900000002
141,0.9711751381818181
142,0.9739656172727273
143,0.9687910897058823
144,0.972399907352941
145,0.9980752933962266
146,0.9930927249999998
147,0.9947096424242425
148,1.0088788528301886
149,1.0169966227272729
150,1.0196796378787878
151,1.021945515151515
152,1.0255496090909089
153,1.0421370187500003
154,1.0458719578125002
155,1.0479531343749997
156,1.0513784281249998
157,1.0681778274193547
158,1.0729562951612905
159,1.0730039951612902
160,1.0777401403225804
161,1.18481662487013
162,1.0813942741935483
163,1.0858736516666665
164,1.090962673333333
165,1.1040230816666667
166,1.109220515
167,1.1134958566666666
168,1.1174961799999998
169,1.1330356879310346
170,1.1392245844827589
171,1.1397149310344825
172,1.1453903362068965
173,1.1628712637931036
174,1.1654840310344827
175,1.1757588644444446
176,1.1813522377777779
177,1.1886939517857142
178,1.1911257107142859
179,1.194092875
180,1.1993809392857147
181,1.2163912592592594
182,1.2200646296296298
183,1.2208902851851855
184,1.2259873314814813
185,1.2422277944444444
186,1.2527214370370372
187,1.2557837759259258
188,1.2614347722222221
189,1.2753552673076924
190,1.2799339500000002
191,1.2820946423076922
192,1.2887901442307692
193,1.3045046326923075
194,1.3073325384615384
195,1.3076177942307694
196,1.3152676903846152
197,1.3314971020000002
198,1.3329837640000002
199,1.3355867419999998
200,1.3417743519999998
