1,0.3568410097014925
2,0.7148907107142858
3,1.0732142577777775
4,1.4274925954545454
5,1.7788861058823529
6,2.1306666400000003
7,2.4798350115384618
8,2.829457836363636
9,3.1816399250000003
10,3.5344576500000002
11,3.88524813125
12,4.238122225
13,4.587388471428571
14,4.936546028571429
15,5.2893397916666665
16,5.645112116666667
17,5.995727341666667
18,6.34884805
19,6.697535039999999
20,7.044985469999999
21,7.39819532
22,7.7524579624999985
23,8.102132887499998
24,8.456463137500002
25,8.803180275
26,9.1561526125
27,9.5059770875
28,9.886668825
29,10.246714549999998
30,10.564868000000002
31,10.90600975
32,11.291480700000001
33,11.659428783333333
34,11.998248283333334
35,12.340874916666666
36,12.695194083333334
37,13.057948
38,13.409467216666668
39,13.779773633333331
40,14.095199983333334
41,14.500709766666667
42,14.843694933333335
43,15.204913424999999
44,15.515845674999998
45,15.89117105
46,16.24686885
47,16.592256025
48,16.940600449999998
49,17.250233
50,17.609779075000006
51,17.994362625000004
52,18.347369125000004
53,18.6795207
54,19.030713425000002
55,19.364716849999997
56,19.744813049999998
57,20.09875275
58,20.467231975
59,20.793143925
60,21.144906800000005
61,21.549795325
62,21.94231895
63,22.287360275
64,22.663956499999998
65,23.019445800000003
66,23.460227099999997
67,23.843518775
68,24.09394985
69,24.4076033
70,24.7808345
71,25.254449825000005
72,25.592098175
73,25.947144124999998
74,26.2893863
75,26.657107274999998
76,27.162992725000002
77,27.518244649999996
78,27.86349845
79,28.231595575
80,28.64496285
81,28.9302151
82,29.273404799999994
83,29.805196875000004
84,30.17797035
85,30.63737095
86,30.563907550000003
87,30.848868149999998
88,31.17329765
89,31.540142150000012
90,31.871595849999995
91,32.25760685
92,32.58782635
93,32.9443261
94,33.17499495
95,33.51463195
96,33.8861999
97,34.227139
98,34.553198900000005
99,34.8160375
100,35.2124853
101,35.571971250000004
102,35.939352549999995
103,36.31174465
104,36.71651545
105,36.9405824
106,37.324841799999994
107,37.7565618
108,38.07007420000001
109,38.357195450000006
110,38.80291819999999
111,39.179610200000006
112,39.4599623
113,40.00538755000001
114,40.214577000000006
115,40.597303749999995
116,40.9553865
117,41.3182136
118,41.67081665
119,41.95745794999999
120,42.309463449999996
121,42.79589085
122,43.2292806
123,43.537773650000005
124,43.89021985
125,44.2360247
126,44.588634450000015
127,45.15654155
128,45.3048361
129,45.69357510000001
130,46.214076799999994
131,46.397324000000005
132,46.692374099999995
133,47.303859550000006
134,47.4930584
135,47.76829509999999
136,48.1956773
137,48.67767915000001
138,48.89324969999999
139,49.42759285
140,49.60088925000001
141,50.23441575
142,50.853878050000006
143,50.9110532
144,51.49003695
145,51.49865490000001
146,51.869614600000006
147,52.28612089999999
148,52.5566354
149,53.37709039999999
150,53.278698750000004
151,53.928602299999994
152,54.36579940000001
153,54.526817400000006
154,55.017863
155,55.3649716
156,55.93298795
157,56.24667889999999
158,56.397554750000005
159,56.90299834999999
160,56.82889625
161,57.22762495
162,57.837164249999994
163,58.54432890000001
164,58.77629745
165,58.89727845
166,59.443259499999996
167,59.587650950000004
168,59.821246249999994
169,60.41357755000001
170,61.03251780000001
171,60.83793909999999
172,61.530652800000006
173,61.519512
174,62.07938415000001
175,62.435108350000014
176,62.68375209999999
177,63.16105950000001
178,63.8161391
179,64.2475925
180,64.75139155
181,64.58551055000001
182,65.38045819999999
183,65.76799435
184,65.94864955000001
185,66.29673534999999
186,66.27353385
187,67.01157049999999
188,67.47524395
189,67.73692535
190,68.0812041
191,68.4283526
192,69.23705565
193,69.27329675000001
194,69.52905774999999
195,70.30180945000001
196,70.17904755
197,70.52883709999999
198,70.86580119999999
199,70.95850505
200,71.93151484999999
