1,0.06602977097791798
2,0.09574730784313726
3,0.1432158995426829
4,0.1848698391472868
5,0.22038946522727274
6,0.27155064525139666
7,0.3116495637820513
8,0.3520725657142857
9,0.38994332738095233
10,0.40087446895161294
11,0.4472694924778762
12,0.48017544765625
13,0.526865462631579
14,0.5651490563636363
15,0.6057023039215688
16,0.6468221500000001
17,0.6893492622222221
18,0.7284693488372094
19,0.7707476617187499
20,0.7770412812499999
21,0.8245028421052631
22,0.8632916680555555
23,0.9042783071428572
24,0.9448581590909092
25,0.9853618125000001
26,1.0265840687499999
27,1.0673044310344826
28,1.1029759749999999
29,1.1442804662790698
30,1.157984687037037
31,1.1960134153846156
32,1.24196698375
33,1.283017624
34,1.3228966562500002
35,1.358250943478261
36,1.4075315457142858
37,1.4466296477272726
38,1.4870526809523807
39,1.496672973809524
40,1.5310555452380954
41,1.5737245850000001
42,1.612553845
43,1.655801310526316
44,1.6961977710526315
45,1.7339580333333333
46,1.7761393749999999
47,1.8233513925925926
48,1.855805647058824
49,1.8670708735294117
50,1.9078673941176467
51,1.9485272718750002
52,1.9892198031250001
53,2.0343057312500004
54,2.0697635433333335
55,2.1107321333333333
56,2.15462061
57,2.1914551133333338
58,2.2317648250000004
59,2.2450854107142852
60,2.286907928571429
61,2.327230578571429
62,2.367195160714286
63,2.408239446153846
64,2.449161638461538
65,2.491464780769231
66,2.5315382576923073
67,2.5645399083333333
68,2.583297191666667
69,2.6226753291666665
70,2.6636968249999997
71,2.704417725
72,2.7452836624999994
73,2.7864078749999996
74,2.8254910727272726
75,2.868044081818182
76,2.908183413636364
77,2.946202509090909
78,2.9600132999999995
79,2.999396186363636
80,3.0383067954545457
81,3.080683077272727
82,3.121088475
83,3.1621798450000003
84,3.1974876649999997
85,3.244674705
86,3.513015201948051
87,3.2424516700000003
88,3.2625433200000007
89,3.298187155
90,3.34041292
91,3.3814408166666663
92,3.4196686499999998
93,3.482204238888889
94,3.522968838888889
95,3.5633693666666675
96,3.6023171277777775
97,3.6355496111111107
98,3.653433677777778
99,3.695193266666668
100,3.7344287888888887
101,3.7818328999999995
102,3.819821705555557
103,3.85904895
104,3.89736150625
105,3.9453022000000004
106,3.97952526875
107,3.9895377875000007
108,4.03109331875
109,4.067636606249999
110,4.109468950000001
111,4.1481774499999995
112,4.18879294375
113,4.232321787499999
114,4.268499599999999
115,4.30772105625
116,4.344518762500001
117,4.371370475
118,4.3981094
119,4.442117242857143
120,4.491928157142857
121,4.527159735714287
122,4.571846628571429
123,4.618935707142857
124,4.660724299999999
125,4.695959907142858
126,4.7332237571428575
127,4.754014664285715
128,4.792547278571428
129,4.830600357142857
130,4.869701557142856
131,4.915054971428572
132,4.953701357142856
133,4.994750978571429
134,5.031893521428572
135,5.0724388000000005
136,5.095410807142857
137,5.134298
138,5.167218608333334
139,5.204309583333333
140,5.245860041666666
141,5.28773305
142,5.326903741666666
143,5.366476591666666
144,5.407705458333334
145,5.4474762000000005
146,5.468727858333334
147,5.511807150000001
148,5.550667375000001
149,5.580371116666667
150,5.627381616666668
151,5.670240850000001
152,5.7010804916666675
153,5.752594633333334
154,5.791288191666667
155,5.828920366666665
156,5.852339616666668
157,5.8834331
158,5.928989649999999
159,5.9665339500000005
160,6.0106562
161,6.054817666666667
162,6.095275625
163,6.133445941666666
164,6.168934158333332
165,6.205402479999999
166,6.277077920000001
167,6.318053370000002
168,6.355752049999999
169,6.397234470000001
170,6.43877502
171,6.476675610000001
172,6.51503881
173,6.559283190000001
174,6.59683879
175,6.62074235
176,6.65386694
177,6.694928880000001
178,6.7404011299999995
179,6.78306525
180,6.8255384
181,6.85578926
182,6.895406859999999
183,6.934207379999999
184,6.978204219999999
185,7.011796910000001
186,7.05946908
187,7.0924081999999995
188,7.130287430000002
189,7.217141740000001
190,7.24772079
191,7.290580909999998
192,7.361007310000001
193,7.366677159999999
194,7.458939519999998
195,7.44103563
196,7.480087169999999
197,7.5399455999999985
198,7.610566470000002
199,7.656999460000001
200,7.673143659999997
