1,0.040483042642642644
2,0.0704388631028939
3,0.11147150523255812
4,0.1352118520891365
5,0.1664664723905724
6,0.20408945122448982
7,0.2328503648837209
8,0.2625000246478873
9,0.293105699702381
10,0.3198574609677419
11,0.344211401724138
12,0.3850236596899225
13,0.4106346864754098
14,0.4349806650862069
15,0.476338208490566
16,0.4977191412698413
17,0.5259247927835051
18,0.564489800892857
19,0.5917909405882352
20,0.6254906769999999
21,0.6545605562500001
22,0.6826356594594595
23,0.7165600659090909
24,0.7489438410447761
25,0.7696955548780487
26,0.8085095858974359
27,0.8359223986842106
28,0.8602487432432433
29,0.9014895257142858
30,0.9302830281818183
31,0.957797553773585
32,0.9906470078124999
33,1.0160259758064516
34,1.040568808064516
35,1.0799691706896553
36,1.1057079896551725
37,1.1395374249999997
38,1.1701744407407408
39,1.1962820666666667
40,1.232249455769231
41,1.260396326
42,1.2854122080000001
43,1.3236814979166667
44,1.351844652083333
45,1.3763254
46,1.4150635695652174
47,1.4397430454545455
48,1.4660771522727274
49,1.5038241952380953
50,1.530457480952381
51,1.5597311952380952
52,1.5942821575000004
53,1.6191546250000002
54,1.8127819081168832
55,1.6805468105263155
56,1.705180663157895
57,1.7419868694444445
58,1.7705831999999997
59,1.7951070861111114
60,1.8339955333333333
61,1.861070432352941
62,1.8874186088235294
63,1.9259252500000001
64,1.9517782411764701
65,1.9767868437500002
66,2.0170072375000005
67,2.042348365625
68,2.0669959218750003
69,2.1059688466666664
70,2.1327537833333334
71,2.1660377466666665
72,2.1976438333333332
73,2.2203417966666663
74,2.257808142857143
75,2.286655235714286
76,2.310672396428571
77,2.3511208999999997
78,2.3774179107142857
79,2.403540135714286
80,2.4410248384615385
81,2.4652240038461537
82,2.4967721461538464
83,2.5356199999999998
84,2.5598938038461534
85,2.5898768653846154
86,2.6244811374999997
87,2.649948966666667
88,2.6809549208333334
89,2.7157712208333336
90,2.7378598666666667
91,2.77550535
92,2.803281683333333
93,2.8325244291666674
94,2.868913531818182
95,2.8972422545454544
96,2.9220231363636366
97,2.9575542136363637
98,2.9838585500000003
99,3.0147563545454545
100,3.4425091875000002
101,3.0653736363636366
102,3.0956595045454542
103,3.1294459272727275
104,3.1563230199999994
105,3.1901863849999996
106,3.221906825
107,3.2495089249999998
108,3.283117865
109,3.312278035
110,3.3374879849999997
111,3.379492765000001
112,3.40441163
113,3.4315945650000006
114,3.468655869999999
115,3.496242833333332
116,3.5239789388888894
117,3.5617383666666664
118,3.5871717
119,3.6170297555555555
120,3.6521957166666668
121,3.6721872833333338
122,3.708417766666667
123,3.735894811111111
124,3.766420116666666
125,3.8039559833333336
126,3.8329693666666667
127,3.861424344444445
128,3.896017627777778
129,3.9196531555555567
130,3.95158986875
131,3.9926961312500007
132,4.016861625
133,4.04921814375
134,4.079428312499999
135,4.1065335
136,4.1383926749999995
137,4.169765387500001
138,4.198001025
139,4.231650512499999
140,4.26139954375
141,4.290612981250001
142,4.32750866875
143,4.353960443750001
144,4.382589787500001
145,4.41604484375
146,4.450344268749999
147,4.9766425000000005
148,4.491489957142857
149,4.524326950000001
150,4.556452042857143
151,4.588139014285715
152,4.613456442857143
153,4.644296392857142
154,4.6792473928571425
155,4.70687985
156,4.737712857142856
157,4.7663150071428575
158,4.794776542857142
159,4.826865714285714
160,4.859368307142858
161,4.890094078571428
162,4.925285707142857
163,4.953816107142858
164,4.983398178571429
165,5.019317178571429
166,5.0494229285714285
167,5.08304605
168,5.108707042857142
169,5.1407063428571425
170,5.168064557142857
171,5.203050914285715
172,5.234875671428572
173,5.262080125000001
174,5.295307508333334
175,5.322142266666668
176,5.354492049999999
177,5.387580166666667
178,5.416931191666666
179,5.450669708333333
180,5.477026358333334
181,5.5095134166666675
182,5.543660983333334
183,5.583190449999999
184,5.599304925
185,5.637089775
186,5.665986158333333
187,5.700434158333334
188,5.7347229916666675
189,5.758109358333334
190,5.792645425
191,5.818546349999999
192,5.850567249999999
193,5.885554541666666
194,6.331308016666666
195,5.914041041666667
196,5.946843025
197,5.982767541666667
198,6.010821849999999
199,6.049184641666668
200,6.079017025
