1,0.060196376955903276
2,0.05370562745740498
3,0.053753754708798014
4,0.05371445385093168
5,0.053733446428571426
6,0.053719164601227
7,0.053712141697416976
8,0.05371430391198044
9,0.054985549811083126
10,0.05498093289141414
11,0.06053230529513889
12,0.054580912797992466
13,0.05458766153358683
14,0.05460460698254364
15,0.054596724251870316
16,0.05459468060344828
17,0.05460171417218543
18,0.06021529868238557
19,0.06023595617367706
20,0.06023779475138121
21,0.06163407486225897
22,0.06726806570121953
23,0.06966110594135802
24,0.0700348400775194
25,0.07043856939252337
26,0.07192054358974359
27,0.07351097870065788
28,0.07391369366776317
29,0.074463376320132
30,0.07491081102819237
31,0.07541546764705884
32,0.07583847466216218
33,0.07667401596989969
34,0.08064150930232558
35,0.0842388426335175
36,0.08535515745283019
37,0.08605719851851851
38,0.08647327063197026
39,0.08691684287037035
40,0.0874466296435272
41,0.08784342806513408
42,0.08829747873345935
43,0.08966048506743737
44,0.09024235651750973
45,0.0908514242746615
46,0.09144399052224372
47,0.09195564032567051
48,0.09223994482758621
49,0.09271499932301741
50,0.09309135703124999
51,0.09254562211538461
52,0.11777929408866994
53,0.1185088296992481
54,0.11938699801980195
55,0.11986688465346536
56,0.11966673972431076
57,0.1204467664141414
58,0.12063467826633169
59,0.12057830798004987
60,0.1240287794344473
61,0.1248629694300518
62,0.12517107590206186
63,0.12558446224226802
64,0.1257816096649484
65,0.12692001979434447
66,0.12740735231362468
67,0.12751520198170732
68,0.12717885167525772
69,0.14773357012012012
70,0.14725860015243902
71,0.14778475740181268
72,0.15011854237804878
73,0.148156238185654
74,0.1494203343939394
75,0.15038718604294476
76,0.15066499786585366
77,0.15346131604361374
78,0.15410680202492213
79,0.15463656682242993
80,0.15652231682389936
81,0.15679952897196264
82,0.1563976753125
83,0.16176207394067793
84,0.15441070328125003
85,0.15468129015625
86,0.17360068701067616
87,0.1742636010752688
88,0.17497108914590748
89,0.1753579681003584
90,0.17574844982078852
91,0.17623738853046597
92,0.17671593118279572
93,0.17712691906474817
94,0.1797130079710145
95,0.18073585545454549
96,0.18120789249084254
97,0.1816225732727273
98,0.18200708241758243
99,0.18241039304029305
100,0.18280722527472526
101,0.1831218369090909
102,0.18359751758241757
103,0.20270556093117412
104,0.20344686487603306
105,0.2039290036734694
106,0.20476139504132232
107,0.20505425143442624
108,0.2058099076446281
109,0.20722202520661157
110,0.20746863319672132
111,0.21105797740585774
112,0.21080591597510367
113,0.21078699703389828
114,0.21151668029045642
115,0.21239709626556014
116,0.2117185421940928
117,0.2138664079497908
118,0.21440663556485354
119,0.21340485376569038
120,0.23310841666666668
121,0.23382419311926605
122,0.23409153646788988
123,0.23625059050925926
124,0.23557406422018354
125,0.23735105756880737
126,0.23685879675925928
127,0.23699061990740738
128,0.23916323990610328
129,0.23981041502347422
130,0.24101201830985913
131,0.24034178169014087
132,0.24093280352112678
133,0.24133166431924885
134,0.24245737323943659
135,0.24372053544600936
136,0.24350717840375583
137,0.26274853
138,0.26509269097938143
139,0.2677942734210526
140,0.27066502760416655
141,0.2722682666666667
142,0.2761178823529412
143,0.28461455706214694
144,0.28637461623931626
145,0.2873729087570622
146,0.2870021772727272
147,0.29028852499999996
148,0.28947009289772724
149,0.29246141875
150,0.2919857988636364
151,0.2919973823863637
152,0.2918439479768786
153,0.2951305769886364
154,0.29382079396551725
155,0.2933012701704546
156,0.3079509602362205
157,0.28925829626436783
158,0.28985747982954546
159,0.2904413316091954
160,0.29075559310344834
161,0.29142967040229883
162,0.2920127505747127
163,0.2925967528735633
164,0.29280067758620687
165,0.29318382068965515
166,0.2937288350574712
167,0.2941305540462428
168,0.29452036465517245
169,0.2951523591954023
170,0.29537583189655175
171,0.31473329006211187
172,0.31658741250000005
173,0.3180597434375
174,0.31855462310126575
175,0.3210019728125
176,0.321436065
177,0.32136356281250006
178,0.32296417499999996
179,0.32382421906250003
180,0.3242460721875
181,0.32354542375
182,0.325475176875
183,0.32447792812500004
184,0.32459129875
185,0.32624220249999997
186,0.3264297721518987
187,0.32659764937499997
188,0.34750055743243236
189,0.34819045202702703
190,0.3519996337837838
191,0.3556845550675676
192,0.35237233877551016
193,0.3533136350340136
194,0.3526334405405406
195,0.3550307411564626
196,0.3515135024137931
197,0.35765109795918365
198,0.35448772551020413
199,0.3569509568027211
200,0.35649400340136056
