1,0.027091642292944782
2,0.027991778999999994
3,0.029562901587301592
4,0.029513193072505384
5,0.03126991524249422
6,0.031150587256430235
7,0.03217814665127021
8,0.032097086190845614
9,0.03482231214642262
10,0.034845225063078224
11,0.03595042062607204
12,0.036348332821824376
13,0.040969990944123305
14,0.04107772007007007
15,0.04314733307317073
16,0.0434668747734139
17,0.0493168709534368
18,0.0506316078196347
19,0.05359067122473247
20,0.054229113990554904
21,0.05638015295226131
22,0.05673726622474748
23,0.059374151503267976
24,0.05999467248711341
25,0.06623258201438849
26,0.06691521630116959
27,0.0695396731454006
28,0.06997886554054053
29,0.07507115873397435
30,0.07564797039151713
31,0.07743104925000001
32,0.07773696033274956
33,0.08746181983394834
34,0.0880990973296501
35,0.08989163452611218
36,0.09050647327102802
37,0.09763020020408164
38,0.09867436372950819
39,0.0997718088174274
40,0.10051501569037657
41,0.10630604673423423
42,0.10737593684210528
43,0.10931340538116593
44,0.10942531468609863
45,0.11478969374999998
46,0.11404268676814987
47,0.11582612202380954
48,0.11693259047619046
49,0.12541667314578003
50,0.12665392710997445
51,0.1277409538860104
52,0.1279843997282609
53,0.134732977260274
54,0.13492163453038675
55,0.136737743837535
56,0.13784987805555554
57,0.1438388088662791
58,0.14456100674486805
59,0.14595189659763316
60,0.14612125355029587
61,0.150838645468278
62,0.1516012909090909
63,0.1530126187878788
64,0.15359512646153844
65,0.1683283973244147
66,0.1688085348639456
67,0.17314022197802198
68,0.17893302931654675
69,0.18188020590405907
70,0.18485212527472522
71,0.18535689379699252
72,0.1868999723880597
73,0.18621585370370372
74,0.18684702443609025
75,0.18808467452471483
76,0.18885813811320754
77,0.1897705077067669
78,0.1895695498091603
79,0.19045122424812033
80,0.19038574566037736
81,0.20387690161943323
82,0.2066634467346939
83,0.20644153934426232
84,0.20806078401639347
85,0.21035478822314052
86,0.20808961200873363
87,0.21352277923728813
88,0.2157843158119658
89,0.21924696594827586
90,0.2209339098253275
91,0.22410010707964606
92,0.2268980995535714
93,0.22593820468749998
94,0.22619808906250002
95,0.22766369529147976
96,0.22804658901345293
97,0.241368440625
98,0.2429308394230769
99,0.24442215552884614
100,0.24332235144230766
101,0.24380958125000002
102,0.2450356302884615
103,0.2503938145320197
104,0.2556414865482234
105,0.2563769128140704
106,0.2600378607692308
107,0.258793557106599
108,0.2608847180412371
109,0.26344359432989695
110,0.2637116041237113
111,0.2674291706185567
112,0.2671415341269841
113,0.27817074972826095
114,0.279329611299435
115,0.27985082142857143
116,0.28121483049450546
117,0.28210395604395605
118,0.2832853745856353
119,0.2877409282485876
120,0.2920744192528736
121,0.2927921916666667
122,0.29474834367816094
123,0.2962331592485549
124,0.2988491593567251
125,0.3015211611111111
126,0.3008109599415205
127,0.30023532251461993
128,0.30125833392857143
129,0.3149406466257669
130,0.3158738555214724
131,0.3185702776397516
132,0.3184528462732919
133,0.3195669071428571
134,0.32049361925465836
135,0.3235252841772152
136,0.3255013392405063
137,0.3288982259615385
138,0.331715775
139,0.33544286354838715
140,0.3360416748366013
141,0.3374595346405229
142,0.34045933594771244
143,0.3379976266447368
144,0.34051727222222217
145,0.349429800680272
146,0.3545907221088435
147,0.35693525931034487
148,0.3580456868965517
149,0.3580288710344828
150,0.35432292951388894
151,0.3608092792253521
152,0.36188104014084505
153,0.36369861514084506
154,0.3684326432142857
155,0.3703171542857143
156,0.37327537769784175
157,0.37378558453237404
158,0.37515198309352515
159,0.37442448081395346
160,0.3771503770072993
161,0.38817536231343286
162,0.3892370011363636
163,0.3910381821969697
164,0.38757021951219517
165,0.39358880916030525
166,0.3936057229007634
167,0.39858216450381684
168,0.40000565736434107
169,0.4022529290697674
170,0.40678251456692904
171,0.4071321232283464
172,0.4073697335443037
173,0.4086414580645161
174,0.4100307313492063
175,0.4103265615384615
176,0.4097225880952381
177,0.4200004006578947
178,0.4242013008264463
179,0.4264832781512605
180,0.4272739986666666
181,0.42919964545454536
182,0.43001867231404955
183,0.43230913991596637
184,0.4343462642857144
185,0.4336326175675676
186,0.438258361440678
187,0.44214283836206897
188,0.4442159146551723
189,0.44589998189655167
190,0.4443590333333334
191,0.4461811555555556
192,0.44418774305555553
193,0.45236804577464795
194,0.45559862071428564
195,0.4606875972972974
196,0.4625825292792793
197,0.46044773913043474
198,0.4640260311594203
199,0.4675712900000001
200,0.4648773198529412
