1,0.09252601816143499
2,0.10186001312785387
3,0.12513845531335147
4,0.15094283952380952
5,0.1668475426258993
6,0.1935053440082645
7,0.22655797
8,0.25459875403225807
9,0.30869142354838713
10,0.30691326838709676
11,0.33332484166666665
12,0.357235528358209
13,0.3852788516129032
14,0.4295391472727273
15,0.44251482546296306
16,0.4762396531195976
17,0.5052319015789473
18,0.603566211
19,0.6253657650974026
20,0.6316520010416665
21,0.6311133395833334
22,0.6498960986486487
23,0.7280941371212122
24,0.7444228829268293
25,0.7624913212500001
26,0.7619326198412699
27,0.8468984848214286
28,0.8649940171428573
29,0.9013797839622641
30,0.87548664
31,0.9121905015151515
32,0.9842825104166666
33,0.9918333500000001
34,1.0177554366666668
35,1.0210677183333332
36,1.1119438941860467
37,1.1375775314814816
38,1.1433205464285714
39,1.1469269714285717
40,1.1516225595238094
41,1.2530443958333335
42,1.2671557979166665
43,1.27176823125
44,1.2761317458333332
45,1.3622125771428573
46,1.388398593181818
47,1.3953515250000001
48,1.4004021454545454
49,1.4118162477272727
50,1.5044722375000001
51,1.518829315
52,1.5244032325
53,1.5313719225
54,1.6172733289473686
55,1.640971155263158
56,1.6485212842105261
57,1.6553575526315787
58,1.6981510166666665
59,1.7593200444444441
60,1.7718491882352945
61,1.7783658264705882
62,1.789168773529412
63,1.8718605579999998
64,1.8936790843750002
65,1.9022751687500001
66,1.91105596875
67,1.9687601656249998
68,2.01418915
69,2.02572306
70,2.0335300266666665
71,2.0515747133333333
72,2.1284968999999996
73,2.1481785750000006
74,2.157405325
75,2.169063285714285
76,2.2324406071428573
77,2.268320689285715
78,2.2798320071428573
79,2.2901862142857143
80,2.317451438461539
81,2.3838185807692307
82,2.402406688461539
83,2.412675915384616
84,2.432815211538461
85,2.494289323076923
86,2.523484045833333
87,2.537274370833333
88,2.5602977708333334
89,2.6032370499999993
90,2.6411273583333332
91,2.6612258125
92,2.6853619833333333
93,2.731172320588235
94,2.7574096454545454
95,2.7834251363636366
96,2.8065374545454542
97,2.8387126363636366
98,2.8725551409090904
99,2.9077960590909084
100,2.928354409090909
101,2.9657251227272727
102,2.9964215863636365
103,3.0344775399999997
104,3.0598784700000006
105,3.0877183550000002
106,3.12988749
107,3.1512794249999994
108,3.1860553250000008
109,3.2016612000000007
110,3.243145655
111,3.278433325
112,3.3060476150000007
113,3.3367964349999997
114,3.371158594444444
115,3.3922887499999996
116,3.4338851555555556
117,3.4543919777777776
118,3.496317427777778
119,3.5190765
120,3.563559616666667
121,3.577611877777778
122,3.6022362833333332
123,3.6406037944444445
124,3.684473333333334
125,3.7144836666666663
126,3.731653027777778
127,3.786089061111111
128,3.802201975
129,3.8211964500000004
130,3.8602036874999994
131,3.9088908062500005
132,3.9320324750000015
133,3.96450991875
134,3.9932466125
135,4.019738256249999
136,4.0376155874999995
137,4.0713128125
138,4.09316911875
139,4.144967037500001
140,4.149633200000001
141,4.17856045625
142,4.227851881249999
143,4.2617110375
144,4.283139987500001
145,4.313610543749999
146,4.360044209090909
147,4.380638657142856
148,4.4028060642857145
149,4.422539714285715
150,4.481843864285715
151,4.496768971428572
152,4.509048692857143
153,4.574698857142857
154,4.577915064285714
155,4.598569728571429
156,4.625247121428571
157,4.688558764285715
158,4.693954435714286
159,4.724053885714286
160,4.753063414285713
161,4.7796620785714286
162,4.804513185714286
163,4.84354215
164,4.869334035714285
165,4.903948914285714
166,4.934208478571428
167,4.964231757142857
168,4.995581907142857
169,5.0276542499999985
170,5.063681916666667
171,5.083003441666667
172,5.111941833333334
173,5.126957616666667
174,5.157144274999999
175,5.1861854833333325
176,5.216619666666666
177,5.246416825000001
178,5.275106249999999
179,5.306263425
180,5.336535191666667
181,5.364569208333333
182,5.390811641666667
183,5.422208991666667
184,5.4573123500000005
185,5.485015141666667
186,5.51211395
187,5.545320458333334
188,5.578240608333332
189,5.604565283333333
190,5.632960258333333
191,5.659859641666666
192,5.693836033333334
193,5.7223880000000005
194,5.755473875000001
195,5.783564891666667
196,5.809375158333333
197,5.838421608333333
198,5.864504741666667
199,5.9022608
200,5.933780416666667
