1,0.042137274780701756
2,0.0449066352
3,0.05105098370720189
4,0.05163786428571428
5,0.05477138091697646
6,0.06179542104166669
7,0.06707622426035502
8,0.07165328653846154
9,0.08594282347122302
10,0.08812253906542056
11,0.09293927013487475
12,0.11004342488532108
13,0.1118138815116279
14,0.11587360277777776
15,0.13242433923705724
16,0.13427293214285715
17,0.1386681354341737
18,0.15460647444794953
19,0.15681508962264154
20,0.16089531955128203
21,0.17601522816901408
22,0.18614272608695648
23,0.17896026129032258
24,0.19631379740000002
25,0.205152981
26,0.21518380303030302
27,0.2181659061403509
28,0.22007463429203541
29,0.22222765764192143
30,0.2386021796208531
31,0.24246213774038464
32,0.24467649134615385
33,0.2615640341145834
34,0.2646584591145834
35,0.26677254391534383
36,0.2833927910614525
37,0.2864329257062147
38,0.2888017946927374
39,0.3053258610119048
40,0.308538443154762
41,0.3107246204819277
42,0.32691792339743586
43,0.33025651923076926
44,0.33243714423076925
45,0.349087154054054
46,0.3518963568027211
47,0.35442117925170075
48,0.3680570775862069
49,0.37374861821428573
50,0.37651324316546764
51,0.392714971969697
52,0.3952036696969697
53,0.3981596702290075
54,0.414508571031746
55,0.4170035840163935
56,0.416834016025641
57,0.43284523716216217
58,0.4386090176470588
59,0.43874693378378377
60,0.4580156995614035
61,0.46059596008771936
62,0.463663428508772
63,0.48009555909090906
64,0.47968079999999996
65,0.48259128382352945
66,0.5015590476190478
67,0.5014319784615384
68,0.5073603352380953
69,0.523225265
70,0.5266815940000001
71,0.5409519365979383
72,0.5484071850515464
73,0.546920445
74,0.5622965172043011
75,0.5681568758620691
76,0.5655023655172413
77,0.5799471044642857
78,0.5852323616071429
79,0.5869815169642857
80,0.601408900925926
81,0.6064577944444444
82,0.6081805166666665
83,0.6234723
84,0.6273576711538462
85,0.6292975759615383
86,0.6447733411764704
87,0.64823835
88,0.6509569639999999
89,0.667567493877551
90,0.6704701122448979
91,0.6719998285714286
92,0.6924353394736843
93,0.6959316927631578
94,0.6932655414893616
95,0.7145726391891892
96,0.7125574663043478
97,0.714181070652174
98,0.7312033888888889
99,0.7337664177777777
100,0.7369505822222222
101,0.7529191181818183
102,0.7554475593023258
103,0.7635090101449276
104,0.7745168750000001
105,0.776792005952381
106,0.778757017857143
107,0.7955241609756099
108,0.8038587446969697
109,0.8012941939024391
110,0.8173107049999999
111,0.81937335
112,0.8222188850000002
113,0.8385562820512821
114,0.8399939756410258
115,0.8443942935897435
116,0.8653929368852458
117,0.8614983381578949
118,0.8654645157894737
119,0.8864670618644067
120,0.8890310881355933
121,0.8953391703389832
122,0.9090229999999999
123,0.9037926541666667
124,0.9168854922413794
125,0.9224040208333335
126,0.9257638374999997
127,0.9306007541666665
128,0.94517197
129,0.945959815714286
130,0.9521012857142857
131,0.966302355882353
132,0.9676392852941178
133,0.9753304661764705
134,0.9867675151515152
135,0.9896151000000002
136,0.9955089742424241
137,1.0080953312499998
138,1.0102688196969698
139,1.025246678125
140,1.0300728062499998
141,1.0320722718749997
142,1.0454253265625002
143,1.059230779
144,1.0541821064516128
145,1.067780820967742
146,1.0722755951612901
147,1.0754741887096773
148,1.0905559741379314
149,1.0934195666666668
150,1.0974408833333331
151,1.1107181716666668
152,1.1135823599999999
153,1.1269022695652176
154,1.1327944586206895
155,1.1368601827586207
156,1.1375307482758619
157,1.1546389086206896
158,1.1579142327586205
159,1.1603553896551724
160,1.1751028482142858
161,1.1792988892857141
162,1.1819072535714286
163,1.337526295
164,1.178419632142857
165,1.1816144714285715
166,1.2102625976744184
167,1.2143218162790699
168,1.2080573388888889
169,1.2215754092592594
170,1.2248579611111112
171,1.2301380499999999
172,1.245416492307692
173,1.2592672821428572
174,1.2527474115384616
175,1.2673512923076922
176,1.2716112461538462
177,1.2743988999999998
178,1.2896251576923077
179,1.2921897307692305
180,1.2957838699999997
181,1.31055624
182,1.3134774539999998
183,1.3161352619999998
184,1.331442638
185,1.335377576
186,1.3423684000000002
187,1.3642948833333333
188,1.36622023125
189,1.3738395354166664
190,1.3856706208333334
191,1.3899207541666667
192,1.394047264583333
193,1.40799875625
194,1.41018075
195,1.4167155020833335
196,1.4292952195652173
197,1.4315387804347828
198,1.438114060869565
199,1.4510491608695653
200,1.4525343630434784
