1,0.027494591822620013
2,0.02984768103765258
3,0.02986156245589273
4,0.030609592107279694
5,0.03217222030651341
6,0.033157541693290736
7,0.034114146877637135
8,0.035828197427101194
9,0.0435779966904277
10,0.04370745628803246
11,0.04705383872767858
12,0.06094738459944751
13,0.06175044102209945
14,0.06345548865606938
15,0.06866346844135801
16,0.06946942842519685
17,0.07372808545454544
18,0.07921787351916378
19,0.0795267144265233
20,0.08126436460980037
21,0.08956558506876228
22,0.09009995762886597
23,0.09445792979591837
24,0.10812643684834124
25,0.10977664597156399
26,0.11355238031784841
27,0.11727251653944024
28,0.11549013423645318
29,0.12092380276315792
30,0.12416406733870966
31,0.12769571187845305
32,0.1278525915531335
33,0.13722422419354835
34,0.13852324457478005
35,0.14472560109375002
36,0.15522864062500003
37,0.16067847157534246
38,0.16295483875432526
39,0.1666838155477032
40,0.16622607271126763
41,0.17232098260073261
42,0.17642735848708488
43,0.19358631256410255
44,0.17520829736842106
45,0.18041868878326994
46,0.18282152131782944
47,0.18622183571428572
48,0.20808392278761062
49,0.2146240284722222
50,0.22047572261904758
51,0.22171111764705878
52,0.23033565547619053
53,0.22789142932692308
54,0.23087295144230768
55,0.22837176400966183
56,0.236635457
57,0.23515760985221676
58,0.23809225558375635
59,0.23252770517241378
60,0.2570121603174603
61,0.2649639174033149
62,0.26954433854748605
63,0.2691895556497175
64,0.28142369017341035
65,0.28136322100591715
66,0.28305372774566473
67,0.2786349563583815
68,0.2855001695266272
69,0.2879227154761905
70,0.28738340739644974
71,0.2904450654761905
72,0.30733542403724745
73,0.3145660503225806
74,0.3218683108552632
75,0.31472122516129036
76,0.3224843980263158
77,0.3222804736666666
78,0.32721278141891896
79,0.32507013
80,0.3339319362068966
81,0.33661155
82,0.343101361971831
83,0.3417919147887324
84,0.3617262840909091
85,0.38981947525773203
86,0.3612459541044777
87,0.36426656564885496
88,0.37175391627906984
89,0.37274683333333336
90,0.3730046559055118
91,0.3702045267175572
92,0.37572812913385834
93,0.3765472786821706
94,0.3745558949612403
95,0.39400424713114757
96,0.4012158111570248
97,0.4053527926724138
98,0.4048005966666666
99,0.4169393275862069
100,0.41445143017241376
101,0.4246656785087719
102,0.4145595685344828
103,0.4289200154867257
104,0.4263314925438596
105,0.430790728318584
106,0.42470889692982455
107,0.44639068590909076
108,0.4453572354545454
109,0.4475123610294117
110,0.4579150806603774
111,0.46746146692307694
112,0.4727661407766991
113,0.4743777888349516
114,0.4694455126213593
115,0.4795566594059405
116,0.47334217578125
117,0.4803940767326732
118,0.47644021504854367
119,0.49886944540816325
120,0.5063141175257734
121,0.5105259200000001
122,0.5006320598360655
123,0.5173716363157894
124,0.5201264639784947
125,0.5178155779661017
126,0.5228356322580645
127,0.5675662028073916
128,0.5183306715517242
129,0.5202893155172414
130,0.5241500195652175
131,0.5379152116071428
132,0.5432872335227273
133,0.5472759563636364
134,0.5527042344827586
135,0.5568549352171137
136,0.5581227583333334
137,0.5619124511764706
138,0.5640249576470588
139,0.5667506711764706
140,0.568607737735849
141,0.5703374396226415
142,0.5742099101190478
143,0.5880018355769231
144,0.5920759725490197
145,0.5962985205882354
146,0.602471732
147,0.60544382
148,0.6088231791139241
149,0.6127633601265822
150,0.6153013765822785
151,0.6196252784810126
152,0.6177501387755102
153,0.6225383877551022
154,0.6311187792207792
155,0.6383998197916666
156,0.6455596390117582
157,0.6489867393617023
158,0.653502314893617
159,0.6584980304054054
160,0.6589028684782607
161,0.6613092206521739
162,0.6634380500000001
163,0.6651890293478261
164,0.6664990819444445
165,0.6696163437500001
166,0.6800644011111112
167,0.6866195676056337
168,0.6912650659090908
169,0.696806388405797
170,0.7653609621612903
171,0.6986829002696326
172,0.7014330651162791
173,0.7037369395348837
174,0.706002638372093
175,0.7102843567164179
176,0.7098904
177,0.7147797201492537
178,0.7225859273809525
179,0.7317853787878787
180,0.7339440548780488
181,0.7389781121951219
182,0.7432239743902439
183,0.74924050234375
184,0.7527127132812501
185,0.7531104125000001
186,0.7549991525
187,0.75668933375
188,0.75769783375
189,0.7620150437500001
190,0.7732201858974358
191,0.7788550846153846
192,0.783393891025641
193,0.7914301926229507
194,0.7939763039473684
195,0.7972400131578946
196,0.7992841960526318
197,0.8013919421052632
198,0.8033855907894737
199,0.8053490289473685
200,0.810748290677966
