1,0.0109018064293498
2,0.011271845665814547
3,0.011285087408892128
4,0.01129772098571926
5,0.011955065582754842
6,0.013213564402013246
7,0.01204016977544368
8,0.012341602230003686
9,0.01272990485046012
10,0.012704340544572921
11,0.012851176210260117
12,0.01283467253438114
13,0.012839356362568518
14,0.012816485252451871
15,0.012911954219492868
16,0.012838952388767321
17,0.014329321286719073
18,0.014376592149265902
19,0.014402480946502058
20,0.014388680438378825
21,0.014436958336641522
22,0.014466213739837397
23,0.01455329285130719
24,0.014499874265618535
25,0.014659696051007816
26,0.015966841613198897
27,0.015971082201509102
28,0.01576454270172258
29,0.015687528574670904
30,0.0160767506695233
31,0.016193803999116217
32,0.016263603083900225
33,0.016104916123188404
34,0.01677379448780488
35,0.016896668086625415
36,0.01694440613908873
37,0.01703694366906475
38,0.0171084937995338
39,0.017218412910128388
40,0.017222126056665118
41,0.017092736177215188
42,0.01760232609011628
43,0.01907369668536461
44,0.01898614447541815
45,0.01890052936016512
46,0.019057092977099236
47,0.01914245911673554
48,0.019083677314112292
49,0.01929426558966074
50,0.01905643218862122
51,0.02027542057546146
52,0.020390499677938805
53,0.020379530235101147
54,0.02040762758333333
55,0.02073012629355861
56,0.020594895074298295
57,0.02057365695488722
58,0.020635621153846154
59,0.022483152189988625
60,0.024218563544152746
61,0.023996192455808082
62,0.024249193368617687
63,0.024133195930949446
64,0.024294398798988627
65,0.02726367767638336
66,0.024336176151930265
67,0.02429537545731707
68,0.025071142525445293
69,0.025167599264705885
70,0.025181828212468192
71,0.025236163513513515
72,0.025308832588161204
73,0.02532258408796895
74,0.025357593552546742
75,0.02537511974842767
76,0.02601781706683972
77,0.027556954456140356
78,0.0275646671418873
79,0.027557351745379877
80,0.027674335302013426
81,0.02777845196215837
82,0.0278291374912892
83,0.027985283012379646
84,0.028009657147887324
85,0.02879246229449607
86,0.02893330525387871
87,0.028946100677603424
88,0.02906306064814815
89,0.02919765799295775
90,0.02927881862318841
91,0.02936325159304852
92,0.029500341762177647
93,0.031871722342901476
94,0.033551127448559676
95,0.03361830384
96,0.03366889745351657
97,0.03374105528652139
98,0.03394713450760608
99,0.0340238233251634
100,0.033953282003257326
101,0.03406696470588235
102,0.03464627376644736
103,0.03477928199170125
104,0.0348150822621035
105,0.03497512544861338
106,0.03538161991005724
107,0.0351072266723116
108,0.035227498630705394
109,0.03528050877703827
110,0.03592571503407155
111,0.03740791696035242
112,0.037420079380993905
113,0.037479139999999994
114,0.03764126355181576
115,0.038128532917038355
116,0.03784480076028622
117,0.03793337598173516
118,0.037993944350533805
119,0.039355422136363644
120,0.03975396427272727
121,0.03929989832089552
122,0.039705915976597665
123,0.04071971057810578
124,0.03942048857798165
125,0.03965430470204843
126,0.03974438943466173
127,0.042311398623402156
128,0.04396059515640768
129,0.0440026037131231
130,0.04432834904618474
131,0.044473847407776664
132,0.044697940188305245
133,0.044698177726337454
134,0.04487296044624747
135,0.04488819615384615
136,0.04527056081504703
137,0.04554563316939891
138,0.04569052138492871
139,0.04588304782383419
140,0.046124153761755486
141,0.04609742406639004
142,0.04626326517205422
143,0.046388391320166325
144,0.0468326819706499
145,0.04816235572972973
146,0.0481919965648855
147,0.0484104212568306
148,0.04852151449115045
149,0.04873789332603939
150,0.04899163087912088
151,0.049182237802197805
152,0.04911714208242949
153,0.049592843680089475
154,0.04991883694196429
155,0.05003839252232144
156,0.050037047891231964
157,0.05024092505630631
158,0.05072080464725644
159,0.05079681565995526
160,0.05060142463848722
161,0.052693444786729854
162,0.05416794325775657
163,0.054432109356014585
164,0.05498085483293556
165,0.05475690800000001
166,0.055041302877697845
167,0.05475861164465786
168,0.0554095976076555
169,0.05526673429602887
170,0.055707874545454554
171,0.05564805406060607
172,0.05576317319018405
173,0.05624757786783042
174,0.05602344089242053
175,0.05626545841463415
176,0.05616368827930175
177,0.05695298294334975
178,0.05711537133084577
179,0.05898788945362135
180,0.05856872468434344
181,0.05835764400773196
182,0.05921248910012673
183,0.06009960353356891
184,0.05809559322580646
185,0.05823634370988447
186,0.05829863483290488
187,0.05867778961290322
188,0.05901959727272727
189,0.059013147823218995
190,0.05929422904269082
191,0.05942291514175257
192,0.05951790520833333
193,0.05971467096985584
194,0.05980331928763442
195,0.06177229023066486
196,0.06347323186141306
197,0.06357189319444444
198,0.06359213509615387
199,0.06382570154277699
200,0.06393535783216785
