1,0.08792779348697395
2,0.09414881364605544
3,0.09930882310195228
4,0.10620012873563218
5,0.10745972447306791
6,0.11265262560679609
7,0.13053731028169016
8,0.12802021730769234
9,0.1463381949695122
10,0.14864610441640377
11,0.15477566283333336
12,0.17105245563636365
13,0.1706637730909091
14,0.17773311138059703
15,0.19719408792372878
16,0.19757574789029536
17,0.20630342205240176
18,0.22743601570048314
19,0.2254784123809524
20,0.22867830480769233
21,0.2534833307486631
22,0.25540243941798935
23,0.2627514994505495
24,0.30672603589743586
25,0.3042487862179487
26,0.310314664516129
27,0.32679236938775513
28,0.3275585523809524
29,0.3388004135416666
30,0.36421644734848485
31,0.3566380726277372
32,0.3588536581481481
33,0.37881327204724413
34,0.3840808400793651
35,0.39178954072580646
36,0.43311131428571426
37,0.4327312130630631
38,0.43546809369369366
39,0.45351470613207545
40,0.46193014805825233
41,0.4652207304761904
42,0.4798384420634921
43,0.48578229449999993
44,0.4960123816326531
45,0.5028888405263158
46,0.5134781352631579
47,0.5130795516949153
48,0.6060921050632911
49,0.6191443693877553
50,0.6263598824675324
51,0.627366646103896
52,0.6312044407894736
53,0.6467998723404256
54,0.63531821875
55,0.6310727083333334
56,0.6264061435064935
57,0.6376521842105264
58,0.6548942412162161
59,0.6454511993243242
60,0.716716275
61,0.7341064097560974
62,0.7369171261904762
63,0.7328647326127127
64,0.75351644375
65,0.7668806682539682
66,0.7606139976190477
67,0.75846403375
68,0.7583202775
69,0.7676238928571428
70,0.7759594743589743
71,0.8065829710526314
72,0.8322748851351351
73,0.8453999513888888
74,0.8509395
75,0.8519374819444444
76,0.8759607014285715
77,0.8971867970588235
78,0.8804578636363635
79,0.8709540314285714
80,0.8871287911764705
81,0.8850874647058825
82,0.9034873617647058
83,0.9324201656862744
84,0.9494505234375
85,0.9667845359374999
86,0.9763720435483871
87,0.9847574241935485
88,1.0024352850000002
89,1.0045787183333335
90,1.00670062
91,1.0084751333333333
92,1.0105876483333336
93,1.012562445
94,1.0172128116666665
95,1.086317426785714
96,1.108209680232558
97,1.119172862962963
98,1.1250916333333332
99,1.129114772222222
100,1.1315213574074072
101,1.1336838666666667
102,1.1351854555555556
103,1.1369019537037037
104,1.1384915925925927
105,1.1406326092592596
106,1.1475221277777778
107,1.2142045040000002
108,1.2329943960526315
109,1.2438513519999999
110,1.2497367078947368
111,1.2540446104166667
112,1.2575107979166666
113,1.2589944562499997
114,1.2607157625
115,1.2630876104166668
116,1.26555851875
117,1.2695811333333331
118,1.28116265625
119,1.3414784826086956
120,1.3589541891304346
121,1.369189786956522
122,1.3749467181818185
123,1.3789386318181818
124,1.3816604022727275
125,1.3841787045454548
126,1.386530165909091
127,1.389233618181818
128,1.393369572727273
129,1.400733931818182
130,1.4175691863636364
131,1.4720218904761908
132,1.4857140571428573
133,1.4951911453125002
134,1.499982435625
135,1.5040287975000002
136,1.506961295
137,1.5098564074999998
138,1.5129321725
139,1.5162047875
140,1.52223338
141,1.5333917549999998
142,1.56405809
143,1.6026241210526315
144,1.6148008763157893
145,1.6226869578947367
146,1.6275640105263156
147,1.6310422157894735
148,1.6340793500000002
149,1.6365649736842107
150,1.6398420684210526
151,1.6453607868421052
152,1.6542247315789473
153,1.6672346157894737
154,1.7035111861111112
155,1.7310615500000002
156,1.7425049027777781
157,1.749161872222222
158,1.753709236111111
159,1.7572002203703705
160,1.7611660111111112
161,1.764249831590414
162,1.7685857235294118
163,1.7772110176470586
164,1.7879607117647056
165,1.802497855882353
166,1.8377002529411768
167,1.859021288235294
168,1.868963547058823
169,1.8750186819999997
170,1.8801327156249998
171,1.8839264375000002
172,1.8872342093749999
173,1.892047540625
174,1.8986682625000004
175,1.909509809375
176,1.9220742000000002
177,1.9402424437499999
178,1.9718466312500005
179,1.9877402104166668
180,1.9969051645833333
181,2.0025246466666666
182,2.0059698666666663
183,2.0108874900000004
184,2.01561439
185,2.0216832966666662
186,2.030842826666666
187,2.0425206933333335
188,2.05623046
189,2.0785107966666665
190,2.1034635333333336
191,2.4049688706250003
192,2.09137622
193,2.09626935
194,2.101307486666667
195,2.10571859
196,2.11158948
197,2.12023138
198,2.1312254999999998
199,2.1466324915584414
200,2.1759714214285717
