1,0.027174878174305032
2,0.028213341241162607
3,0.028228326353790613
4,0.028213268123667378
5,0.028329892004118045
6,0.028323433705512914
7,0.028365158275382475
8,0.02825932513736264
9,0.02916102737520129
10,0.02976134663461539
11,0.029724980211370263
12,0.029758933054545453
13,0.029641834507042247
14,0.02953410829109341
15,0.029766710528273812
16,0.029641359244314013
17,0.029739941409691627
18,0.03167588808073114
19,0.03152526252873563
20,0.03164684217252396
21,0.031506324903175835
22,0.031515979105628374
23,0.0312280506092917
24,0.03128627103658537
25,0.03128930033758439
26,0.032183367777777784
27,0.03233903243034055
28,0.03232973434542587
29,0.03224112814726841
30,0.03233740503968254
31,0.03238755946698488
32,0.03234349725184578
33,0.03218412726199844
34,0.032266239756317684
35,0.03457046556761269
36,0.03445913336134454
37,0.03484360309917355
38,0.034788386101973684
39,0.03487468945378152
40,0.03480254863973619
41,0.034894375082644626
42,0.03483869385004212
43,0.03531695541702493
44,0.03558678692109777
45,0.03582187091141397
46,0.03597809621145376
47,0.03612059987113402
48,0.03626857204623288
49,0.036333495336787563
50,0.03638101861377507
51,0.03636438982035928
52,0.040373213671497585
53,0.040905399048525214
54,0.041009693394406944
55,0.04105087990291262
56,0.04116388419512196
57,0.041462967369970564
58,0.043125808058124174
59,0.0411197293627451
60,0.041582466666666665
61,0.042061949273255815
62,0.0426062201183432
63,0.04277893220675945
64,0.04304172220480668
65,0.043177018894472355
66,0.043435770656565655
67,0.04365311240039841
68,0.04382123446553447
69,0.04420263741188318
70,0.0452926446898002
71,0.045621951677148845
72,0.047719719504310344
73,0.04840682368421053
74,0.048707450220750556
75,0.050006668568232666
76,0.05057145699541284
77,0.05108039338407494
78,0.052086230296127564
79,0.052694349705535916
80,0.05320790819767442
81,0.053468953575685346
82,0.053717967125984256
83,0.05397521476590636
84,0.054183117388758764
85,0.054365331330221714
86,0.055380798362720404
87,0.05633023078358209
88,0.05643133479643767
89,0.0566312297413793
90,0.05682887142857144
91,0.056967207070707064
92,0.057097496397515525
93,0.05716067179648241
94,0.05849565613266582
95,0.059070493041237127
96,0.05937169777195282
97,0.059582594645161295
98,0.059880944015957456
99,0.0599669633058985
100,0.06005647033557048
101,0.06025993266233765
102,0.060427465936255
103,0.06564290164992825
104,0.06605712977207978
105,0.06666545365853659
106,0.0673478106017192
107,0.06716431625899281
108,0.06764998234870317
109,0.06746758152173914
110,0.06754091985507248
111,0.06821195927835053
112,0.06929657682748537
113,0.06972834745508981
114,0.07021643234421364
115,0.07023219759759759
116,0.07105074118541034
117,0.07084717875375376
118,0.0716100735426009
119,0.07081227142857141
120,0.07537609710144928
121,0.07576710952768728
122,0.07576136291600634
123,0.07629499118122976
124,0.07577770850556438
125,0.07632052883386582
126,0.07652200345659163
127,0.07632015873786409
128,0.0770194193290735
129,0.07800221675
130,0.07773539523026314
131,0.07836647709359607
132,0.07864928127062706
133,0.07917803683333333
134,0.0786665794214876
135,0.0794577366174056
136,0.07907358474295191
137,0.08801171499999999
138,0.08828827074074075
139,0.08848404704797048
140,0.08897626377649326
141,0.08875556022514071
142,0.08853107890334573
143,0.08942999115456238
144,0.08913524055555555
145,0.09026969990689013
146,0.09017520609523809
147,0.09087233695652173
148,0.09074804851024208
149,0.09079955514285713
150,0.09084874323308272
151,0.09111967179245284
152,0.0912642833962264
153,0.09137256676190478
154,0.097572130831643
155,0.09787657268993841
156,0.09872608524590164
157,0.09866702089249492
158,0.09849651526639344
159,0.09890094385245901
160,0.09892865
161,0.09911095911885245
162,0.09966728343750002
163,0.10012927991718426
164,0.10041912813807531
165,0.10083152431578947
166,0.10091024741200828
167,0.10059294885892117
168,0.10060632725366876
169,0.1042015945868946
170,0.09903426390041492
171,0.1040598344155844
172,0.10467642375271151
173,0.10489602841409693
174,0.10499757517006802
175,0.10527073982494531
176,0.10553440421286031
177,0.10574653736141906
178,0.10595664779249446
179,0.10641464854910714
180,0.1068901019955654
181,0.10740507093541203
182,0.10747960895691612
183,0.1077014603794643
184,0.10798691042128604
185,0.10805341689342403
186,0.108153235
187,0.10842273654708517
188,0.11167981390804597
189,0.11234987534883722
190,0.11242285796766742
191,0.11267516834112151
192,0.11291325127314816
193,0.11306373422897197
194,0.1132158488290398
195,0.11341108911007024
196,0.11432320226190476
197,0.1148504618072289
198,0.1152052342857143
199,0.11537362428909953
200,0.11559865688405799
