1,0.008601402907476368
2,0.010700627454224575
3,0.013035910861280487
4,0.015419747718720601
5,0.017832787138030888
6,0.02038158440021517
7,0.022985820384615385
8,0.025886672189542482
9,0.031205688617580774
10,0.03278353083528494
11,0.03541305322854715
12,0.03591243417884781
13,0.03823410958219801
14,0.04094209594985535
15,0.043265100795228634
16,0.04669694206859593
17,0.04915104724409449
18,0.055372965581977476
19,0.057037050913838115
20,0.059811903913630234
21,0.06160647489626556
22,0.06431024064327485
23,0.06491375735080059
24,0.06712076502242152
25,0.07051083115264796
26,0.07296950715434083
27,0.07891613439425052
28,0.08084434237588652
29,0.08322722392120076
30,0.08531729584120983
31,0.08869654426070038
32,0.0908140875
33,0.09392777145790554
34,0.09438119561224488
35,0.09691425947368419
36,0.10703301011764707
37,0.11497253341645883
38,0.11941935835509139
39,0.12036913108808289
40,0.12037043095854921
41,0.12038904285714286
42,0.12039507337662338
43,0.12052729477211793
44,0.12555849116847825
45,0.13144218424068768
46,0.1366391579881657
47,0.14089592573964496
48,0.1434087295665635
49,0.14384749752321982
50,0.14391821119631898
51,0.14408370889570551
52,0.14424195420560748
53,0.1505523556451613
54,0.1561353298013245
55,0.16151655326460482
56,0.1652127052816902
57,0.16716630925266904
58,0.16750294839857652
59,0.1676031702846975
60,0.16799553333333336
61,0.1678910663082437
62,0.17584815615671645
63,0.18114370255905513
64,0.18591369566929133
65,0.18874727773279357
66,0.19103555506072875
67,0.19113566326530612
68,0.20692225706214692
69,0.19142971943319836
70,0.1916842926229508
71,0.20055732301255233
72,0.20610357061403506
73,0.2105219241071429
74,0.21291394103139014
75,0.21454589502262447
76,0.2148699522727273
77,0.21529188681818182
78,0.21517093818181818
79,0.21917013186046513
80,0.2255101521739131
81,0.23092191231884057
82,0.23392515585365853
83,0.23701719801980198
84,0.2383855997487437
85,0.23876452236180906
86,0.23858073618090453
87,0.23910180050251256
88,0.24441017918781727
89,0.2506229851851852
90,0.25565853903743313
91,0.2583824784946237
92,0.26083167771739124
93,0.26211698342541434
94,0.26235300446927373
95,0.2627015524861878
96,0.26291920856353584
97,0.26947411412429373
98,0.27527919176136356
99,0.2798740452662722
100,0.28279583284023674
101,0.28514376415662646
102,0.2861063018404908
103,0.2860012111445784
104,0.28656051445783126
105,0.2865408897590361
106,0.2949353565217391
107,0.3007734528481013
108,0.3036782698717948
109,0.30651136570512816
110,0.3090802829032258
111,0.3093275829032258
112,0.309903925483871
113,0.3100332080645161
114,0.31056427352941174
115,0.32039043479729734
116,0.3249722819727891
117,0.3277051653061225
118,0.3313139173611111
119,0.33299310624999995
120,0.33323371076388886
121,0.33399877048611104
122,0.33404698437499997
123,0.33840413098591554
124,0.34609544784172663
125,0.34971084014598536
126,0.3521431914814815
127,0.35557191814814815
128,0.3563223992537314
129,0.3572001208955224
130,0.35724111194029845
131,0.35754614999999995
132,0.36386315568181815
133,0.37039041335877865
134,0.37340432248062017
135,0.37658212047244094
136,0.37943012896825395
137,0.38061263293650793
138,0.406267755
139,0.3810625123015873
140,0.38170289880952374
141,0.38926196008064523
142,0.3949565615077653
143,0.3979169429752066
144,0.4010132369747899
145,0.4031959147058824
146,0.4044960889830509
147,0.4043598995798319
148,0.4049951805084746
149,0.40632530720338994
150,0.4154845775862069
151,0.41930552938596494
152,0.42212961315789477
153,0.4241959216216216
154,0.42738281061946903
155,0.42780663318584067
156,0.42803737566371686
157,0.42907561928571425
158,0.43172665540540534
159,0.4401600045454545
160,0.4437900157407408
161,0.4461524171296296
162,0.44904580522388055
163,0.4516575325471697
164,0.4513820566037736
165,0.4515329443396227
166,0.45256805571428577
167,0.4584457614285714
168,0.465098377184466
169,0.46846732038834943
170,0.46985469999999996
171,0.4736076698019802
172,0.4746388054455445
173,0.475116681
174,0.4759379232673268
175,0.47679563399999997
176,0.483169534
177,0.48944873367346936
178,0.4917201780612246
179,0.49496156237113387
180,0.49752246134020617
181,0.49875705154639177
182,0.4993973530927835
183,0.49911521340206194
184,0.5010994641666666
185,0.5092434155913979
186,0.5139348567796611
187,0.515908108064516
188,0.5194923146551723
189,0.5220479967391305
190,0.5225166086956523
191,0.5228498663043479
192,0.5233080157608696
193,0.5258387663043478
194,0.5346291016666668
195,0.5372775874999999
196,0.5405728926136364
197,0.5426813573863636
198,0.5457799554545453
199,0.5462265081818183
200,0.5470587054545454
