1,0.08044793247126436
2,0.12088705067567568
3,0.17904877679245285
4,0.2378457324120603
5,0.27613553074712643
6,0.34439940395683455
7,0.4065847651260504
8,0.4689664417475728
9,0.5124256326315789
10,0.5504379528409091
11,0.6141861550000001
12,0.6776101633333333
13,0.7402519287878788
14,0.7563517219512196
15,0.8232484381355933
16,0.8859566557142855
17,0.9511180813725493
18,0.9991400983870966
19,1.0282505533333333
20,1.0912467392857144
21,1.1558484592592593
22,1.2206395499999998
23,1.24778885
24,1.3032976541666665
25,1.3618449521739129
26,1.4257470318181815
27,1.483010523809524
28,1.5184852452380952
29,1.571391815
30,1.6309192973684208
31,1.694292152777778
32,1.7476498111111114
33,1.7873169305555556
34,1.8455124970588235
35,1.9105007160000003
36,1.9678803093749995
37,2.0213157375
38,2.0655261100000004
39,2.118950433333333
40,2.1839332249999996
41,2.240923132142857
42,2.2939359464285713
43,2.3487395880952375
44,2.39528425
45,2.4537992538461544
46,2.5257190999999994
47,2.5679768708333337
48,2.612474254166667
49,2.8758214333333334
50,2.692932475
51,2.7528326958333333
52,2.8053705409090908
53,2.8527982454545455
54,2.905182518181818
55,2.966286063636364
56,3.0551945656250004
57,3.101637395
58,3.15015378
59,3.20434217
60,3.2593917449999994
61,3.318494760000001
62,3.3870538857142853
63,3.427688644444444
64,3.4784021055555567
65,3.532758483333333
66,3.5927750222222223
67,3.649849372222222
68,3.7026773055555555
69,3.7550064
70,3.8096584722222224
71,3.86488099375
72,3.9209589312500004
73,3.97605594375
74,4.030214025
75,4.083044625
76,4.13954618125
77,4.1963162625
78,4.2502438875
79,4.30627045
80,4.359131707142857
81,4.414577507142857
82,4.472661664285714
83,4.527259214285715
84,4.580991064285715
85,4.637935235714285
86,4.688650985714284
87,4.743613378571428
88,4.802080235714286
89,4.855872414285715
90,4.907828964285714
91,4.972439342857143
92,5.033268285714286
93,5.107641977777778
94,5.133489533333334
95,5.1834962
96,5.241770483333333
97,5.308811674999999
98,5.361010508333334
99,5.428169583333334
100,5.475883075000001
101,5.514382733333334
102,5.583618483333335
103,5.6425624249999995
104,5.700895841666666
105,5.747047716666667
106,5.816204641666667
107,5.868383358333333
108,5.9215901749999995
109,5.978592374999999
110,6.036010825000001
111,6.088880716666667
112,6.149290580000001
113,6.203990439999999
114,6.25832566
115,6.316991300000001
116,6.378001929999999
117,6.416980210000001
118,6.486390249999999
119,6.52234845
120,6.58563918
121,6.6607140299999985
122,6.701604209999999
123,6.76773733
124,6.82956918
125,7.662921891666669
126,6.890178109999999
127,6.94523856
128,6.999045840000001
129,7.061180230000001
130,7.10964085
131,7.1709651800000005
132,7.227057869999999
133,7.27485413
134,7.329152280000001
135,7.386435379999999
136,7.44142219
137,7.5008832199999995
138,7.554367559999999
139,7.638505625000001
140,7.665110575
141,7.718819925
142,7.774520212499999
143,7.829113025000001
144,7.884757
145,7.937726562500001
146,7.9936378375000015
147,8.047193825000003
148,8.106496362500003
149,8.157528462499998
150,8.2178130625
151,8.268824099999998
152,8.3263873125
153,8.382664474999999
154,8.4355864
155,8.489573412499999
156,8.546823487500001
157,8.599765037500001
158,8.6600898
159,8.710464437499999
160,8.783875625000002
161,8.828318574999999
162,8.912575975
163,8.947046825000001
164,9.0217112125
165,9.040552925
166,9.116348675
167,9.19227915
168,9.2196541875
169,9.302130125
170,9.350778525
171,9.3937498875
172,9.4455919875
173,9.5242847375
174,9.5545525875
175,9.640662087499997
176,9.6858356
177,9.765878924999999
178,9.8065155875
179,9.8807357875
180,9.9345842375
181,10.000570300000001
182,10.088231112500003
183,10.11604645
184,10.242881149999999
185,10.288268637499998
186,10.322693566666667
187,10.3895965
188,10.369026999999999
189,10.483061416666667
190,10.472348416666666
191,10.529138333333334
192,10.6383504
193,10.6371502
194,10.694222533333335
195,10.75643665
196,10.863154233333331
197,10.850104816666668
198,10.898115283333334
199,10.975205649999998
200,11.817168425
