1,0.049329057701863355
2,0.06006035616045844
3,0.07002638848531684
4,0.0862801607879925
5,0.10931465455607478
6,0.12975115722222222
7,0.1515686498402556
8,0.17576699145454547
9,0.20058829163265302
10,0.20596773101265822
11,0.23252807162790698
12,0.24798335380710657
13,0.2661748698924731
14,0.29473573816568044
15,0.3157051128125
16,0.329598826
17,0.3553911145833334
18,0.387962912992126
19,0.3972730698412698
20,0.4294712685344828
21,0.43800380526315796
22,0.4456947612612613
23,0.4854701066666667
24,0.4883185395000001
25,0.5234620573684209
26,0.5179168416666667
27,0.5653644136363637
28,0.56637755
29,0.6016482780487806
30,0.613612349390244
31,0.6222609137254901
32,0.6502179948051948
33,0.6842757369565219
34,0.694385692361111
35,0.70010289375
36,0.7254941906976745
37,0.7436301581395349
38,0.77596157265625
39,0.7880096328125001
40,0.782263125
41,0.8217310819672131
42,0.8539008864864867
43,0.861772003448276
44,0.8693870094827587
45,0.8940920714285714
46,0.9035922514285715
47,0.936620518181818
48,0.9428993636363637
49,0.9567050575757576
50,0.9806157328124999
51,1.0149470887096774
52,1.0239451822580643
53,1.0327810716666666
54,1.0584307183333332
55,1.0655441155172416
56,1.100153616071429
57,1.1076337053571432
58,1.134824167857143
59,1.146684827777778
60,1.1799399277777776
61,1.1903972846153847
62,1.20903945
63,1.2278625269230767
64,1.241209314
65,1.269174824
66,1.2794613559999999
67,1.3075468979166665
68,1.3184045249999998
69,1.3484979608695655
70,1.3592449934782609
71,1.3861385826086958
72,1.3971254565217393
73,1.425054381818182
74,1.4390304045454547
75,1.4552766636363637
76,1.479763919047619
77,1.4959133500000001
78,1.5210000285714285
79,1.530518154761905
80,1.5610474499999998
81,1.5683549275000002
82,1.5994539675000004
83,1.6120626050000002
84,1.7117177107142862
85,1.6119826315789472
86,1.6404035342105263
87,1.6540464157894739
88,1.6650845578947369
89,1.6908293444444444
90,1.6997888083333332
91,1.735273052777778
92,1.753637591666667
93,1.7706145277777778
94,1.791498263888889
95,1.820907888235294
96,1.8337889058823533
97,1.8610598235294118
98,1.8718677
99,1.8844436470588237
100,1.9215310159999994
101,1.931972553125
102,1.9497700875
103,1.965122040625
104,1.9908853437499998
105,2.0025921
106,2.0302957406249997
107,2.04330166
108,2.0621626633333334
109,2.086210406666667
110,2.108004986666666
111,2.123204836666667
112,2.1342812500000004
113,2.1605658633333333
114,2.1801237233333337
115,2.207757871428571
116,2.2228791642857146
117,2.2455287892857143
118,2.2584735178571425
119,2.2843273071428567
120,2.2999290321428574
121,2.3258004678571425
122,2.341104907142857
123,2.3545008428571435
124,2.384066830769231
125,2.396588869230769
126,2.4223481500000004
127,2.435092819230769
128,2.460340665384616
129,2.4769118538461536
130,2.5024008923076924
131,2.5111340307692305
132,2.5401740076923067
133,2.5545416384615383
134,2.5784152666666666
135,2.5920507166666673
136,2.6068195583333336
137,2.633158291666667
138,2.648021433333333
139,2.673788895833334
140,2.684837683333333
141,2.7106485374999996
142,2.725428045833333
143,2.7503152041666667
144,2.7634604583333333
145,2.7859505125000004
146,2.8049978625000005
147,2.8246949545454547
148,2.8465951045454543
149,2.8598109136363634
150,2.8847789545454545
151,2.899663763636364
152,2.9252451272727273
153,2.9399593363636365
154,2.963241427272727
155,2.976658709090909
156,3.0039354272727277
157,3.016801909090909
158,3.0339990954545457
159,3.0521012954545457
160,3.068015381818182
161,3.1088099250000005
162,3.1083064499999997
163,3.129051005
164,3.1401315149999998
165,3.1698187449999997
166,3.1845410750000007
167,3.2077882950000007
168,3.219387270000001
169,3.242611785
170,3.2591534400000004
171,3.2749557300000003
172,3.29762566
173,3.31435694
174,3.3368725500000007
175,3.353428615
176,3.3755021349999996
177,3.38992942
178,3.4144949499999995
179,3.4306911
180,3.457250588888889
181,3.4664194777777784
182,3.501168705555555
183,3.521880044444445
184,3.539181933333333
185,3.5544260944444437
186,3.5717333944444443
187,3.596923138888889
188,3.599425055555556
189,3.624646549999999
190,3.6436296666666665
191,3.6664102500000006
192,3.6874766111111117
193,3.698320133333333
194,3.7254880722222223
195,3.7446410833333332
196,3.7726560000000005
197,3.7915858944444443
198,3.810585522222223
199,3.8240319611111118
200,3.8437454555555552
