1,0.11904355357142855
2,0.13709065679758306
3,0.18979193673469388
4,0.2387717087939698
5,0.309224550967742
6,0.3409883531690141
7,0.41411507586206897
8,0.4585793570754717
9,0.5600732453703704
10,0.592224287804878
11,0.649551855319149
12,0.7059318955223881
13,0.7267651395522388
14,0.819829945762712
15,0.8438113956896551
16,0.9332431484848485
17,0.9591494078125
18,1.052205094565217
19,1.0752275103448279
20,1.1610839037037035
21,1.1914011557692308
22,1.2414815300000002
23,1.31070991875
24,1.327287522916667
25,1.4246875636363636
26,1.4418236704545457
27,1.5385564166666668
28,1.5514034199999998
29,1.636640352631579
30,1.664392663157895
31,1.7456915916666664
32,1.7801115555555551
33,1.845248670588235
34,1.8953028323529415
35,1.9156794794117649
36,2.0032153249999998
37,2.0341621406250003
38,2.115334633333333
39,2.1513751966666668
40,2.22225775
41,2.2574480285714285
42,2.332263207142857
43,2.375963184615385
44,2.4385376038461537
45,2.4831519615384616
46,2.5069599192307694
47,2.5943423041666662
48,2.619710458333333
49,2.7061260375000002
50,2.7342713749999996
51,2.8131515863636367
52,2.850474745454546
53,2.923851186363636
54,2.9633751772727277
55,3.0245432909090915
56,3.0763871750000003
57,3.093233455
58,3.18771967
59,3.20731318
60,3.2958408
61,3.3251286899999997
62,3.4180847785714277
63,3.439265550000001
64,3.512130022222222
65,3.5522815722222227
66,3.6086275000000003
67,3.665015616666666
68,3.684571272222223
69,3.7763017555555556
70,3.8019726111111103
71,3.8884322312500004
72,3.9167316062499995
73,3.994069825
74,4.030119718750001
75,4.09987954375
76,4.1403143875
77,4.19691595625
78,4.253132018750001
79,4.2842299875
80,4.361032087499999
81,4.389382735714286
82,4.472576557142856
83,4.503294200000002
84,4.5825554
85,4.620374542857143
86,4.685357285714285
87,4.7316113500000005
88,4.7842422071428565
89,4.846520371428571
90,4.882549992857143
91,4.957046392857142
92,4.9775391
93,5.062054814285713
94,5.096535707142858
95,5.171005166666667
96,5.207671574999998
97,5.278879316666667
98,5.3233632916666656
99,5.369249608333333
100,5.435804049999999
101,5.465160191666666
102,5.54369255
103,5.571371566666666
104,5.655154316666667
105,5.682288391666667
106,5.755260283333333
107,5.800173775
108,5.861965058333333
109,5.906977683333333
110,5.962357366666667
111,6.0243165
112,6.058277941666668
113,6.131394983333333
114,6.15740858
115,6.24211762
116,6.273324979999999
117,6.35041962
118,6.386241150000001
119,6.45070994
120,6.501795519999999
121,6.54609303
122,6.6111395
123,6.652419330000001
124,6.719279200000002
125,6.751478039999999
126,6.83322264
127,6.864099410000001
128,6.933210369999999
129,6.97583495
130,7.038423490000001
131,7.089474230000001
132,7.136610040000001
133,7.201001400000001
134,7.240670549999999
135,7.308430490000001
136,7.345630060000001
137,7.419180540000002
138,7.4561844499999985
139,7.520242540000001
140,7.56642134
141,7.62878508
142,7.686616275
143,7.7207367
144,7.7894388999999995
145,7.827552475000001
146,7.900167737500001
147,7.936204924999999
148,8.008062900000002
149,8.047536599999999
150,8.1161871875
151,8.156644574999998
152,8.217300812500001
153,8.2732691125
154,8.318931125
155,8.379118325
156,8.423319525000004
157,8.493460475
158,8.525284849999998
159,8.604415624999998
160,8.634276287499997
161,8.705212599999998
162,8.743525462500003
163,8.80270865
164,8.853416825000002
165,8.9000737
166,8.966407887499999
167,9.0122571375
168,9.078233525
169,9.122098799999998
170,9.1911618
171,9.23115245
172,9.2982919875
173,9.328039575
174,9.3976251125
175,9.450718924999999
176,9.494724450000001
177,9.560700412500001
178,9.596306500000003
179,9.662404137500003
180,9.7066983625
181,9.771920224999999
182,9.815389775
183,9.879868199999999
184,9.918795137500002
185,9.979399475000001
186,10.035860674999997
187,10.081962562500001
188,10.144304412499997
189,10.775084208333336
190,10.011278825000002
191,10.053008675
192,10.1176553375
193,10.168774216666668
194,10.304130216666668
195,10.350349499999998
196,10.406717050000001
197,10.45836873333333
198,10.507956333333334
199,10.568598099999999
200,10.609403316666665
