1,0.05819319833815029
2,0.060330913563049864
3,0.060341681120331954
4,0.060265825778078486
5,0.06026839144204852
6,0.06034753884180791
7,0.060362356342780026
8,0.060406025728155344
9,0.0603588398777174
10,0.060434928708791205
11,0.060277496947082766
12,0.06033621065573771
13,0.060260084767759556
14,0.06038713322102426
15,0.06032626628222523
16,0.06039145815217391
17,0.06049755640668524
18,0.060593797361111104
19,0.06046626865569274
20,0.06052633306010928
21,0.060448612135922335
22,0.06037122640532544
23,0.06049770027247957
24,0.06047073058583106
25,0.060545970451436386
26,0.06046957840236686
27,0.06060433873812756
28,0.06047293602150538
29,0.06046114408967392
30,0.06046886833791209
31,0.060475036935704524
32,0.06054689120111731
33,0.060534373731138555
34,0.06046597663043478
35,0.06051982452445652
36,0.0630236464539007
37,0.06272662224576271
38,0.06255011400282885
39,0.06263973436599422
40,0.06263056804347826
41,0.06245859986033521
42,0.06230366666666666
43,0.06239327170487107
44,0.06301026673789174
45,0.06251972583565459
46,0.062445993028169014
47,0.06245303402877697
48,0.06266956231884059
49,0.06281920841514727
50,0.06237396037604457
51,0.06238661803621169
52,0.06282334017094017
53,0.06279982454289731
54,0.06274268273638968
55,0.06258638044096727
56,0.06270693230769232
57,0.06264349643874645
58,0.0631964575671853
59,0.06273157353351953
60,0.062386755861581926
61,0.06287619300847457
62,0.06276211671328671
63,0.06268498473980309
64,0.0624673855539972
65,0.06670598052738337
66,0.062383234615384614
67,0.06254302713884992
68,0.061950060055865924
69,0.06837392066869301
70,0.06877059709923665
71,0.06894328392581145
72,0.06878153726851853
73,0.06984609064914993
74,0.069957952734375
75,0.07019021971608833
76,0.070318981953125
77,0.07023204400000001
78,0.07007701326530613
79,0.069876044609375
80,0.0700503465571205
81,0.06989826882911393
82,0.06999678465189872
83,0.06996543216510902
84,0.07043381143533123
85,0.07020306502347418
86,0.07086715771103896
87,0.0700246775
88,0.07027483454258675
89,0.06995754328124999
90,0.07015435820770519
91,0.07042812087912087
92,0.07080910543130989
93,0.07114820869218502
94,0.07093308911671925
95,0.07099437400318981
96,0.07059332433070867
97,0.07045463421874999
98,0.07058450942367601
99,0.07099198457792207
100,0.07088078677165355
101,0.07096370095087162
102,0.07079865755905511
103,0.07100984471608833
104,0.07041719671361503
105,0.0705944551968504
106,0.07034703795275592
107,0.0705025142971246
108,0.07081627456828885
109,0.07100652555205049
110,0.07077444258373207
111,0.07101423557692306
112,0.07088923312401883
113,0.07062105094191523
114,0.07034460826771655
115,0.07051763654743391
116,0.07061198866877973
117,0.07073909203125
118,0.07084096230283911
119,0.07047216842923795
120,0.07120647329545454
121,0.07063900625
122,0.0713704572463768
123,0.069800514453125
124,0.07075749105351171
125,0.07165815567092654
126,0.07191506477635783
127,0.07038501823161189
128,0.07130856400651465
129,0.07079061716535434
130,0.07140000500794912
131,0.07150126993620416
132,0.07042899034536892
133,0.0714699720472441
134,0.07245900249597423
135,0.07232783303715672
136,0.07096512980922098
137,0.08438244360902256
138,0.08539639481132077
139,0.08620334202626641
140,0.0853785182330827
141,0.08640522126436781
142,0.087152089943074
143,0.08769337722868217
144,0.08691285000000001
145,0.0874376072796935
146,0.08735991034155598
147,0.087555344140625
148,0.08676712032442749
149,0.08636769637404582
150,0.08707957433206108
151,0.08679826657088123
152,0.08751807533206832
153,0.0875168225680934
154,0.08797938747591523
155,0.08737603103448274
156,0.08815332927308449
157,0.08678085838150289
158,0.08714418935091278
159,0.08765251028846155
160,0.08785172365900383
161,0.08731847052023123
162,0.08822458046421662
163,0.08737682557692308
164,0.08797347751937984
165,0.08724228994252874
166,0.08676366076190475
167,0.08773374461538462
168,0.08754960568400771
169,0.08752601083172148
170,0.08751649780534351
171,0.08860788015564203
172,0.09100471186612576
173,0.09184922685370742
174,0.09019775579567779
175,0.09133283343881857
176,0.0919093130218688
177,0.09288751680412372
178,0.0914089529116466
179,0.09371357173469388
180,0.09208901526946109
181,0.09274395376782077
182,0.09169270552208836
183,0.09184827782258065
184,0.09158212185628742
185,0.09290265496957403
186,0.09285541693548388
187,0.09304670570264766
188,0.09340796629098361
189,0.09267738204868155
190,0.09316418935091278
191,0.09248272515151515
192,0.09336864077868852
193,0.09313801496945012
194,0.09398670740365113
195,0.09253716242424243
196,0.0944521537113402
197,0.092880493852459
198,0.09349187674180327
199,0.09269692284836066
200,0.09365516666666665
