1,0.0631840797527048
2,0.11350002929292927
3,0.1520270841346154
4,0.2069128716157205
5,0.23836476395939085
6,0.29346764728915664
7,0.324784266
8,0.37975289069767443
9,0.4305494342105263
10,0.4658441047169812
11,0.5188479473684211
12,0.5484382544642857
13,0.6031665421568627
14,0.6382798707792209
15,0.6884925211111111
16,0.7216184686046512
17,0.7730772925
18,0.8298717711864407
19,0.8622181097222221
20,0.9142119838235294
21,0.946806343939394
22,1.0003710483870967
23,1.0333619916666668
24,1.0876829120689655
25,1.1186048089285716
26,1.17308945
27,1.224554153846154
28,1.25875707
29,1.3128432041666667
30,1.3441091782608696
31,1.4052121028571427
32,1.4298438772727273
33,1.4846027833333333
34,1.5162750095238093
35,1.5696778674999998
36,1.6298365166666664
37,1.6548904421052635
38,1.7102279277777774
39,1.7403343499999997
40,1.7945812694444445
41,1.839946788235294
42,1.8837375852941176
43,1.937126184375
44,1.9695357093750003
45,2.0196950625000003
46,2.0542721666666663
47,2.105495603333333
48,2.1378659066666663
49,2.1914492300000004
50,2.2258789035714286
51,2.2810482392857145
52,2.3262905214285716
53,2.3626693285714286
54,2.415919969230769
55,2.452540903846154
56,2.501080996153846
57,2.5385147923076925
58,2.589752479166666
59,2.62518095
60,2.677301354166667
61,2.7254389416666673
62,2.764351120833333
63,2.8150749954545455
64,2.8506871136363636
65,2.899976068181819
66,3.235668622916666
67,2.9481178409090907
68,2.9901349409090914
69,3.037973045454545
70,3.09097492
71,3.1281462600000003
72,3.171900385
73,3.2097654600000007
74,3.2624477150000004
75,3.287019795
76,3.3479712999999998
77,3.387344205555555
78,3.432693544444445
79,3.484644811111112
80,3.524824516666666
81,3.5792435722222216
82,3.617591005555555
83,3.6636244055555554
84,3.703743705555555
85,3.754204405555556
86,3.793489927777778
87,3.839343381250001
88,3.8914231000000004
89,3.923830056250001
90,3.97078735625
91,4.01071894375
92,4.0741524375000004
93,4.11697970625
94,4.164537837499999
95,4.212001718749999
96,4.2558772125
97,4.306112218750001
98,4.3436718375000005
99,4.389491692857142
100,4.421591885714285
101,4.476390335714286
102,4.518339992857143
103,4.568264314285715
104,4.6194998428571425
105,4.647548178571428
106,4.706837085714286
107,4.743066192857143
108,4.791445642857143
109,4.832786907142857
110,4.881418535714285
111,4.926436578571429
112,4.966856050000001
113,5.0187622
114,5.058753635714286
115,5.107065564285715
116,5.141962733333333
117,5.189463075
118,5.227477358333333
119,5.277585
120,5.326241266666667
121,5.363848566666666
122,5.412298983333333
123,5.451438833333334
124,5.500810358333332
125,5.540717783333334
126,5.589733525
127,5.632950883333333
128,5.6778336750000005
129,5.7242619166666655
130,5.7656471416666655
131,5.8139064750000005
132,5.852479916666667
133,5.896352133333333
134,5.945507616666666
135,5.992493591666666
136,6.037794858333333
137,6.080066249999999
138,6.135482433333334
139,6.166151808333334
140,6.21994983
141,6.254562440000002
142,6.29595127
143,6.34341656
144,6.39825571
145,6.44176073
146,6.48091898
147,6.521992979999999
148,6.57127559
149,6.6191552
150,6.64358063
151,6.692738149999999
152,6.7461389899999995
153,6.794707689999998
154,6.84039722
155,6.88155651
156,6.922851049999999
157,6.9675028900000004
158,7.02174096
159,7.054731409999999
160,7.1239890599999995
161,7.1462109499999995
162,7.212037969999999
163,7.238519400000001
164,7.283675339999999
165,8.0855063625
166,7.25818608
167,7.3075785799999995
168,7.350253449999999
169,7.409356679999999
170,7.466209980000001
171,7.505410110000001
172,7.557504689999999
173,7.61107853
174,7.656956689999999
175,7.68905156
176,7.748770024999999
177,7.794087262500001
178,7.840767324999999
179,7.8832938875
180,7.910976912499997
181,7.974299937499999
182,8.03974455
183,8.088404274999998
184,8.1390254
185,8.1824839
186,8.22968515
187,8.2622214125
188,8.3196630875
189,8.364192949999998
190,8.412151062500001
191,8.4504798375
192,8.502698299999999
193,8.545330325
194,8.590940024999998
195,8.635813325
196,8.6776942875
197,8.7250327
198,8.766549037499999
199,8.8086323625
200,8.857865225000001
