1,0.023588820858283434
2,0.032539622723367696
3,0.04635593953241233
4,0.058932183025099075
5,0.07086248565768623
6,0.0860224634215501
7,0.10167104780701754
8,0.11637377635467981
9,0.12848721467391308
10,0.13286405680555555
11,0.14624320274390243
12,0.16056190666666667
13,0.17441263255395684
14,0.18806167170542637
15,0.20177987252066112
16,0.21507388092105265
17,0.2282157404761905
18,0.24266039950738916
19,0.25378121171874995
20,0.26024762184210515
21,0.27375934806629837
22,0.28682490260115606
23,0.3014676096969697
24,0.31343811044303793
25,0.32816552171052626
26,0.3429427706896552
27,0.3539963667857142
28,0.36949201481481475
29,0.3802089674242424
30,0.38644822054263567
31,0.40040144206349204
32,0.4133741991735537
33,0.42872759406779665
34,0.4395921736842105
35,0.45431606594202906
36,0.4634559291044777
37,0.48064179285714287
38,0.4955148717821782
39,0.4943565571428572
40,0.5084378234693878
41,0.5233946189473685
42,0.5345220275862069
43,0.5490819587719299
44,0.5634645352272727
45,0.5777792155172412
46,0.5868259386792453
47,0.6004303346153845
48,0.6125744686274509
49,0.6203613037499999
50,0.6356111107594937
51,0.6508309019480519
52,0.6625076756578948
53,0.6804384047297297
54,0.6905144000000001
55,0.7029806277777777
56,0.7098971454545454
57,0.723286434883721
58,0.7342898047619049
59,0.7416811750000001
60,0.7579177234848485
61,0.7694709634146342
62,0.78339622625
63,0.8011186396825397
64,0.8091096397435897
65,0.8200139407894735
66,0.8390707627118646
67,0.8490018297297298
68,0.8532599378378378
69,0.8657212597222225
70,0.8764061680555556
71,0.8916785685714286
72,0.906601098181818
73,0.9209452058823528
74,0.9326170220588235
75,0.9424301954545454
76,0.958465871212121
77,0.9670617109375002
78,0.973561928125
79,0.9856819109374999
80,0.9992790629032259
81,1.0127271661290322
82,1.0296214812499997
83,1.040313925
84,1.0533506866666669
85,1.0654130844827583
86,1.0787624120689656
87,1.0912436
88,1.096838548275862
89,1.109835530357143
90,1.1235777964285716
91,1.1363829214285717
92,1.149567837037037
93,1.1631390518518518
94,1.1763745574074074
95,1.189805180769231
96,1.200720992307692
97,1.2127566500000002
98,1.2188848846153846
99,1.2337908100000001
100,1.24651893
101,1.26012996
102,1.272004698
103,1.286546625
104,1.2987545187499998
105,1.3120161187500001
106,1.3217723999999997
107,1.3295465916666667
108,1.3486597162162162
109,1.3556296673913044
110,1.370635056521739
111,1.3840844369565215
112,1.3970769956521736
113,1.4083103681818183
114,1.423325272727273
115,1.4356885136363637
116,1.4480928136363636
117,1.4553911477272725
118,1.4733413560606063
119,1.4806647619047617
120,1.4947493000000003
121,1.5077402571428573
122,1.5205801404761905
123,1.5315913571428572
124,1.5478309600000002
125,1.5609814949999998
126,1.5719779299999999
127,1.578944545
128,1.5921821100000002
129,1.604849765
130,1.6180470475000002
131,1.6309880078947367
132,1.643906947368421
133,1.6576249947368424
134,1.6683312394736842
135,1.682330113157895
136,1.6900311315789471
137,1.7019601552631578
138,1.7212031913793104
139,1.728756369444444
140,1.742174477777778
141,1.7556004
142,1.7684132499999998
143,1.7809717972222225
144,1.7905050694444444
145,1.804926547222222
146,1.8139559944444448
147,1.8258918588235293
148,1.8376548647058821
149,1.8518113029411767
150,1.865527247058824
151,1.877674467647059
152,1.8921056647058827
153,1.904032232352941
154,1.9168216911764704
155,1.9357706520000002
156,1.9343244093749998
157,1.9497901937499997
158,1.9599810499999997
159,1.973595246875
160,1.9897667937500005
161,2.0023133125
162,2.0151570375000003
163,2.02835229375
164,2.0402916468749996
165,2.050097134375
166,2.067792675
167,2.0740949866666667
168,2.08708545
169,2.0993545233333335
170,2.1130183266666664
171,2.1236040666666667
172,2.13901274
173,2.15213414
174,2.1601656933333335
175,2.1720732233333333
176,2.1850273566666663
177,2.1949245750000004
178,2.2183672181818177
179,2.224094382142857
180,2.2362601
181,2.251186457142858
182,2.262232142857143
183,2.274428046428572
184,2.2867374392857145
185,2.2961817214285714
186,2.3089486285714287
187,2.319604664285714
188,2.333879035714286
189,2.346872089285714
190,2.360062728571428
191,2.3814243380952385
192,2.3851641423076924
193,2.3970854499999996
194,2.408898826923077
195,2.4195292576923078
196,2.431929203846153
197,2.444985888461538
198,2.4568561461538465
199,2.470647726923077
200,2.4833897153846154
