1,0.08667099509018035
2,0.17613052650375938
3,0.24557525747422676
4,0.3303715815972222
5,0.4064048529411765
6,0.4771256311881188
7,0.5552347390804597
8,0.6272448318181818
9,0.7078427616279069
10,0.7848677525641026
11,0.8618737392857142
12,0.9399706980392158
13,1.0178295266666666
14,1.0955114499999998
15,1.1731851115384615
16,1.246646048
17,1.3268415413043477
18,1.4041063477272728
19,1.4794203357142857
20,1.5577470499999997
21,1.633409226315789
22,1.7114579611111111
23,1.7881658970588237
24,1.8635940470588235
25,1.942407640625
26,2.0193814433333332
27,2.0953611166666666
28,2.172574364285714
29,2.245507696428571
30,2.326615747619048
31,2.4038037961538463
32,2.478903346153846
33,2.556849016666667
34,2.6330458833333332
35,2.7092514291666663
36,2.7880866045454544
37,2.863228572727273
38,2.9406637363636365
39,3.017476122727273
40,3.0956327899999994
41,3.1724005099999992
42,3.2476512799999995
43,3.325068635
44,3.403611316666667
45,3.4780981055555564
46,3.5558232833333334
47,3.6320401777777773
48,3.708486827777778
49,3.7857907125000008
50,3.86220356875
51,3.93899340625
52,4.013778081250001
53,4.0927336625000015
54,4.169712143750001
55,4.2449120875
56,4.323705531818182
57,4.400525942857142
58,4.476824364285713
59,4.553240257142858
60,4.629294692857142
61,5.13264554375
62,4.704603328571429
63,4.779789685714285
64,4.874410257142857
65,4.952320585714285
66,5.023635875000001
67,5.1045047666666665
68,5.173954833333332
69,5.2565119750000004
70,5.337273883333333
71,5.415794116666666
72,5.496616791666668
73,5.5772132416666675
74,5.654637266666667
75,5.729688058333333
76,5.805288933333333
77,5.882543533333333
78,5.959839816666666
79,6.03354675
80,6.111501769999999
81,6.19016292
82,6.265190380000001
83,6.34144166
84,6.41639081
85,6.49395352
86,6.573321109999999
87,6.651506560000001
88,6.724316160000001
89,6.802023279999999
90,6.87886337
91,6.952916880000002
92,7.02982681
93,7.107651250000001
94,7.179575089999999
95,7.257834969999999
96,7.3324206799999985
97,7.411014429999999
98,7.485896810000001
99,7.565481762500001
100,7.636298699999999
101,7.716658087499999
102,7.7950087125000005
103,7.865660887499999
104,7.9454667000000025
105,8.0164876625
106,8.092557212500001
107,8.169353262500001
108,8.250776975
109,8.322107875000002
110,8.3991299125
111,8.47559735
112,8.550691575000002
113,8.628537650000002
114,8.7039585625
115,8.780304212499999
116,8.856984125
117,8.932940175
118,9.0737139875
119,9.148847550000001
120,9.226720837499998
121,9.303464162500001
122,9.381754812500002
123,9.46008045
124,9.543836724999998
125,9.6148438875
126,9.700274137500001
127,9.773534375
128,9.850105799999998
129,9.928532537499999
130,10.009863662500003
131,10.081630024999999
132,10.158791650000001
133,10.238649766666668
134,10.318212883333333
135,10.391019816666667
136,10.467198699999999
137,10.548504966666668
138,10.61816245
139,10.696049183333333
140,10.770443133333332
141,10.847041933333333
142,10.92485268333333
143,11.004750216666668
144,11.0779871
145,11.155913733333334
146,11.233194249999999
147,11.309968149999998
148,11.388365116666668
149,11.464353183333333
150,11.539129800000003
151,11.621008716666667
152,11.693981216666666
153,11.776740083333333
154,11.845600133333331
155,11.923601350000004
156,12.012065383333335
157,12.077201433333334
158,12.156403333333333
159,12.234955316666667
160,12.323130566666665
161,12.399438566666667
162,12.497902666666667
163,12.571797366666669
164,12.645343466666667
165,12.696397583333335
166,12.812519783333334
167,12.889505549999999
168,12.956783533333331
169,13.02684015
170,13.1105021
171,13.201336633333334
172,13.281174883333335
173,13.386573549999998
174,13.445524050000001
175,13.536736033333334
176,13.627241649999997
177,14.690359666666666
178,13.52613423333333
179,13.622226800000002
180,13.705944650000005
181,13.797790216666666
182,13.875442849999999
183,13.953826499999998
184,14.046519199999999
185,14.129077949999996
186,14.1903738
187,14.27044498333333
188,14.339197233333332
189,14.418642516666669
190,14.49275225
191,14.569300700000001
192,14.6471914
193,14.724906599999999
194,14.8082823
195,14.879361183333337
196,14.957721116666667
197,15.03635025
198,15.104933433333334
199,15.287298849999997
200,15.365513099999998
