1,0.07225549577702702
2,0.0758506642361111
3,0.07695200527210885
4,0.0793278704028021
5,0.08325125660377358
6,0.12483548709677422
7,0.12561393043478258
8,0.13635687708933716
9,0.17136364532374102
10,0.17102675952380952
11,0.17622206007462687
12,0.20637802368421052
13,0.20825573837719297
14,0.21420246928251122
15,0.24605081538461546
16,0.24794691082474232
17,0.25418530131578954
18,0.2853910065088758
19,0.2870851011904762
20,0.29332785572289155
21,0.3239998006666667
22,0.3260075136666667
23,0.332515880952381
24,0.3676732048507463
25,0.40173363553719005
26,0.4043855886554622
27,0.40662680371900833
28,0.4089367082644628
29,0.4109403537190082
30,0.4439828031531531
31,0.44713087391304335
32,0.45112071000000004
33,0.4838753435643564
34,0.4874809301980198
35,0.48963576980198015
36,0.5202731677966101
37,0.5239866305084746
38,0.5286232575268818
39,0.559382109090909
40,0.5629013245454546
41,0.5652425281818182
42,0.6013533817073171
43,0.6050421743902439
44,0.6067646786585367
45,0.6408038811688311
46,0.6436615967532466
47,0.6459564662337662
48,0.6769166554347826
49,0.680260975
50,0.6818577000000001
51,0.7187485028985507
52,0.721722736231884
53,0.7197508093023255
54,0.754408057317073
55,0.7575865073170732
56,0.7576004963414634
57,0.7941363307692308
58,0.7957408115384614
59,0.7968613448717948
60,0.8352954499999999
61,0.8384670211864407
62,0.8403110362068965
63,0.8708577097222222
64,0.8733942458333335
65,0.8790697401785715
66,0.9101455470588234
67,0.9117215720588235
68,1.0156732561104582
69,0.9267001764150945
70,0.927004056060606
71,0.9587776390625002
72,0.9651934421875001
73,0.9660366484374998
74,0.9974215806451616
75,1.0030069870967744
76,1.0039405580645158
77,1.03552522
78,1.0474772597826087
79,1.0519456152173912
80,1.076461248275862
81,1.0891589744444445
82,1.0910729033333333
83,1.118191842857143
84,1.1242435517857143
85,1.1257786500000002
86,1.158188362962963
87,1.1624769814814815
88,1.1640190777777775
89,1.1969831634615387
90,1.200222005769231
91,1.2011033711538461
92,1.2349515320000002
93,1.23807396
94,1.2423761500000001
95,1.2728440625
96,1.2758742375
97,1.2811971833333333
98,1.31197039375
99,1.3173402354166666
100,1.3193012812500002
101,1.3506379695652175
102,1.356272397826087
103,1.3601336978260867
104,1.3981500442857144
105,1.3970190659090909
106,1.398523615909091
107,1.4304669477272727
108,1.4347866863636363
109,1.4378249386363635
110,1.4716552785714285
111,1.4856549761904763
112,1.478268323809524
113,1.513578183333333
114,1.5161309404761905
115,1.5178263238095238
116,1.5523164775
117,1.55321886
118,1.56405407
119,1.5913041524999998
120,1.59284416
121,1.6001108
122,1.6292728263157898
123,1.6350539105263155
124,1.6394306631578945
125,1.6673900526315792
126,1.6745807999999998
127,1.6793053236842108
128,1.7100405166666666
129,1.7140417249999997
130,1.7180301666666666
131,1.7498857694444447
132,1.7549516027777778
133,1.756645719444445
134,1.7908392888888887
135,1.792784688888889
136,1.795712108333333
137,1.8275778558823528
138,1.8288601176470591
139,1.861439038235294
140,1.868007820588235
141,1.8707810058823526
142,1.8987817
143,1.9063350382352937
144,1.9075205794117644
145,1.9372968093750003
146,1.9450226718749999
147,1.943742125
148,1.9769829843749995
149,1.9836495843750008
150,1.9853929062499998
151,2.016086853125
152,2.0217741625
153,2.024338878125
154,2.057456936666667
155,2.0605913666666664
156,2.062203746666667
157,2.0947471666666666
158,2.0986700666666676
159,2.1053035733333334
160,2.134947383333333
161,2.14000748
162,2.14333676
163,2.1732043833333337
164,2.18077038
165,2.1842522766666668
166,2.21268065
167,2.2194093000000006
168,2.222855246428572
169,2.25107675
170,2.257279367857143
171,2.2611714178571427
172,2.2922842964285723
173,2.29578735
174,2.30084315
175,2.33365095
176,2.336573139285714
177,2.3402612714285715
178,2.372735
179,2.375797442307692
180,2.3918985785714284
181,2.4118686384615384
182,2.414351719230769
183,2.4175379115384614
184,2.4502711269230772
185,2.4539959730769234
186,2.4565444884615384
187,2.49014845
188,2.4908896730769228
189,2.4974781269230766
190,2.5294298307692307
191,2.531068373076923
192,2.5366793730769226
193,2.5821946552631583
194,2.571386688461538
195,2.594361705263158
196,2.6043023958333333
197,2.6086204250000002
198,2.619935779166666
199,2.643816483333333
200,2.6521487416666663
