1,1.183949905769231
2,2.2823989821428574
3,3.379649033333333
4,4.503641185714285
5,5.615628891666667
6,6.717539130000001
7,7.814007825
8,8.936008499999998
9,10.0547692375
10,11.172802566666666
11,12.280972616666666
12,13.381534283333334
13,14.508382966666668
14,15.575284224999995
15,16.7166824
16,17.7685277
17,18.847530375
18,19.994529025
19,21.147645875
20,22.310073675
21,23.413724925
22,24.516553150000004
23,27.7295277
24,26.265205800000004
25,27.373547650000003
26,28.487418199999997
27,29.589437975000003
28,30.550524949999996
29,31.756521499999995
30,32.827899699999996
31,33.97659275
32,35.087659249999994
33,36.17907215
34,37.28890009999999
35,38.34738335000001
36,39.473958700000004
37,40.5770955
38,41.70041845000001
39,42.82658815
40,43.900116100000005
41,44.99248789999999
42,46.0890524
43,47.1937706
44,48.28767165
45,49.442713499999996
46,50.538734649999995
47,51.62184569999999
48,52.725822349999994
49,53.82606334999999
50,54.9097159
51,56.15731735
52,57.63699520000001
53,58.74464820000001
54,59.8805119
55,60.94816319999998
56,62.05222945000001
57,63.18589230000002
58,64.3166708
59,65.4444896
60,66.5648911
61,67.74853010000001
62,68.88577545
63,69.99447074999999
64,71.1009356
65,72.19839295
66,73.38317679999999
67,74.49306610000001
68,75.77822095
69,76.9514998
70,78.0868366
71,79.43427879999999
72,80.58507309999999
73,82.15412210000001
74,83.11109975
75,84.5038276
76,86.05163574999999
77,86.98892514999999
78,88.22066365
79,89.37502984999999
80,90.5258942
81,91.45430855000001
82,92.62236075
83,93.58174570000003
84,95.01053940000001
85,96.18685925000001
86,97.57442875
87,98.38347545
88,99.67596395000001
89,100.6213271
90,101.59112280000001
91,103.10837555
92,104.28417160000001
93,105.13200875
94,106.5018874
95,107.64824370000001
96,108.92171745000002
97,109.67952425000001
98,111.06701950000001
99,112.49336224999999
100,113.6637368
101,115.13562890000003
102,115.87342280000001
103,117.04704815
104,118.05480685
105,119.16293525000002
106,120.42074490000002
107,121.7892253
108,123.25567535
109,124.17198074999999
110,125.53778270000002
111,126.90128525000003
112,128.1787683
113,129.361401
114,130.41175165
115,131.82214629999996
116,133.28726815
117,134.82698725000003
118,136.08846495
119,137.0810984
120,138.05919935
121,139.90144254999998
122,141.66273224999998
123,141.84545995
124,143.5849702
125,144.92048060000002
126,146.84141565
127,147.55359024999998
128,148.37484350000003
129,150.8512623
130,150.82988699999999
131,152.61502119999997
132,155.07630275
133,156.31472640000004
134,156.13767905
135,158.62227315
136,160.61105014999998
137,159.3716278
138,162.69764779999997
139,164.28220165
140,164.06134185000005
141,165.43453035
142,166.3039696
143,168.767602
144,170.03824135000002
145,170.41460935000003
146,170.78000509999995
147,172.81592855000002
148,173.85331685
149,176.29384180000002
150,176.0211149
151,178.0921445
152,177.22003590000003
153,179.42346765
154,179.2865746
155,180.27493654999998
156,181.62215104999999
157,183.40249235
158,183.3406316
159,183.9803005
160,185.25707494999997
161,186.75995584999998
162,188.4542349
163,187.81661425000001
164,189.94772975
165,190.4541129
166,191.84419269999998
167,193.21992765000002
168,193.64899155
169,194.69138095
170,195.56678459999998
171,197.20599654999998
172,198.30782699999997
173,199.1855488
174,200.97675315
175,201.76665095
176,201.9809343
177,202.80341669999999
178,204.58466055000005
179,205.3210848
180,206.95296084999998
181,207.49753275
182,208.86789284999998
183,209.4497542
184,210.48311495
185,211.82775335
186,212.69596710000002
187,214.0217169
188,215.35106165000002
189,216.58675050000002
190,217.3735177
191,218.6282619
192,219.0209401
193,220.94942355000003
194,221.24517874999998
195,222.69537495000003
196,224.03820574999997
197,225.31901650000003
198,226.03855620000002
199,226.71719174999998
200,228.5338601
