1,0.09546672096774193
2,0.09818224179600886
3,0.09857413449023861
4,0.09857418258064517
5,0.10329510496613994
6,0.10944121402877699
7,0.1115249804347826
8,0.1116371286407767
9,0.13075399971346707
10,0.13219133083573487
11,0.13253873008474576
12,0.13360336446991403
13,0.14312013075757576
14,0.14556450140186916
15,0.1470390356697819
16,0.1484949630841121
17,0.1495010600628931
18,0.19134572008032127
19,0.19367828526970954
20,0.1952486512145749
21,0.19634958299180327
22,0.21261018508771934
23,0.21410873451327433
24,0.2158370331140351
25,0.21729376194690267
26,0.25459732604166674
27,0.25751459153439155
28,0.25888269523809526
29,0.2605472214285714
30,0.2754207418994414
31,0.2785027028248588
32,0.2804124221590909
33,0.2819346125
34,0.28321050738636366
35,0.3463772275
36,0.35435640437956195
37,0.3570499587591241
38,0.35934717299270075
39,0.36098453394160585
40,0.36225827189781024
41,0.36369531459854015
42,0.36587786970802916
43,0.4034546594262295
44,0.41436830882352943
45,0.41764674663865553
46,0.4208216987394958
47,0.4235706182203389
48,0.4246577252100841
49,0.4260344961864407
50,0.4280085605932203
51,0.429049829054054
52,0.47581218333333336
53,0.48163180999999994
54,0.48510969692307687
55,0.4900007907766991
56,0.4892343927184467
57,0.4907084990291263
58,0.4933276966019417
59,0.49853880533980577
60,0.5400909872881355
61,0.5497962070652174
62,0.5553735166666668
63,0.5573796973684212
64,0.5527731798245615
65,0.557769004385965
66,0.5593724412280702
67,0.5629745578947368
68,0.5587006921052633
69,0.6129745365384616
70,0.6184225921568626
71,0.621685524509804
72,0.6241947275
73,0.62889172875
74,0.6366363406249999
75,0.63406144875
76,0.640727341875
77,0.677087770212766
78,0.6845079925675677
79,0.7192295155231561
80,0.6744220878378379
81,0.6727728880434783
82,0.6756066304347825
83,0.6764437217391304
84,0.6768390130434783
85,0.6797804815217393
86,0.7246800348837209
87,0.7365532059701492
88,0.7377996011904764
89,0.7388526595238095
90,0.7390768845238095
91,0.7466923850746269
92,0.7446546678571428
93,0.7452973714285716
94,0.7877596612500002
95,0.796902717948718
96,0.8013915115384617
97,0.8035750089743591
98,0.8081579192307693
99,0.8088637717948719
100,0.8100482602564102
101,0.8124859474358974
102,0.8146268205128204
103,0.8593529148648649
104,0.8738375784482757
105,0.8735135472222221
106,0.8749930847222221
107,0.8767168180555556
108,0.8786932930555555
109,0.8820098694444445
110,0.8880853597222225
111,0.9263425249999999
112,0.9358123544117647
113,0.9484246584905662
114,0.9518280962264152
115,0.9494416333333333
116,0.9503242257575758
117,0.9519861227272727
118,0.9544455424242426
119,0.9556305545454545
120,0.9994228484375002
121,1.0130614220000003
122,1.0117773435483872
123,1.0153288032258063
124,1.0162185870967744
125,1.019293772580645
126,1.0206015064516132
127,1.0215791032258068
128,1.061979531666667
129,1.0696417166666665
130,1.083251608695652
131,1.0810156810344829
132,1.0826825793103447
133,1.0854571965517243
134,1.086079075862069
135,1.0864266310344826
136,1.0887664931034482
137,1.1350846142857143
138,1.1431482607142858
139,1.1468840160714286
140,1.148449114285714
141,1.150199219642857
142,1.1536614222222221
143,1.1538654964285717
144,1.1532116410714286
145,1.1968443557692305
146,1.204771898076923
147,1.2110772826923075
148,1.213101546153846
149,1.2149928057692312
150,1.2168722192307693
151,1.219750628846154
152,1.2193032442307692
153,1.2175829134615381
154,1.266563146
155,1.27354331
156,1.2779958120000001
157,1.280143162
158,1.28288907
159,1.285103842
160,1.2851577539999999
161,1.286360534
162,1.32780603125
163,1.3372721395833334
164,1.3431966645833333
165,1.3458601
166,1.34751725625
167,1.3500117520833332
168,1.3526026354166667
169,1.3502094145833334
170,1.3528296083333333
171,1.3988686
172,1.406934239130435
173,1.4116294304347825
174,1.4135234586956522
175,1.4158029434782606
176,1.418362452173913
177,1.4195483999999998
178,1.4161496869565218
179,1.461406434090909
180,1.469325134090909
181,1.4750311363636364
182,1.4779439568181822
183,1.4806486568181818
184,1.4837646545454544
185,1.484906740909091
186,1.485075934090909
187,1.4860375204545455
188,1.530601414285714
189,1.5386319666666668
190,1.543331071428571
191,1.5452334428571428
192,1.5473140428571428
193,1.5491458690476188
194,1.5524262523809524
195,1.550407769047619
196,1.5927236525000004
197,1.6019567950000002
198,1.6070994674999999
199,1.6104537424999998
200,1.6147452075
