1,0.044937960788863106
2,0.04569829776733255
3,0.045792480809674026
4,0.0457896471657754
5,0.05697679242928453
6,0.05323505887392899
7,0.053276248244552044
8,0.05331020055350553
9,0.06248212475106686
10,0.0655445361516035
11,0.06606262283406755
12,0.06669911219879518
13,0.07554878850174215
14,0.07786471053082192
15,0.07891312136752138
16,0.07988412422945207
17,0.08090183415672912
18,0.09957686970021414
19,0.10016208586723768
20,0.10064697505353319
21,0.10144618556034483
22,0.11192021211764706
23,0.11326311208530804
24,0.11412859432624112
25,0.11510061125592416
26,0.13528792471751408
27,0.1368473754985755
28,0.13808389188034187
29,0.13908839957020058
30,0.1553300035123967
31,0.1485465208588957
32,0.14951110953125
33,0.15053649192073168
34,0.15135852653374232
35,0.17930621809701494
36,0.18101805629629628
37,0.18594918593155893
38,0.1891171484615385
39,0.18996297829457365
40,0.19200131879844962
41,0.1931333280155642
42,0.19355985374015744
43,0.20890983607594937
44,0.2116081027210885
45,0.21755866228070175
46,0.22107380829596412
47,0.22375226305309734
48,0.2243163697309417
49,0.22399672286995517
50,0.22723435739910314
51,0.2268315946188341
52,0.2482479321782178
53,0.2503780294554455
54,0.2534773579207921
55,0.27115304964788733
56,0.25618661701030926
57,0.2573070002577319
58,0.2585078333333333
59,0.25944222242268045
60,0.2805686036312849
61,0.2822979415254237
62,0.2851952322727273
63,0.29101770906432745
64,0.29407275635838154
65,0.2935052631578947
66,0.2965300257309942
67,0.29859038274853805
68,0.29670854707602334
69,0.32108727879746835
70,0.32444838765822787
71,0.32949428032258066
72,0.3306398058823529
73,0.3339188960784314
74,0.3356851516339868
75,0.33695584835526315
76,0.33737032401315786
77,0.3550775052083333
78,0.3588590457142857
79,0.36472592134831455
80,0.364074331294964
81,0.3728338215
82,0.3638963758992806
83,0.3653285643884892
84,0.36628908489208634
85,0.3670050723021583
86,0.3883336354961832
87,0.3890701666666667
88,0.39538582312500004
89,0.39925243622047246
90,0.4025731566929134
91,0.4042153976190476
92,0.40533954761904767
93,0.40313778354430385
94,0.42462082733333334
95,0.4277481538135593
96,0.43139532635135136
97,0.4324522410958905
98,0.43577384525862073
99,0.43714403561643844
100,0.43653223424657533
101,0.43668134109589035
102,0.44062203017241375
103,0.45860283695652176
104,0.4614084884057971
105,0.46702234565217393
106,0.5003566687548436
107,0.470219086574074
108,0.47165062870370367
109,0.473016424537037
110,0.47058610074626867
111,0.49072409453125
112,0.4954631611650487
113,0.5010932891089109
114,0.5037848885000001
115,0.502380969047619
116,0.5028136738095239
117,0.5069343595238095
118,0.5083771815
119,0.5072795444444445
120,0.5279878525
121,0.5318248108333333
122,0.5361405364406779
123,0.5380906338983052
124,0.5391539822033898
125,0.5398902313559323
126,0.540781170338983
127,0.5447168338709678
128,0.5627202035714285
129,0.5644139017857144
130,0.5734076937500001
131,0.6435833084375
132,0.5718060154545457
133,0.5767620795454546
134,0.5780185770114943
135,0.5795729039772728
136,0.5805675153409092
137,0.5975788528301887
138,0.6021025924528303
139,0.6056259269230769
140,0.6078082384615385
141,0.6079615961538463
142,0.6135333273809523
143,0.6090093740384617
144,0.6126246528846154
145,0.6314609350000001
146,0.633887192
147,0.6430898721518987
148,0.6458274841772154
149,0.6478033772151897
150,0.6487526930379747
151,0.6542221601265823
152,0.6546519462025316
153,0.6520181040816326
154,0.6741231039473684
155,0.6767500979166666
156,0.6810921734042553
157,0.7414857854010696
158,0.6780376797872341
159,0.679095320212766
160,0.6790319170212765
161,0.6836629553191489
162,0.7010828066666669
163,0.7048375644444445
164,0.7094012844444445
165,0.7119088155555555
166,0.7121405633333333
167,0.7129378044444443
168,0.7203443605633802
169,0.7215324105633804
170,0.7194259568181819
171,0.7369123104651163
172,0.7470943126865672
173,0.7479688360465117
174,0.7484836360465116
175,0.7547081313432836
176,0.7526115186046511
177,0.7579322544776119
178,0.7607967873134328
179,0.7754123109756097
180,0.7797130195121951
181,0.780436724390244
182,0.7837693353658538
183,0.8389038260869567
184,0.7833931439024391
185,0.7840492524390245
186,0.7868370085365854
187,0.7894036109756096
188,0.8129467341269839
189,0.8121497833333333
190,0.8158028141025643
191,0.8169598923076923
192,0.8180201128205128
193,0.8179968448717949
194,0.8219708141025642
195,0.8244901397435898
196,0.8413868868421054
197,0.8445000460526316
198,0.8550752669491525
199,0.8586226093220338
200,0.8599203677966104
