1,0.0022819928405701027
2,0.002391260421508797
3,0.0025467902516716685
4,0.002897499644351464
5,0.0029120120718613162
6,0.0027917241916000745
7,0.00281482699436203
8,0.0030323572424792045
9,0.003033645675590551
10,0.002924594827082319
11,0.003071918798608269
12,0.0032614823932773113
13,0.003294690656496868
14,0.0031830520786812035
15,0.003259153005042017
16,0.003424150710548642
17,0.003476909057737711
18,0.003535792556260819
19,0.0034699433380928697
20,0.003625671720944129
21,0.003667488628884826
22,0.0036058708894177137
23,0.003636336559660812
24,0.003811600456910776
25,0.0038322687445716546
26,0.003824054750971512
27,0.00384241618066561
28,0.0040214761315505365
29,0.0040637710104378675
30,0.004008548132420845
31,0.004030306170794334
32,0.0041989063422847766
33,0.004371557485844744
34,0.004234195285553341
35,0.004269924409393125
36,0.004420902446169622
37,0.004553249155863731
38,0.004415782411472053
39,0.004476940638930164
40,0.004772883870967742
41,0.004777518849080532
42,0.004687121439628483
43,0.005169302091687704
44,0.004976222773746701
45,0.005002189753352094
46,0.004928622168048107
47,0.005062107818242566
48,0.005256082659260545
49,0.005300355309116312
50,0.005192217227249445
51,0.005396836914478353
52,0.005591645069124425
53,0.005624525587419057
54,0.005544453406613373
55,0.005598491989355845
56,0.005760367082388511
57,0.005795942504743833
58,0.0057788440550216695
59,0.005904190729307351
60,0.006092575184152897
61,0.006208188424144217
62,0.00623218425458947
63,0.006301909186164801
64,0.00646067612528521
65,0.006522924320368047
66,0.006486845458324672
67,0.0070726885421982105
68,0.0067200225528244945
69,0.006771321574154381
70,0.006742243638320774
71,0.006797480054054054
72,0.0069383146538376465
73,0.007002138367437722
74,0.006976815127353267
75,0.007084159011432414
76,0.007291229102920723
77,0.0073370849474912484
78,0.0073626186815746565
79,0.00740408767283806
80,0.007508639773809524
81,0.007571123818094553
82,0.007549412514912908
83,0.007604730196831493
84,0.00778819036900369
85,0.007851356332094177
86,0.007780773865030674
87,0.007835902617283952
88,0.007991018932896065
89,0.008090965487742595
90,0.00806142483502538
91,0.00814193785549577
92,0.009046022866915695
93,0.00840733085191083
94,0.008395320888418826
95,0.008460744575910662
96,0.008606611118634887
97,0.008656907878953107
98,0.008606483225545674
99,0.008678631693394943
100,0.008903873981016192
101,0.00896919924093337
102,0.008949414397759104
103,0.009014839966130398
104,0.009171741588252067
105,0.009253273164411173
106,0.009205678371757925
107,0.009289329118497109
108,0.009457506973645249
109,0.009536970631859982
110,0.009551177718200776
111,0.00961552518706974
112,0.009766393887195123
113,0.009839941277641278
114,0.009786458683090023
115,0.009829327047677264
116,0.009993806818887856
117,0.010933393461651161
118,0.01002101684850374
119,0.010108921964612569
120,0.01029271444339325
121,0.010350252059569074
122,0.010382851550015981
123,0.010418628784512853
124,0.010568932429322815
125,0.010647286948881788
126,0.010621509505703421
127,0.010667116629068643
128,0.01081124198949442
129,0.01108415443208628
130,0.011220810198438517
131,0.011421685920577618
132,0.011577806912442395
133,0.011646680497856906
134,0.011757129119367044
135,0.011868128554739654
136,0.012044637608550434
137,0.012120629310344829
138,0.012147678449197861
139,0.012241774058948862
140,0.012387681074260996
141,0.012547572375215145
142,0.013542416768068596
143,0.01275096499142367
144,0.012904447285932721
145,0.013042914941860466
146,0.013121364469273743
147,0.013217023568360773
148,0.013347114686707712
149,0.013413357976366322
150,0.013497003408655688
151,0.01355214854607251
152,0.013657919722439406
153,0.01368436418374817
154,0.013829080247578042
155,0.013951049397363463
156,0.014024796750195773
157,0.014115308237986273
158,0.014230936239837398
159,0.01429143890168971
160,0.014373340843949046
161,0.014440172290955632
162,0.01450936938816051
163,0.014574231620553362
164,0.014681171087636932
165,0.014770503479485114
166,0.014831625512572532
167,0.014925424281150158
168,0.01545311472769964
169,0.015129740953184308
170,0.015207754210956664
171,0.015291937704918034
172,0.01545070165794066
173,0.015576160215053767
174,0.015672808918406073
175,0.01576114642349597
176,0.01585198787602552
177,0.01592541256906077
178,0.016033048688305917
179,0.016160545574387952
180,0.01622758821462043
181,0.016284563886481803
182,0.016402575424117376
183,0.016464288870510397
184,0.016555647316384182
185,0.016652967858904785
186,0.016715937506065016
187,0.016839876730190575
188,0.016969933173307725
189,0.0170969074975892
190,0.017323221815051647
191,0.01738755313411079
192,0.01748024674441205
193,0.018556680914997292
194,0.01777968134146341
195,0.01783010046703297
196,0.017914759559187716
197,0.017991598842364537
198,0.01810575059707242
199,0.018285972681236672
200,0.018328699147727272
