1,0.0248217619434629
2,0.0265509978490566
3,0.03281455904166667
4,0.03972648760603205
5,0.04212017302702703
6,0.0479596225643897
7,0.05496684783683559
8,0.06376059141843972
9,0.07493782310286679
10,0.07734003197278912
11,0.0819668769160584
12,0.09428865986486487
13,0.09449484895833334
14,0.10778667245862883
15,0.10914074042553189
16,0.11405951212871286
17,0.12058604658792649
18,0.1423868335384615
19,0.15019325400641023
20,0.15584679531772577
21,0.15631957887323947
22,0.15270972605863192
23,0.17299522584905658
24,0.1808820484615385
25,0.18223241439688717
26,0.1843220892996109
27,0.19269780448979593
28,0.20243448512931037
29,0.21259367668161439
30,0.21539733784403672
31,0.20883739320175435
32,0.22700600142857147
33,0.23177068390243902
34,0.2376002620603015
35,0.23796318475
36,0.2566849489247312
37,0.26305004696132595
38,0.2718397315340909
39,0.26958676704545453
40,0.26850247570621466
41,0.2819696988304094
42,0.2950856325153374
43,0.2975011296875
44,0.2924213248466258
45,0.3066103067307692
46,0.3219186047297297
47,0.3259123868965517
48,0.32451847244897963
49,0.3306033903448276
50,0.34136561007194244
51,0.3444043
52,0.34774303992805755
53,0.35197511788321173
54,0.36682207709923664
55,0.3853611055555556
56,0.39117491516393443
57,0.380271905511811
58,0.3922941407258064
59,0.4092782181034483
60,0.4123328728813559
61,0.41741086077586204
62,0.4167562452586207
63,0.42530167543859654
64,0.4476875384259259
65,0.4520859324074074
66,0.4442855813636364
67,0.45171089166666667
68,0.4747146064356435
69,0.4812580166666667
70,0.4689502121359223
71,0.47505113316831676
72,0.4877483227272728
73,0.5060487766666666
74,0.5028112491666669
75,0.4996446726804125
76,0.5072218284946236
77,0.5233451525862068
78,0.5295668407608696
79,0.5250072956521741
80,0.5299293456521739
81,0.54931635625
82,0.5609522083333333
83,0.5548406804597702
84,0.5693304123529414
85,0.5662845564705882
86,0.5734083528301885
87,0.5783992696428572
88,0.5827337615384616
89,0.5807204708333333
90,0.6170183329113923
91,0.6290400649350649
92,0.605223755
93,0.6149641189873417
94,0.6367979385416667
95,0.6408333684210527
96,0.6435970217105262
97,0.6580864993243243
98,0.6464434253919373
99,0.6746083833333333
100,0.6787327255555555
101,0.6678181659722222
102,0.6687269402777778
103,0.6791032521126761
104,0.690645525
105,0.6980326275362319
106,0.7033675173913044
107,0.707152508139535
108,0.740064587804878
109,0.7304477454545455
110,0.7292892452380952
111,0.7272238166666667
112,0.74946502109375
113,0.7665051162500001
114,0.7520139421875002
115,0.839361842166417
116,0.7722413807692309
117,0.7869177967213115
118,0.7764060282051283
119,0.7932756302631577
120,0.7813590615384616
121,0.7888174344262295
122,0.7917252894736841
123,0.8109371013513512
124,0.801588252631579
125,0.8407805458333333
126,0.8452221000000001
127,0.8259720554054054
128,0.8351699416666667
129,0.8597922228571429
130,0.8540873330357142
131,0.8604296000000001
132,0.8818285118181819
133,0.864257467142857
134,0.8955391735294117
135,0.8963256250000001
136,0.8880433426470588
137,0.8911022294117646
138,0.8947697176470588
139,0.9073844622641509
140,0.9151258166666665
141,0.9197972227272727
142,0.9223482590909092
143,0.9308149470588237
144,0.9407664546875
145,0.9466794593750001
146,0.9499298171875
147,0.9520506656250001
148,0.964934563
149,0.9724869048387099
150,0.9770093838709676
151,0.9796244887096774
152,0.9886225516129031
153,0.9981987656250001
154,1.0036710699999998
155,1.0071432800000002
156,1.0092284500000002
157,1.0228113783333332
158,1.02992731
159,1.0341154652173914
160,1.0369954241379309
161,1.0463371396551724
162,1.0556653603448274
163,1.0610271344827584
164,1.0643663413793103
165,1.066699105555556
166,1.0800918964285713
167,1.0872987482142857
168,1.0911996464285714
169,1.0942051071428573
170,1.1041884813953486
171,1.1130061462962964
172,1.1181132962962963
173,1.121363546296296
174,1.1259087296296295
175,1.1377321796296296
176,1.1443104462962963
177,1.1485054773809524
178,1.1512017535714285
179,1.16171435
180,1.1701782153846152
181,1.1752432923076923
182,1.1785801192307692
183,1.1846868692307693
184,1.195271848076923
185,1.201831072
186,1.2060298340000002
187,1.208389646
188,1.219425466
189,1.2277279499999998
190,1.232546716
191,1.2357478460000002
192,1.242830557894737
193,1.2529826229166667
194,1.25890271875
195,1.2626818437499998
196,1.2654836020833335
197,1.2769439041666666
198,1.2848041479166668
199,1.2896865729166664
200,1.2928593250000002
