1,0.06808368809904153
2,0.07012215099173554
3,0.07012059865930599
4,0.07013305320813773
5,0.07012088351735017
6,0.07011967241112828
7,0.0702154952681388
8,0.07013369359374999
9,0.07172617117552336
10,0.0724706383116883
11,0.07249799878836835
12,0.07252242987012987
13,0.07255589255319149
14,0.07256394353796447
15,0.0727765375
16,0.07276178456486043
17,0.07739149537671233
18,0.09342624159836067
19,0.09336441846473029
20,0.09353962173913044
21,0.09374865862422999
22,0.09369807154639175
23,0.0937963088295688
24,0.09388878727087578
25,0.09424156321721311
26,0.09923784699331847
27,0.10101382683741647
28,0.1016984799116998
29,0.10212276563192904
30,0.10280042156862745
31,0.10347163755605379
32,0.10388929235033259
33,0.10430022354260089
34,0.10456606235827665
35,0.12864765422343324
36,0.12915556808219178
37,0.12985848770718234
38,0.13038826778711485
39,0.13073995436619718
40,0.1313802966573816
41,0.13172730919220055
42,0.13197176456582632
43,0.13741488895348838
44,0.1390965045722714
45,0.13999511642228737
46,0.14052325658682632
47,0.14117117679640717
48,0.14156457897897898
49,0.14209894520958086
50,0.14261079131736526
51,0.1433683200892857
52,0.16721216870629368
53,0.16825625524475524
54,0.16886780809859153
55,0.1703938546594982
56,0.17050322046263347
57,0.17223416334519573
58,0.17214344628975264
59,0.1724801083038869
60,0.17930904666666667
61,0.18132032092592595
62,0.18200463870370368
63,0.18364660391791046
64,0.1838249546992481
65,0.18385853824626863
66,0.18455130206766918
67,0.18603149580152667
68,0.19043726897435895
69,0.2139654479910714
70,0.21495392589285717
71,0.21548118727678572
72,0.21601022924107144
73,0.21624853162790697
74,0.216964132735426
75,0.21755177455357147
76,0.21810763839285713
77,0.22351667227272728
78,0.22513812708333333
79,0.22592841458333335
80,0.22665829255813955
81,0.22731393356481483
82,0.2278270641860465
83,0.2283360611627907
84,0.22876578287037036
85,0.22939467790697673
86,0.25496583092783515
87,0.2568065776041667
88,0.2582032574074074
89,0.2580846127604166
90,0.25864769682539684
91,0.25939904609375003
92,0.26001716953125
93,0.2605159181578947
94,0.2669198978835979
95,0.2692449948924731
96,0.26927191586021504
97,0.26960287177419356
98,0.27060436521739134
99,0.27005198586956525
100,0.27077343260869563
101,0.27097958967391306
102,0.27123739809782604
103,0.3044957412121212
104,0.30759479509202453
105,0.3100621642857143
106,0.31143011875000004
107,0.31191995562499997
108,0.312728608125
109,0.31328542156250005
110,0.31359741468749996
111,0.31490338198757767
112,0.3138029803125
113,0.315645463125
114,0.31701419218750004
115,0.31936349468749997
116,0.3208625515822785
117,0.319193621875
118,0.3187522853125
119,0.31910181374999996
120,0.34399055000000006
121,0.34997233298611113
122,0.35020901875
123,0.35171048020833334
124,0.3514186785211268
125,0.35211091795774646
126,0.35759992013888886
127,0.3545170552816901
128,0.3537166285211268
129,0.35877258450704225
130,0.3575583850746269
131,0.359147775
132,0.3585682485915493
133,0.3585171021126761
134,0.3598111172535211
135,0.36230095070422536
136,0.35999770598591546
137,0.4111087000000001
138,0.3825406627906977
139,0.3852504736434109
140,0.38668782480620156
141,0.38775606653543304
142,0.38858183449612405
143,0.38706652375
144,0.390019888976378
145,0.3903940599206349
146,0.3913601145669292
147,0.3916217059055118
148,0.3921265472440945
149,0.39259146456692917
150,0.3934130602362205
151,0.3937784393700788
152,0.3943034417322835
153,0.39513715984251957
154,0.41928178310810804
155,0.4249291351694915
156,0.4277664396551724
157,0.42992656594827583
158,0.4304540461206897
159,0.43116354353448283
160,0.4323669577586208
161,0.4331122642241379
162,0.4352511275862069
163,0.43547802543103453
164,0.43581545948275857
165,0.4378653719827586
166,0.4395471038793103
167,0.44024046140350875
168,0.437067025
169,0.43904350258620695
170,0.4398618112068966
171,0.46872381805555563
172,0.4705032814814815
173,0.4742833708333334
174,0.47558197594339635
175,0.4777775417910447
176,0.4746386828358209
177,0.476463258490566
178,0.4776335882075471
179,0.4781606702830189
180,0.4838796334905661
181,0.4782487621359224
182,0.4832086910377359
183,0.4817678431818181
184,0.4871060113207547
185,0.4762765689393939
186,0.48138385141509427
187,0.4847364650943396
188,0.5089453920000001
189,0.506916110483871
190,0.5130222709183673
191,0.5157225161290322
192,0.5179807408163266
193,0.5204169765306124
194,0.5179363076530613
195,0.5189944336734693
196,0.5226770887755102
197,0.5166758450819672
198,0.5217873846938775
199,0.5192412106557377
200,0.5202807245901638
