1,0.06876808327948304
2,0.07289843794266443
3,0.07557561033613446
4,0.0757753241025641
5,0.09202322633196722
6,0.09347108724489797
7,0.10082775221729488
8,0.10208530220264318
9,0.12973614188034188
10,0.13096350384615388
11,0.13751547239884393
12,0.13930508064516128
13,0.1627740892255892
14,0.16503440223367696
15,0.1721430334519573
16,0.17520241272401432
17,0.1770324646953405
18,0.2112289491266375
19,0.21334388030303028
20,0.22009550334821426
21,0.22272514464285717
22,0.24870345000000008
23,0.25156846065989846
24,0.2575494685567011
25,0.2599662695876289
26,0.2952443047337278
27,0.3001447199404762
28,0.3151845140495868
29,0.30184136
30,0.3277538674342106
31,0.3343995408783784
32,0.33717511418918916
33,0.3391396128378379
34,0.34120197925170076
35,0.372236051119403
36,0.37590616082089556
37,0.37807421791044776
38,0.3802533515151515
39,0.41126582396694206
40,0.4154663863636364
41,0.4172449644628099
42,0.419829329338843
43,0.44883879955752204
44,0.4545542472972973
45,0.45741745495495495
46,0.45773915289855066
47,0.48398291153846157
48,0.49313239077669907
49,0.49640597970297023
50,0.4987795806930693
51,0.5017868470297029
52,0.5304858211864407
53,0.5331480822033898
54,0.536943956779661
55,0.5375447694915254
56,0.5700169715909091
57,0.576654465340909
58,0.5762029463636363
59,0.581032288068182
60,0.6067053528846154
61,0.6119499009615385
62,0.6130604567307694
63,0.620571606707317
64,0.6422888979591836
65,0.6490286367346938
66,0.6527481244897959
67,0.6592945681818182
68,0.6568902275510203
69,0.6898716956521739
70,0.6931806815217392
71,0.6933516184782609
72,0.6949965717391304
73,0.7258651613636363
74,0.7347688557971014
75,0.7336561999999999
76,0.7369141284090909
77,0.7627502761904762
78,0.7733830537878787
79,0.7769527318181818
80,0.7821164696969697
81,0.8032772275000001
82,0.8126612611111111
83,0.8181019230158731
84,0.8168618025641027
85,0.8183205243589744
86,0.8500548144736843
87,0.851909169736842
88,0.8571432000000001
89,0.8561560263157896
90,0.8856105652777779
91,0.8871930041666669
92,0.8901479402777778
93,0.8936616944444445
94,0.9181647942857142
95,0.9232723114285715
96,0.9359870927272727
97,0.9390941381818183
98,0.9637261273584904
99,0.968852690909091
100,0.9726915409090907
101,0.9712336333333333
102,0.9731009515151515
103,1.003974159375
104,1.007870590625
105,1.067612114864865
106,1.0058936828125005
107,1.0366649822580647
108,1.040596440322581
109,1.0428657870967744
110,1.044427272580645
111,1.072152745
112,1.0781434416666664
113,1.0807114966666669
114,1.0841082366666668
115,1.1100352396551725
116,1.1163870603448276
117,1.119897370689655
118,1.1227210086206898
119,1.1361190577777778
120,1.1541198732142857
121,1.1587095339285713
122,1.1611668267857143
123,1.1656280357142859
124,1.1921632111111111
125,1.1969291166666665
126,1.200945877777778
127,1.2061128833333334
128,1.2305696384615383
129,1.2352247134615386
130,1.2381835326923076
131,1.2536324525
132,1.2778163162499998
133,1.2742387480000001
134,1.279440042
135,1.283614428
136,1.2873230440000003
137,1.325341052631579
138,1.3195752895833333
139,1.3234570916666668
140,1.32644063125
141,1.3513465166666667
142,1.3577265895833333
143,1.3624639875
144,1.3647934416666667
145,1.3890514239130436
146,1.3971178999999998
147,1.4007300717391304
148,1.4033419304347825
149,1.4253528413043477
150,1.4337708108695653
151,1.4401472543478262
152,1.453064042857143
153,1.4458705863636365
154,1.4745613863636364
155,1.4788386022727276
156,1.4830599181818185
157,1.4850249772727273
158,1.5235979681818184
159,1.5177288904761905
160,1.5201316166666665
161,1.5246513714285714
162,1.5491512452380953
163,1.557712569047619
164,1.5597440595238095
165,1.5630952619047618
166,1.5862436775000004
167,1.5934261125000002
168,1.5989484150000002
169,1.6003142299999997
170,1.6040209949999997
171,1.6324827725000002
172,1.6381708825
173,1.6406972225
174,1.64239101
175,1.6830307716666661
176,1.6763294815789476
177,1.6799545868421057
178,1.6829222157894737
179,1.7082633342105265
180,1.7132086131578945
181,1.7161561263157894
182,1.9204872883116886
183,1.7233108473684213
184,1.7379497736842107
185,1.7411663894736842
186,1.7451055105263156
187,1.7489785105263156
188,1.7753054000000001
189,1.779950497222222
190,1.782871786111111
191,1.787692886111111
192,1.8150175555555554
193,1.8182140388888886
194,1.821876708333333
195,1.8252418805555555
196,1.85101385
197,1.8569335666666666
198,1.8610206722222224
199,1.8621143083333331
200,1.8879617529411763
