1,0.22227336363636363
2,0.42276580254237284
3,0.5780939629629631
4,0.7908211484375001
5,0.9311281999999999
6,1.1265093196428573
7,1.3459088895833335
8,1.5125158696969694
9,1.6861399631578946
10,1.8359213264705885
11,2.0329772593750004
12,2.2293277714285713
13,2.3981406535714287
14,2.6001530230769236
15,2.747389275
16,2.9332551727272724
17,3.0826613090909087
18,3.2826667500000006
19,3.9713765474025986
20,3.5244676055555555
21,3.717434466666667
22,3.87519241875
23,4.0665104375
24,4.258444024999999
25,4.412732085714286
26,4.604184214285714
27,4.754517421428571
28,4.948056657142858
29,5.164982058333334
30,5.327975441666667
31,5.520353100000001
32,5.683760291666667
33,5.875027125
34,6.035462208333334
35,6.21828493
36,6.40806652
37,6.565882099999999
38,6.75632259
39,6.912161429999999
40,7.1029634999999995
41,7.2836675
42,7.472926180000001
43,7.64791542
44,7.822616024999999
45,8.0089072375
46,8.200948475
47,8.366657275
48,8.5593438625
49,8.7246024
50,8.9160610625
51,9.0856301875
52,9.273350475
53,9.459290762499998
54,9.6324658
55,9.824968850000001
56,9.994292312499999
57,10.172259575
58,10.3624977
59,10.526158833333334
60,10.710163916666666
61,10.8819382
62,11.066102666666666
63,11.254459033333331
64,11.407708883333335
65,11.599183216666667
66,11.774052083333332
67,12.025955549999999
68,12.204178749999999
69,12.363558233333332
70,12.571704450000002
71,12.738545783333333
72,12.906328650000003
73,13.09920385
74,13.300111616666669
75,13.489919950000003
76,13.654246983333332
77,13.847647783333333
78,14.023576516666667
79,14.213347483333337
80,14.407173933333333
81,14.592205550000001
82,14.778685233333333
83,14.958515816666667
84,15.142815816666669
85,15.343503133333334
86,15.465382425000001
87,15.644814725000005
88,15.817420675
89,16.0104497
90,16.178650100000002
91,16.355912375000003
92,16.54426665
93,16.709274050000005
94,16.903163975
95,17.082695925000003
96,17.259546299999997
97,17.444143000000004
98,17.614068175
99,17.803231000000004
100,17.980424924999994
101,18.152746875000002
102,18.3485819
103,18.515811575
104,18.701773650000003
105,18.875903550000004
106,19.055113775
107,19.238947775
108,19.412629875
109,19.600425825
110,19.7697952
111,19.950861449999998
112,20.14426195
113,20.31983705
114,20.495017925000003
115,20.676369325
116,20.879374549999998
117,21.058051725
118,21.251380674999997
119,21.4438949
120,21.623072774999997
121,21.808287525
122,21.980175674999998
123,22.175761150000003
124,22.378374
125,22.551767075
126,22.7420011
127,22.931357074999998
128,23.107741474999997
129,23.28382595
130,23.4645279
131,23.648139875000005
132,23.826503574999997
133,24.029088624999996
134,24.201445
135,24.383797475
136,24.562312575000004
137,24.745548649999996
138,24.937617725
139,25.091388074999998
140,25.2861776
141,25.46456415
142,25.666235450000002
143,25.819357075000003
144,26.021681824999998
145,26.233740075
146,26.3860515
147,26.57877745
148,26.887279575000004
149,27.014591749999994
150,27.207082675000002
151,27.378594849999992
152,27.511319299999997
153,27.684225200000004
154,27.942911275000004
155,28.068992974999993
156,28.196814075
157,28.408580625000003
158,28.67039905
159,28.851331824999992
160,29.02092235
161,29.201691125000004
162,29.386025299999996
163,29.620673300000004
164,29.856740799999994
165,30.003639725000003
166,30.104276950000003
167,30.238152700000004
168,30.282876850000008
169,30.4680344
170,30.5613733
171,30.768206399999997
172,30.944539849999998
173,31.09160285
174,31.306068949999993
175,31.444740300000003
176,31.60749465
177,31.788427100000003
178,31.96341985
179,32.129384099999996
180,32.30363825
181,32.4917908
182,32.65347620000001
183,32.824870649999994
184,33.01501755
185,33.17980495000001
186,33.36069195
187,33.53372655
188,33.7051352
189,33.875424550000005
190,34.02691665
191,34.24530115
192,34.426130699999995
193,34.60778525
194,34.7694615
195,34.921927499999995
196,35.13997434999999
197,35.29375495000001
198,35.465441799999994
199,35.6411738
200,35.82700514999999
