1,0.4581704809523809
2,0.8322412189655173
3,1.2771613020833334
4,1.6719085055555554
5,2.1191281433333335
6,2.501675723684211
7,2.930480363636364
8,3.32614142
9,3.7482491375000007
10,4.1485094375000005
11,4.5681142928571425
12,4.970519614285714
13,5.389764258333334
14,5.791875275000001
15,6.22139901
16,6.661674000000001
17,7.07926652
18,7.4862901399999995
19,7.902897287499998
20,8.312596724999999
21,8.727295725000001
22,9.137364625
23,9.5516640125
24,9.9634135125
25,10.373504216666666
26,10.786501683333334
27,11.199749749999999
28,11.608816766666665
29,12.022602316666665
30,12.437081899999999
31,12.846243966666666
32,13.264209033333335
33,13.672275916666667
34,14.082762699999998
35,14.495270016666668
36,14.911495333333335
37,15.320131424999998
38,15.730973024999997
39,16.146371075000005
40,16.55969725
41,16.97080045
42,17.381228125000003
43,17.799050749999996
44,18.207739825000008
45,18.618522574999997
46,19.035782075
47,19.442021774999997
48,19.856720025
49,20.2715265
50,20.680703475
51,21.088369
52,21.50296345
53,21.924144575
54,22.347894275
55,22.772596325000006
56,23.183876350000002
57,23.602180824999998
58,24.017144874999996
59,24.428896350000002
60,24.840984499999998
61,25.261856275000003
62,25.699681950000006
63,26.145215425
64,26.618624174999994
65,27.082581175
66,27.573360975
67,27.974793825
68,28.385538499999996
69,28.786143000000003
70,29.376651899999995
71,29.806550425
72,30.2118208
73,30.4354116
74,30.94862155
75,31.220498499999998
76,31.693902749999996
77,32.044095199999994
78,32.3554375
79,32.77964185
80,33.17742285
81,33.590538900000006
82,34.0289914
83,34.41370654999999
84,34.884379200000005
85,35.2347046
86,35.64478785000001
87,36.05883425
88,36.4599298
89,36.89758840000001
90,37.3075876
91,37.7221163
92,38.128710250000005
93,38.56141235
94,38.948171349999996
95,39.443732250000004
96,39.87458025
97,40.213598
98,40.66293410000001
99,41.243406400000005
100,41.5438825
101,41.92342004999999
102,42.44786875
103,42.90315845
104,43.2698343
105,43.674972
106,44.1585396
107,44.68495035
108,44.95146775
109,45.40682365
110,45.78071285
111,46.4110068
112,46.804782700000004
113,47.2368955
114,47.4200318
115,48.0618741
116,48.2770983
117,48.68954670000001
118,49.126682200000005
119,49.727642149999994
120,49.99660705
121,50.60084019999999
122,50.78510095000001
123,51.300668449999996
124,52.803854
125,51.19296045000001
126,51.60576135
127,52.01438615
128,52.485913800000006
129,53.24758155
130,53.655586150000005
131,54.065301049999995
132,54.49155505000001
133,54.89013575
134,55.302591750000005
135,55.722317450000006
136,56.13261784999999
137,56.548948
138,56.96298485
139,57.3693641
140,57.777705649999994
141,58.1916144
142,58.65226725
143,59.09594415
144,59.4978802
145,59.93407224999999
146,60.3552988
147,60.80286490000001
148,61.307761750000004
149,61.8150768
150,62.37040080000002
151,63.01923425000001
152,63.187728799999995
153,63.976058050000006
154,64.4982243
155,64.94211680000002
156,65.34614699999999
157,65.7571181
158,66.29145795000001
159,66.69523364999999
160,67.17594234999999
161,67.43992735
162,67.99833275
163,68.91635355
164,68.84268080000001
165,69.93903035000001
166,70.23346675000002
167,70.6939342
168,70.49527275
169,70.8523869
170,71.74051755000002
171,72.01846400000001
172,72.6224683
173,72.94932979999999
174,73.28837955000002
175,73.8175603
176,74.52539774999998
177,74.88512979999999
178,74.83686385
179,75.73355194999999
180,76.11402964999999
181,76.15666215000002
182,76.60941725
183,77.46916809999999
184,77.81184295
185,77.9710404
186,78.68222335
187,79.11143655
188,79.5391348
189,80.33391319999998
190,79.8075238
191,80.30295890000001
192,81.4889051
193,81.10054650000001
194,81.45701675000001
195,82.54617875000001
196,82.48744404999998
197,83.32464225
198,83.33209970000003
199,83.91086809999999
200,84.62388494999999
