1,0.07065225286415712
2,0.07193489177966102
3,0.08935640853174602
4,0.10469195464852606
5,0.10882884869976359
6,0.12437395500000004
7,0.13662915102040812
8,0.1557308832781457
9,0.17251299309090912
10,0.1827133974708171
11,0.22472498761904758
12,0.2521324023809524
13,0.2644046845303867
14,0.252929871957672
15,0.26922753983050846
16,0.3011588215189874
17,0.31602560230263155
18,0.3349508940140845
19,0.3354282764084507
20,0.356966994402985
21,0.43010115785714287
22,0.4386138486111111
23,0.442580637037037
24,0.4471024097222222
25,0.4456532097222222
26,0.510697861827957
27,0.5249163614130434
28,0.53186524
29,0.5257928951086956
30,0.5350160822222221
31,0.5876559100000001
32,0.6122516221518989
33,0.6163648234693877
34,0.6183088061224491
35,0.6215114038961039
36,0.6493896966216217
37,0.6921014977272728
38,0.7022264441860465
39,0.7802063474358976
40,0.7750803692307693
41,0.7152458428571428
42,0.7786572115384616
43,0.7796790461538463
44,0.7932761736842104
45,0.8019020144736843
46,0.7955045894736843
47,0.8581943294642856
48,0.8780463772727274
49,0.8755777785714287
50,0.873520322857143
51,0.886878067647059
52,0.9423206359374999
53,0.9583223484375001
54,0.9645492259999999
55,0.9695915589999999
56,0.9727441435483871
57,1.0257913032608699
58,1.0436063327586207
59,1.0509465931034478
60,1.0556915655172414
61,1.0598742568965518
62,1.2195224434374998
63,1.128402462962963
64,1.1371751944444444
65,1.1424632240740737
66,1.1475872250000003
67,1.1918936692307693
68,1.213322466
69,1.223567966
70,1.229023926
71,1.2351817059999999
72,1.2714836791666666
73,1.2983018310810812
74,1.309701917391304
75,1.3162473347826087
76,1.3221406304347827
77,1.3491808869565218
78,1.3834055590909093
79,1.3955572454545455
80,1.4028017363636365
81,1.4096180500000002
82,1.4281363113636365
83,1.4683501666666665
84,1.4815565166666667
85,1.489942257142857
86,1.49661505
87,1.5129642824999998
88,1.5540033225000003
89,1.5677915924999999
90,1.576855258333333
91,1.5841604078947369
92,1.5996143157894736
93,1.6383181684210524
94,1.6541709999999998
95,1.663718107894737
96,1.6720168583333335
97,1.6867287027777778
98,1.7235575750000003
99,1.7401922361111113
100,1.7502441972222222
101,1.7593255611111112
102,1.773661338235294
103,1.8089677000000002
104,1.8263162764705885
105,1.8365845735294115
106,1.8461695970588234
107,1.8618709580000004
108,1.8940676312500002
109,1.912796565625
110,1.9233692906249997
111,1.9348175718750003
112,1.9491878281250001
113,1.9807256562500002
114,1.9995131395833332
115,2.01069131
116,2.020937083333333
117,2.0389266033333335
118,2.0694383133333334
119,2.0874249199999997
120,2.0992858466666666
121,2.1174385766666663
122,2.132454893333333
123,2.1607402035714287
124,2.1825589678571427
125,2.196116982142857
126,2.2150645928571433
127,2.2411244749999994
128,2.2553464821428575
129,2.2796727107142853
130,2.3001638178571433
131,2.308291160714285
132,2.3304834653846154
133,2.3579139076923075
134,2.371627719230769
135,2.3856444192307698
136,2.406718446153846
137,2.434567803846154
138,2.445319384615385
139,2.4723624692307693
140,2.492169188461538
141,2.5000022076923076
142,2.52641155
143,2.538273020833334
144,2.560982104166667
145,2.5652071708333333
146,2.585154504166667
147,2.6141848625
148,2.6408391166666667
149,2.6453146958333336
150,2.6674407166666665
151,2.6899170416666665
152,2.695572429166667
153,2.72767115
154,2.7314887166666666
155,2.7735815647058826
156,2.7643047727272725
157,2.794316604545455
158,2.821553136363636
159,2.822484195454546
160,2.8405679090909093
161,2.8666806227272734
162,2.872095163636364
163,2.9025815499999994
164,2.9305425590909095
165,2.934027431818182
166,2.939348204545454
167,2.9692587318181816
168,2.99944625
169,3.0027153
170,3.031744581818182
171,3.03639824
172,3.06532007
173,3.065935135
174,3.0878285049999996
175,3.1209191499999998
176,3.1216659699999996
177,3.1497020700000005
178,3.1571865649999995
179,3.1786983749999997
180,3.2043244500000005
181,3.2105214749999997
182,3.23577859
183,3.2537259800000005
184,3.2677207
185,3.277106315
186,3.3046906099999998
187,3.3120365549999993
188,3.341170895
189,3.3538910650000004
190,3.377536277777778
191,3.382385172222222
192,3.4086431333333334
193,3.411124144444444
194,3.4312276500000003
195,3.4487545666666657
196,3.464154516666666
197,3.4853770000000006
198,3.500298849999999
199,3.5202861611111116
200,3.536182338888889
