1,0.060063698898678415
2,0.06191318174486803
3,0.061968769901547094
4,0.06184626636615811
5,0.061851215223463686
6,0.06187954742339833
7,0.061873195089903174
8,0.061895095416666664
9,0.062007711954992974
10,0.06198968289106145
11,0.061967629944674966
12,0.06192901244755244
13,0.061981450694444454
14,0.061986472387005664
15,0.06199662635714286
16,0.061992733192090387
17,0.0619837095700416
18,0.07872403181818181
19,0.0788588671875
20,0.07899807899305555
21,0.0881780396498667
22,0.07717236379897785
23,0.07709508035714287
24,0.07713082034482759
25,0.07723205697278909
26,0.07789913530927833
27,0.07771454348958334
28,0.07793783982758622
29,0.07782539480408858
30,0.07780274343696027
31,0.07769695655172412
32,0.07776020724020442
33,0.07775590644329897
34,0.0777997435201401
35,0.10135830938189845
36,0.10191499220489977
37,0.1018442236141907
38,0.1021031365256125
39,0.10220081180400892
40,0.10201085770089284
41,0.10201048123620308
42,0.10200920176600442
43,0.10207108318485522
44,0.10207463447893571
45,0.10228755750551877
46,0.10302274009009009
47,0.10299806763392858
48,0.10300116486486488
49,0.10299009054054055
50,0.10299761450892858
51,0.10298738927765237
52,0.1235347843163539
53,0.12396565605263157
54,0.12421535679999998
55,0.12430046680000004
56,0.1244267919354839
57,0.12446146747311827
58,0.12444981888586955
59,0.12447121881720428
60,0.12460949448924732
61,0.12462035434782608
62,0.1246407104054054
63,0.12469461589673911
64,0.12470447801608578
65,0.12470048659517428
66,0.12470225683646112
67,0.12479566301369863
68,0.12477192027027029
69,0.16099832886597937
70,0.16109844948453605
71,0.16116790086805557
72,0.1612864991349481
73,0.16131158339100346
74,0.16135425601374567
75,0.1613164671232877
76,0.1613533693771626
77,0.16265725176678442
78,0.16259953489583334
79,0.16263880224913493
80,0.16261251840277782
81,0.16262464861591697
82,0.16261054895833335
83,0.16262626527777777
84,0.16258756020761242
85,0.16259686180555555
86,0.1820552180232558
87,0.18235208546511625
88,0.18251869011627908
89,0.18262609370078742
90,0.1826517118217054
91,0.18277662635658917
92,0.18269281595330739
93,0.18267893856589146
94,0.1829152643410853
95,0.18309327480620155
96,0.18312026809338522
97,0.18337856828793778
98,0.18353899291338582
99,0.18387305622568095
100,0.18450048910505837
101,0.18497337333333333
102,0.1858367194117647
103,0.22127480281690146
104,0.22244207441314556
105,0.22283967230046947
106,0.22284728661971834
107,0.2232304573459716
108,0.22335041523809523
109,0.22335012878048777
110,0.22362277276995307
111,0.22392502347417842
112,0.2240620176056338
113,0.22427936895734604
114,0.2246126514084507
115,0.2248495277251185
116,0.2250549514084507
117,0.22511809715639813
118,0.22530703483412326
119,0.22561543169014087
120,0.24399214536082472
121,0.2444223554123711
122,0.24527430386597934
123,0.24553952794871792
124,0.2468031358974359
125,0.24711546417525776
126,0.24717967500000004
127,0.24854887205128207
128,0.24782586435897433
129,0.2500043805128205
130,0.24954444615384616
131,0.24916489666666666
132,0.24990417538461537
133,0.25069741743589746
134,0.2504077220512821
135,0.2515945448717949
136,0.25012332205128207
137,0.2837714298192771
138,0.2868499659763314
139,0.2864406244047618
140,0.28647655650887566
141,0.2883012553571428
142,0.28746374881656805
143,0.28686046301775153
144,0.2875754298816568
145,0.2888177585798817
146,0.28855067514792904
147,0.2878259639053255
148,0.28890674852071
149,0.28810696597633134
150,0.287195375147929
151,0.288548449704142
152,0.28990999112426036
153,0.28875088402366866
154,0.3055713481012658
155,0.309950965625
156,0.30927052218749995
157,0.30857529367088604
158,0.3122078240384615
159,0.30992015569620257
160,0.3116004278481012
161,0.3132882693037975
162,0.3102896325949367
163,0.3134995721518987
164,0.31098410537974686
165,0.3118740576923077
166,0.3113738487341772
167,0.3141657121794872
168,0.31081091898734176
169,0.31467471360759497
170,0.3130294974683544
171,0.3456935616197183
172,0.34662799147727275
173,0.35042500795454545
174,0.35422534375
175,0.3614551757575758
176,0.3636064440298508
177,0.364077140530303
178,0.3665013675373134
179,0.3660895895522388
180,0.36631302611940303
181,0.36542289477611944
182,0.3733577850746269
183,0.36931304128787884
184,0.3688279462686567
185,0.37004747840909097
186,0.3689579136363636
187,0.37150164253731344
188,0.37001856068702293
189,0.3697846943181818
190,0.3688562893939394
191,0.3708864201492537
192,0.37010144242424237
193,0.36900066268656717
194,0.37285667765151514
195,0.371680765530303
196,0.3730528320895522
197,0.3727517100746269
198,0.37503244738805974
199,0.37434097798507454
200,0.3745872681818182
