1,0.026377762121212116
2,0.02654908346007604
3,0.028312074100211714
4,0.028266632885674922
5,0.030401126192250365
6,0.030631231017830603
7,0.032706033293838865
8,0.033210556950844856
9,0.04468978751269036
10,0.04509284187116564
11,0.0482908070083682
12,0.04713297531185031
13,0.06109112414248022
14,0.06156093322324968
15,0.06385039277929157
16,0.06463736002747253
17,0.07451206012558871
18,0.07497512492113566
19,0.07749849001623377
20,0.0780504963474026
21,0.0891820167889908
22,0.08986941813996317
23,0.0919797142857143
24,0.0931364334914611
25,0.10341596329113925
26,0.10384653725910063
27,0.10653684231601732
28,0.10693004912472648
29,0.11699495592417063
30,0.1185423983293556
31,0.12152984016990291
32,0.12190701865853658
33,0.13410517885638293
34,0.13470716154891305
35,0.13579983427419354
36,0.14267727020057305
37,0.14578805718475074
38,0.1474107606413994
39,0.14947753318584067
40,0.14930984363905328
41,0.16060975630914825
42,0.16263358722044727
43,0.16313327709677417
44,0.16288600737179484
45,0.17487095343642609
46,0.1770594596219931
47,0.17729684039145907
48,0.17753118784722222
49,0.18971696051587306
50,0.19043204981343284
51,0.1900650695488722
52,0.19260895357142857
53,0.20377288503937008
54,0.20355066600000005
55,0.20522959699999999
56,0.20710791879999998
57,0.21805036546610168
58,0.21833942944915252
59,0.2186271895299145
60,0.22064385402542375
61,0.2313337124434389
62,0.23312922466367716
63,0.23369543642533935
64,0.23548474796380092
65,0.24572290829383883
66,0.247068500952381
67,0.24713183190476193
68,0.24826597071428572
69,0.2592675625
70,0.26054901130653263
71,0.26245906532663316
72,0.2637912620603015
73,0.27431350315789477
74,0.2749368865079365
75,0.2757285587301587
76,0.277019396031746
77,0.28891684723756905
78,0.28956640248618787
79,0.29084666396648046
80,0.2929386560773481
81,0.30287983381502886
82,0.3020355421965317
83,0.30484842602339174
84,0.30623561375
85,0.31693211355421685
86,0.3175940296969697
87,0.3187201681818182
88,0.3212141621212122
89,0.3302825243670886
90,0.3302485924050633
91,0.3347642215189873
92,0.3298739096938775
93,0.3404172657894736
94,0.34485531249999996
95,0.3457919355263158
96,0.34874694407894735
97,0.3566853108843538
98,0.35930333482758625
99,0.3624853197278912
100,0.3639125896551724
101,0.3729104678571428
102,0.37601003321428567
103,0.37454550373134327
104,0.3779759696428571
105,0.38492379703703705
106,0.3859324311111111
107,0.38685192261904766
108,0.3890081514814816
109,0.3999885075757576
110,0.4042600690839695
111,0.4042464992366412
112,0.4062487740458015
113,0.4123657107594937
114,0.4123528386075949
115,0.4131083993670886
116,0.41344013101265825
117,0.42378758289473684
118,0.42777653360655743
119,0.4316555946721311
120,0.42639243749999994
121,0.4398401563559322
122,0.4397999141891892
123,0.4416376737288136
124,0.4431262067567567
125,0.4542588
126,0.45418128819444437
127,0.4567729333333333
128,0.45682515833333326
129,0.4687849955752211
130,0.4698125777272728
131,0.4683940435714286
132,0.4703151746376812
133,0.47955264558823535
134,0.4845108592592592
135,0.4835297911764706
136,0.48562844953703693
137,0.4933118166666667
138,0.4960761660377358
139,0.5004598768867924
140,0.50156414
141,0.5090066953125
142,0.5122066975728155
143,0.5117591495145631
144,0.51316437265625
145,0.5194904096774194
146,0.525529647
147,0.5246466048387098
148,0.530142626
149,0.5359691204918032
150,0.5376512663934427
151,0.5351903336065573
152,0.538171305737705
153,0.5495187063157895
154,0.5470020194915254
155,0.5495480050847458
156,0.5509975610169493
157,0.5594625525862069
158,0.5614570991379312
159,0.560707126724138
160,0.5642712086206895
161,0.5728103675438595
162,0.5790200955555556
163,0.5816332055555556
164,0.5850469972222223
165,0.5930644741071428
166,0.59423850625
167,0.5922934463636365
168,0.5973535844827587
169,0.6067908321839081
170,0.602885211111111
171,0.6042568694444442
172,0.6072149268518517
173,0.6153016669811321
174,0.6189695103773586
175,0.6165939198113207
176,0.6215978962264151
177,0.627712248076923
178,0.6300469519230769
179,0.6356678432926829
180,0.6351179528846155
181,0.6424123784313724
182,0.6445088459999999
183,0.644667835
184,0.648477818
185,0.655658895
186,0.6570037714285712
187,0.659258003
188,0.6674346512658229
189,0.6705954999999999
190,0.6713210448979592
191,0.6727315416666667
192,0.6809576188311688
193,0.6825578427083332
194,0.6852619797872341
195,0.6866100191489362
196,0.6953802592105263
197,0.6964245808510638
198,0.6985804861702126
199,0.7006196031914893
200,0.7036902936170214
