1,0.05641998012129381
2,0.06256434171597632
3,0.09715799694092826
4,0.12917175178571427
5,0.15522471042345276
6,0.18377123923076927
7,0.21232332785087718
8,0.24084884700000003
9,0.2792751098214286
10,0.3014722401840491
11,0.3056312812883436
12,0.3350138168918919
13,0.3643444335766423
14,0.3967746405511811
15,0.42736567923728813
16,0.4518926572072072
17,0.48235401747572815
18,0.5077297645161292
19,0.5363017872881356
20,0.5452993365591396
21,0.5709726130681818
22,0.5979875386792454
23,0.632006650625
24,0.65371661875
25,0.6893047195652174
26,0.7108964954545455
27,0.7458629825581395
28,0.7766154659090908
29,0.79496753875
30,0.8134371642857142
31,0.8336549684210527
32,0.8639707310810811
33,0.8961095267857143
34,0.9221160928571429
35,0.9420059764705883
36,0.9885849529411763
37,1.0031072468750002
38,1.0321113822580645
39,1.0429590080645164
40,1.07296481
41,1.0954263362068966
42,1.1328544862068963
43,1.1558104232142858
44,1.1950435907407408
45,1.2259776059523808
46,1.2444437653846152
47,1.2834417862500003
48,1.3169544699999998
49,1.3050726039999998
50,1.3203742791666664
51,1.35934395625
52,1.383041943478261
53,1.4180231956521738
54,1.4604906613636364
55,1.4739613295454546
56,1.5088530976190473
57,1.531489169047619
58,1.5617019214285714
59,1.568094583333333
60,1.6119243449999998
61,1.6246456350000003
62,1.6371139949999998
63,1.6800384000000002
64,1.701391236842105
65,1.7517449368421056
66,1.752168061111111
67,1.7966677083333336
68,1.8240953555555555
69,1.8288781222222221
70,1.8507864694444445
71,1.8927372470588233
72,1.906217373529412
73,1.9358999794117648
74,1.9627695235294118
75,2.0191546593750003
76,2.0317786187499998
77,2.048188259375
78,2.0773966031250004
79,2.086826228125
80,2.1286677600000004
81,2.1473457099999997
82,2.1950393366666665
83,2.2002082066666673
84,2.277731361497327
85,2.19593287
86,2.2234510857142853
87,2.2463071678571427
88,2.2622696107142857
89,2.289983128571428
90,2.318648225
91,2.347266253571428
92,2.3749345285714285
93,2.401802492307693
94,2.430913903846154
95,2.4568860153846153
96,2.4845057307692304
97,2.508405484615385
98,2.518174796153846
99,2.554367523076923
100,2.579104903846154
101,2.6122300624999997
102,2.6387455125000003
103,2.667500958333333
104,2.698571983333333
105,2.7213888458333333
106,2.7514835958333337
107,2.7641801083333335
108,2.7902747458333335
109,2.8220326208333337
110,2.865561958823529
111,2.8777492818181822
112,2.906470781818182
113,2.933731672727273
114,2.9615230545454545
115,2.991328422727273
116,3.0169263545454545
117,3.0298516363636363
118,3.0688964045454545
119,3.094589627272727
120,3.1224240500000002
121,3.15482517
122,3.17765777
123,3.209097935
124,3.2410611150000004
125,3.2687865050000005
126,3.2940042100000007
127,3.3193190749999997
128,3.3456909949999996
129,3.35807005
130,3.41240263
131,3.43248741
132,3.4654503099999996
133,3.5055678650000006
134,3.5452551500000005
135,3.567449611111111
136,3.5823823277777778
137,3.612167222222222
138,3.6067009777777783
139,3.671165277777778
140,3.6967693277777776
141,3.713519522222222
142,3.7360999833333337
143,3.807590316666667
144,3.8258347666666666
145,3.8333118888888893
146,3.844554138888889
147,3.89529725
148,3.9278378111111114
149,3.9314727388888895
150,3.973573366666666
151,3.97897219375
152,4.01848876875
153,4.0461184375
154,4.0886175937500004
155,4.10917835
156,4.11948125625
157,4.172656193750001
158,4.204359462499999
159,4.203828681250001
160,4.220250350000001
161,4.2365826375
162,4.27907645
163,4.29918950625
164,4.3215433875
165,4.367390425
166,4.425513443749999
167,4.41540713125
168,4.4726818625
169,4.470036525
170,4.5323067749999995
171,4.52407573125
172,4.561937957142858
173,4.561743907142858
174,4.582273507142856
175,4.620587400000001
176,4.61797155
177,4.675079407142858
178,4.673333407142857
179,4.714906707142858
180,4.717080057142857
181,4.760942442857143
182,4.777197957142857
183,4.8232876
184,4.837950092857143
185,4.8336403571428574
186,4.8711882
187,4.9167365
188,4.944715328571427
189,4.9617955857142855
190,4.9951386499999995
191,5.035551842857144
192,5.0490414928571425
193,5.061965807142856
194,5.077393992857143
195,5.081228021428571
196,5.123457621428571
197,5.1300362
198,5.176861649999999
199,5.203523657142858
200,5.237321535714286
