1,0.05363052595019659
2,0.06174922675111774
3,0.0765383301369863
4,0.09317375420081966
5,0.11037630178571428
6,0.13793585234604105
7,0.15156957907348242
8,0.18136233155893533
9,0.19804005041322317
10,0.21298894756637168
11,0.2599392766304348
12,0.26500407282608696
13,0.2929107696969697
14,0.3141388051612904
15,0.32006938790849676
16,0.3582440051851851
17,0.3710110412878789
18,0.39354195079365084
19,0.4142262864864865
20,0.4208122943965516
21,0.4596225061904762
22,0.47158745380952377
23,0.4768597067961165
24,0.5201812747368422
25,0.5263886543010753
26,0.5619422448863637
27,0.5814893794117647
28,0.5845031529411765
29,0.618802703
30,0.632669375949367
31,0.6579876808510637
32,0.6742726108695652
33,0.6836472777777778
34,0.7154472639534885
35,0.7329931194029851
36,0.753365063414634
37,0.7769323625
38,0.8512721777777779
39,0.8090608934210526
40,0.8286548838983051
41,0.8316087162162161
42,0.8701519402777778
43,0.8830556714285716
44,0.9113285911764707
45,0.9281858530303031
46,0.9361870833333334
47,0.9696850703125
48,0.9874878789999999
49,1.0136334451612905
50,1.0301677200000001
51,1.0392758599999998
52,1.0703122568965517
53,1.0850186896551723
54,1.1074231714285714
55,1.1339138453488373
56,1.1437614388888888
57,1.1733976888888886
58,1.1801793961538463
59,1.1926514615384614
60,1.22391149
61,1.240731442
62,1.26580754
63,1.2853442791666667
64,1.2966069
65,1.3361685121621618
66,1.3436093695652176
67,1.3674471586956525
68,1.3885953173913042
69,1.3983200136363638
70,1.4295421181818182
71,1.4443122113636362
72,1.4666050976190474
73,1.4922325142857142
74,1.499845580952381
75,1.5293430619047619
76,1.5453341675
77,1.5555530475000001
78,1.5854865074999998
79,1.600036695
80,1.628999084210526
81,1.6469737605263157
82,1.6558126157894735
83,1.6886825710526314
84,1.7115068948275862
85,1.7282189
86,1.7468743388888888
87,1.758537319444444
88,1.788729536111111
89,1.8142436
90,1.8235445735294118
91,1.8472913647058822
92,1.8575802
93,1.8908159323529408
94,1.9070263794117646
95,1.930123496
96,1.9486482250000003
97,1.9660523906249996
98,1.9869060374999998
99,2.003637090625
100,2.0155582531249996
101,2.0578825708333333
102,2.0600934866666667
103,2.08239628
104,2.1027812499999996
105,2.11531955
106,2.14456442
107,2.1599564533333333
108,2.1913988863636362
109,2.2056352892857145
110,2.217146746428572
111,2.244521207142857
112,2.262558803571429
113,2.274277667857143
114,2.3030063142857142
115,2.3186018178571426
116,2.3487782785714284
117,2.3729323269230775
118,2.373781576923076
119,2.404965942307692
120,2.4188677923076924
121,2.4390787
122,2.4611743615384616
123,2.4793310461538463
124,2.5019379615384616
125,2.5221258576923073
126,2.5408104884615383
127,2.5612740541666663
128,2.5748070291666667
129,2.6022936541666666
130,2.6239567666666668
131,2.6354968375000003
132,2.6617078166666666
133,2.6832498250000003
134,2.7069753750000003
135,2.72306595
136,2.7455819916666666
137,2.7688624416666663
138,2.7897010666666664
139,2.8055504909090905
140,2.819529559090909
141,2.8341990545454547
142,2.859994009090909
143,2.8786501909090907
144,2.9012324272727272
145,2.9230569181818176
146,2.9428441954545455
147,2.9603105454545457
148,2.9881539045454546
149,3.005467609090909
150,3.0256828454545457
151,3.0455746045454553
152,3.070767568181818
153,3.0921482649999996
154,3.1064244899999998
155,3.128042995
156,3.149206414999999
157,3.1647813000000005
158,3.191875935
159,3.20723111
160,3.4952461600000007
161,3.2396861350000004
162,3.2501507050000007
163,3.2759325950000004
164,3.2922254000000004
165,3.3157631699999994
166,3.3350459500000005
167,3.3579032000000004
168,3.3783156399999994
169,3.40720499
170,3.424188627777778
171,3.4452084944444445
172,3.458776477777778
173,3.488192911111112
174,3.507257938888889
175,3.5247766499999997
176,3.550323444444445
177,3.5660886999999994
178,3.586685022222222
179,3.6115980166666675
180,3.6274566277777773
181,3.6358069222222213
182,3.659952594444444
183,3.681730955555556
184,3.700292338888889
185,3.720587305555556
186,3.748373761111111
187,3.7693931388888884
188,3.788591788888889
189,3.8126505666666666
190,3.8267323277777785
191,3.8464179187500003
192,3.8664294749999994
193,3.8876250625000006
194,3.90770633125
195,3.9262557375000005
196,3.9488418437500004
197,3.9688516000000007
198,3.98696306875
199,4.00988713125
200,4.029792
