1,0.04505718725490196
2,0.05341087720488466
3,0.06725380389221558
4,0.0877940379854369
5,0.10129282218614719
6,0.11492407939759036
7,0.13863472848837208
8,0.15136577803738316
9,0.18888192451361868
10,0.19293162743190662
11,0.21990268721973094
12,0.22360459977578476
13,0.2558197082474226
14,0.26013221546391746
15,0.2915182435672515
16,0.29530230497076027
17,0.3287132194078948
18,0.33304856710526315
19,0.36319967086330945
20,0.3673093316546763
21,0.3958807151898734
22,0.4035064349206349
23,0.43454897543103455
24,0.4390034724137931
25,0.4675230723880597
26,0.47534211666666676
27,0.5034994896825397
28,0.5100874000000001
29,0.5415959510752688
30,0.5464502204301075
31,0.5803999124999999
32,0.5833929345454546
33,0.6108715461538462
34,0.6145848634615385
35,0.650168193670886
36,0.6532549785714286
37,0.6829806244680853
38,0.6853847271739132
39,0.7164901022727274
40,0.7218225250000001
41,0.749906538095238
42,0.7565891833333334
43,0.7846830256097561
44,0.7958779523437499
45,0.8205361346153847
46,0.8279244769230769
47,0.8573941662162164
48,0.8634096162162163
49,0.8897930708333335
50,0.899260361111111
51,0.925203338235294
52,0.9380863845454545
53,0.9618977742424243
54,0.9688847454545454
55,0.9973508484375001
56,1.00492666875
57,1.0317789032258065
58,1.0401631241935483
59,1.065745325
60,1.075646401666667
61,1.1036537879310344
62,1.1108193017241381
63,1.1367969982142856
64,1.1457346499999996
65,1.2018814633333335
66,1.165699601851852
67,1.1946230703703702
68,1.202555796296296
69,1.2314683173076921
70,1.2367758365384613
71,1.2662935419999999
72,1.271522156
73,1.2997268779999998
74,1.304676562
75,1.3346068312500001
76,1.3447350250000003
77,1.3719996673913042
78,1.3835747304347827
79,1.403611263043478
80,1.4171949804347825
81,1.4424804659090906
82,1.4467155795454547
83,1.4860142068181819
84,1.4939048659090908
85,1.521259730952381
86,1.5285596833333333
87,1.5566498738095238
88,1.5636425785714287
89,1.5930351375
90,1.5995510725000002
91,1.6283041375000002
92,1.6332256699999999
93,1.6618186894736844
94,1.6701117868421052
95,1.6971901157894735
96,1.7078087657894738
97,1.7339497236842105
98,1.7380451815789475
99,1.7686988361111111
100,1.7806889083333333
101,1.805799344444445
102,1.8172991222222221
103,1.8409017666666667
104,1.851383286111111
105,1.8746021382352942
106,1.8887611588235296
107,1.914359905882353
108,1.9256598411764703
109,1.944229988235294
110,1.9594923882352944
111,1.9951608320000003
112,1.995830203125
113,2.0140956156249996
114,2.0312250343750002
115,2.0582788933333336
116,2.0655472562500004
117,2.090419496875
118,2.1012043866666668
119,2.12818794
120,2.1366663466666664
121,2.15458228
122,2.1702292099999996
123,2.1933265466666665
124,2.4621153598930485
125,2.203568046666667
126,2.21108785
127,2.2404747300000003
128,2.2491374142857143
129,2.274628271428572
130,2.2850393535714293
131,2.3109852642857147
132,2.317458214285714
133,2.3466781107142856
134,2.352499575
135,2.3775611214285712
136,2.392088742857143
137,2.4142173642857143
138,2.443128726190476
139,2.4820230192307693
140,2.4620708653846157
141,2.4885647461538465
142,2.4903135230769227
143,2.521692423076923
144,2.5379307961538458
145,2.5553325576923083
146,2.5717126038461537
147,2.5933293076923074
148,2.6191864076923075
149,2.6437683958333333
150,2.6576682541666665
151,2.6764294708333334
152,2.690155754166667
153,2.7140308458333338
154,2.72658785
155,2.746719404166666
156,2.7606054249999996
157,2.7842914875
158,2.7966229208333333
159,2.819272029166666
160,2.8323709541666666
161,2.8530450458333334
162,2.867520570833333
163,2.8878056772727274
164,2.904969918181818
165,2.923032213636364
166,2.936480513636364
167,2.9577278363636363
168,2.9757719409090915
169,2.995648504545455
170,3.0105535318181817
171,3.029611613636363
172,3.042339204545454
173,3.0678275636363637
174,3.079326304545455
175,3.1016392500000003
176,3.1138876136363636
177,3.1344910727272732
178,3.1490610318181815
179,3.1692455
180,3.1873413049999995
181,3.2067715749999994
182,3.21878044
183,3.37409109375
184,3.22884585
185,3.2555345650000005
186,3.2642747900000004
187,3.2874765950000002
188,3.29946371
189,3.323372325
190,3.3374556449999995
191,3.35643718
192,3.3772657249999996
193,3.3947874400000004
194,3.41401842
195,3.4309429650000007
196,3.4380432349999994
197,3.4718152399999997
198,3.4897312500000006
199,3.51015825
200,3.570632777777778
