1,0.02684302136627907
2,0.0344767555347092
3,0.039457890548204165
4,0.05056161332159624
5,0.05434758392420538
6,0.06732280396341464
7,0.07712434760683762
8,0.08927806729249012
9,0.0990852033190578
10,0.10540908333333332
11,0.12105867173913044
12,0.1316428261049724
13,0.14352992673716014
14,0.14822252352941176
15,0.15854704325657898
16,0.17179850387453874
17,0.18325329713740457
18,0.19530436551020405
19,0.20087510062240663
20,0.2111549603896104
21,0.23380375289855074
22,0.23715519951690825
23,0.25391009046391755
24,0.26065947513368987
25,0.2637042885026738
26,0.2834793698863637
27,0.28891258274853804
28,0.2987430924698795
29,0.31125746593750003
30,0.3159928297468355
31,0.3336540873333334
32,0.3410761663265306
33,0.34727452323943664
34,0.3588605494252874
35,0.36738196962962966
36,0.37911820182926825
37,0.39219867637795275
38,0.39743521547619043
39,0.4071586012295082
40,0.41915555546218486
41,0.42288980000000004
42,0.44254024823008853
43,0.4479063459459459
44,0.4543901270270271
45,0.47062037075471713
46,0.47499786933962257
47,0.4933450346534653
48,0.49542028968253965
49,0.504869999
50,0.5175989416666665
51,0.5234599733333334
52,0.5389252862068965
53,0.5459910350877193
54,0.5520075578947368
55,0.5669464754545454
56,0.5742536809090909
57,0.591008315882353
58,0.5996475951923077
59,0.6070110297619048
60,0.622805874375
61,0.62972382125
62,0.6364183196202532
63,0.650133834375
64,0.6539963177083334
65,0.6667540446808511
66,0.6759236925531916
67,0.6858000506756756
68,0.7006070711111112
69,0.7059880261363638
70,0.7133526409090908
71,0.7314048340579709
72,0.7324441697674419
73,0.7554064833333334
74,0.7566529682926829
75,0.7600258182926829
76,0.7773662287499999
77,0.7837445512499999
78,0.8002691846153845
79,0.8068519679487179
80,0.8098621307692307
81,0.8268771
82,0.8342093894736843
83,0.8493613418918919
84,0.8634008258620689
85,0.8684806474137932
86,0.8756974250000001
87,0.8847676000000001
88,0.8959345814285714
89,0.90809348
90,0.9126749514285715
91,0.922731219117647
92,0.9352641720588234
93,0.9475655726415092
94,0.9575745742424243
95,0.9640625136363636
96,0.9706597560606063
97,0.9854452234375002
98,0.9924165421875001
99,1.1174219537015277
100,1.0007577451612903
101,1.004613593548387
102,1.0223665274193547
103,1.0284775403225805
104,1.0432478566666665
105,1.0517770199999998
106,1.0552963133333335
107,1.0728255431034481
108,1.0782363172413791
109,1.0912090465517241
110,1.1010340086206898
111,1.1077218035714285
112,1.1199687267857141
113,1.1309476017857143
114,1.1401722375000003
115,1.1523449685185185
116,1.160209262962963
117,1.171722162962963
118,1.1814958166666667
119,1.1956880416666664
120,1.2024124826923075
121,1.2106441865384616
122,1.218550442307692
123,1.2314770942307693
124,1.2386597307692306
125,1.251396456
126,1.2596112700000002
127,1.2657694000000002
128,1.2807659219999998
129,1.290128258
130,1.3023700125000002
131,1.3106899291666667
132,1.3180804187500001
133,1.3290675437500001
134,1.3384313270833332
135,1.3480106291666667
136,1.3597571499999999
137,1.368810395652174
138,1.3810578260869566
139,1.3902742260869563
140,1.3968628891304349
141,1.410617693478261
142,1.419355484090909
143,1.4282961022727274
144,1.4400289545454548
145,1.4470804659090912
146,1.459281575
147,1.4685580795454547
148,1.4761604386363636
149,1.4905069666666666
150,1.4987113238095238
151,1.5090483166666666
152,1.5191340690476192
153,1.525652316666667
154,1.5389279071428572
155,1.5487256547619048
156,1.5571406499999998
157,1.56927212
158,1.5784384550000004
159,1.5884447074999999
160,1.5991745775
161,1.606438215
162,1.6175187475000001
163,1.6281978399999997
164,1.6481372266666665
165,1.6603109616666667
166,1.6583403605263156
167,1.6686446815789475
168,1.6788422026315786
169,1.6891488473684206
170,1.7012345052631577
171,1.711929692105263
172,1.7217347605263158
173,1.7326296361111106
174,1.7412533083333335
175,1.7530163611111111
176,1.7625919
177,1.7712249500000001
178,1.7826423000000002
179,1.7915292083333332
180,1.8025650694444444
181,1.816465038888889
182,1.8234529361111114
183,1.8452842777777778
184,1.8461024029411763
185,1.8549885323529414
186,1.8654656411764707
187,1.8737514794117642
188,1.8869830676470587
189,1.8924220294117648
190,1.9029862735294116
191,1.9155298852941178
192,1.925363703125
193,1.9328578852941176
194,1.9438838588235294
195,1.9537770750000005
196,1.9614766156249999
197,1.9718356343749994
198,1.981784978125
199,1.9931750687499998
200,2.002131778125
