1,1.3277596217391303
2,2.614101629166667
3,3.8881514312500003
4,5.19225405
5,6.46395395
6,7.731191587500001
7,9.016711475
8,10.249373100000001
9,11.527607466666668
10,12.831575549999998
11,14.158844566666668
12,15.396666
13,16.685301725000002
14,17.96010855
15,19.269293974999997
16,20.509751
17,21.822282299999998
18,23.12884095
19,24.406022325000002
20,25.700150225
21,27.067053825000002
22,28.400884825000006
23,29.683355249999998
24,31.07682585
25,32.166371500000004
26,33.3372074
27,34.68655305
28,35.964379199999996
29,37.26539869999999
30,38.4561685
31,39.6489355
32,41.063404049999995
33,42.23033799999999
34,43.613261400000006
35,44.908723550000005
36,46.249815299999995
37,47.4860595
38,48.7874108
39,50.048093800000004
40,51.301356649999995
41,52.717047599999994
42,54.01935850000002
43,55.339768899999996
44,57.36191715000001
45,56.6442726
46,57.89250815
47,59.227370099999995
48,60.56458610000001
49,61.755778400000004
50,63.0580252
51,64.3640536
52,65.646793
53,66.93388280000002
54,68.1712795
55,69.52084649999999
56,70.77258895
57,72.03925299999999
58,73.5033655
59,75.18153409999998
60,76.44100280000002
61,77.82725964999999
62,79.05179325
63,80.3306918
64,81.67461024999999
65,82.98936794999999
66,84.37507919999999
67,85.7482032
68,87.05614995000002
69,88.51403044999999
70,90.13637270000001
71,91.78587264999999
72,93.03238789999999
73,94.98347534999999
74,96.2213914
75,97.91104310000001
76,99.23055830000001
77,100.73171275
78,101.48177955000001
79,103.0641256
80,104.49143575
81,105.6678529
82,107.50906320000001
83,108.8136413
84,109.93882185
85,111.2174531
86,112.34229155
87,113.7979218
88,115.1971495
89,116.43702365
90,117.79332950000001
91,119.10124929999999
92,120.77744675
93,122.10740625000003
94,122.63470494999999
95,124.71186649999999
96,125.61139559999998
97,126.99160874999998
98,128.42081285
99,129.65985460000002
100,130.84774700000003
101,132.04994665
102,133.07047434999998
103,135.3730226
104,136.09856545000005
105,137.3857475
106,138.7730721
107,139.95287779999998
108,141.49676865
109,143.45660425
110,143.81049355000002
111,145.66597819999998
112,146.94823374999999
113,148.11032294999998
114,149.62304084999997
115,151.13526095
116,152.4383221
117,154.42590705
118,155.28355619999996
119,157.21308890000003
120,158.0024744
121,159.8920246
122,161.04066884999997
123,163.21686595
124,164.0752686
125,164.76979
126,167.32951475
127,169.07272759999998
128,169.45387105
129,171.18513325
130,173.59108034999997
131,174.31239395
132,176.59861115
133,178.72405559999999
134,179.14109685000003
135,180.39733920000003
136,181.06293505000002
137,184.8232558
138,184.873603
139,188.12534664999998
140,188.2399797
141,190.1501229
142,192.03508055
143,193.7097873
144,193.96168695
145,195.68859084999997
146,197.16458005
147,199.56853745
148,203.19452299999998
149,201.14270395
150,203.2689982
151,204.99212365
152,206.53911975
153,207.36665145000003
154,208.38074805000002
155,208.91293440000004
156,210.05875655
157,211.00663169999999
158,212.62302395
159,213.11201109999993
160,214.31387415
161,216.70363304999998
162,216.09536849999995
163,218.18428105
164,219.15005209999998
165,220.11863825
166,221.21370510000006
167,221.479056
168,224.15817645
169,225.02056644999996
170,225.58844119999998
171,227.28636325000002
172,228.54603275000002
173,229.28625714999998
174,230.4953651
175,233.33666250000002
176,233.2790788
177,234.11093730000002
178,235.80894080000002
179,236.53536704999996
180,238.52380445000006
181,238.88721510000002
182,240.14405604999996
183,242.10067645
184,244.45205174999995
185,244.13471735
186,245.37405610000002
187,246.68720760000002
188,247.56901759999997
189,249.01191995
190,250.41323355000006
191,252.37933314999995
192,252.37974130000006
193,253.9229185500001
194,255.77800419999997
195,256.95556275
196,257.8204885
197,259.20045680000004
198,260.4109785
199,261.6678962
200,262.81298389999995
