1,0.03752963585365854
2,0.042428142158968854
3,0.05146290081967213
4,0.06110335838926175
5,0.07789160415973378
6,0.08428687145390071
7,0.1000555063559322
8,0.10728914428251121
9,0.12619945381578948
10,0.13255758804347828
11,0.15624861182108626
12,0.1589525170967742
13,0.1785295589605735
14,0.18145948223443223
15,0.2034717034693877
16,0.20590370450819676
17,0.22747173348416286
18,0.22969856090909094
19,0.25152187625
20,0.25586654950000004
21,0.2776090657608695
22,0.2808594846153847
23,0.3001948937869822
24,0.3053308893491124
25,0.32680001762820515
26,0.32953872419354846
27,0.35223513401360546
28,0.34970505164835164
29,0.37308872080291977
30,0.3770130777372263
31,0.4022120209302325
32,0.39846102375000003
33,0.42048124144736837
34,0.4278852770491804
35,0.4496782868055555
36,0.4502250697368421
37,0.46850885754716987
38,0.47386301499999994
39,0.4928107184615385
40,0.5001554704761904
41,0.5155254532258063
42,0.5205456056451613
43,0.5422486784210527
44,0.5464999333333334
45,0.5649626307017543
46,0.5680971043859648
47,0.588068093678161
48,0.5951680333333332
49,0.6102785000000001
50,0.6202208696428572
51,0.635790446
52,0.6433302449999999
53,0.6623580581632653
54,0.6648621333333333
55,0.6815016712765958
56,0.6850041031914893
57,0.7086337784722222
58,0.7126345795774648
59,0.7296036761363635
60,0.7327417954545455
61,0.7535310872093023
62,0.7595070511627908
63,0.7816069356060606
64,0.783304574390244
65,0.8036609687500001
66,0.80779429125
67,0.8229659794871795
68,0.8280853410256412
69,0.8477915302631579
70,0.8517945447368421
71,0.8724324702702703
72,0.8758375121621621
73,0.8961849083333334
74,0.8995513722222223
75,0.920241372857143
76,0.9239856942857142
77,0.9418919838235296
78,0.9476756705882353
79,0.9734298584905661
80,0.9715210303030304
81,0.9920279621212122
82,0.9953627727272729
83,1.01612373125
84,1.0199039468749997
85,1.039903758064516
86,1.043977629032258
87,1.0636095433333335
88,1.0670566416666667
89,1.0879618216666664
90,1.0901827983333334
91,1.1106927396551725
92,1.1148287362068967
93,1.1344516603448278
94,1.1381949293103448
95,1.1582260821428572
96,1.1625372499999997
97,1.183477688888889
98,1.1931220825581397
99,1.206981338888889
100,1.211702798148148
101,1.2303557365384616
102,1.2350432884615383
103,1.253428655769231
104,1.2592261326923078
105,1.28502864625
106,1.29170368125
107,1.301406936
108,1.3073739
109,1.324717024
110,1.3323890779999998
111,1.3498177
112,1.3552157291666667
113,1.3747582125000002
114,1.3796495166666667
115,1.3966729217391307
116,1.4041840586956522
117,1.4206656369565216
118,1.4260528782608695
119,1.4449419717391305
120,1.4503741326086956
121,1.4684617022727273
122,1.4737567636363638
123,1.4915394704545457
124,1.4987238750000003
125,1.5173079750000003
126,1.5234419909090908
127,1.5412025404761904
128,1.5467456547619045
129,1.564931216666667
130,1.5691053238095243
131,1.5894200261904763
132,1.593934342857143
133,1.6116724624999998
134,1.617658805
135,1.6351909350000002
136,1.6411805999999998
137,1.6592282775000002
138,1.6651511400000003
139,1.6842035000000002
140,1.6999489616666665
141,1.7077672026315793
142,1.7145976657894733
143,1.7319444447368424
144,1.737357492105263
145,1.7551605157894736
146,1.7616087368421054
147,1.7788639694444446
148,1.7837877138888885
149,1.8032787805555557
150,1.8085198944444443
151,1.8271095138888889
152,1.8318072527777778
153,1.8510248
154,1.8567220249999998
155,1.876287186111111
156,1.8812457694444444
157,1.8998094852941174
158,1.9035607764705882
159,1.9218635088235292
160,1.9304120882352942
161,1.946780338235294
162,1.952274844117647
163,1.9693268764705885
164,1.978289502941177
165,1.9934718941176472
166,2.0015619882352937
167,2.016541934375
168,2.02376795625
169,2.0432314125
170,2.048435365624999
171,2.06567668125
172,2.071430784375
173,2.0893804875
174,2.0945785031249997
175,2.1131533875
176,2.1183424750000004
177,2.136021543333333
178,2.1430560233333336
179,2.1606458
180,2.16661886
181,2.1854612966666664
182,2.1927919633333337
183,2.2098824733333338
184,2.2158155066666665
185,2.2317927333333336
186,2.239030903333334
187,2.255090006666667
188,2.26062229
189,2.2797017333333334
190,2.2888237333333334
191,2.304751596428572
192,2.3129492464285715
193,2.327793346428572
194,2.3361361857142855
195,2.3534577892857143
196,2.3603999928571433
197,2.3744835285714285
198,2.385824185714286
199,2.3984879857142856
200,2.4089943142857146
