1,0.027543595164917545
2,0.029470017375306617
3,0.031450775236593065
4,0.03156325906676783
5,0.03293425201581028
6,0.03291343834913112
7,0.03733847712243074
8,0.03743433171275646
9,0.03896531353974122
10,0.03937902648444864
11,0.043747685561224485
12,0.044405279564315364
13,0.048552894493882094
14,0.0495835546563193
15,0.0579362859764089
16,0.05875662565104167
17,0.061329331275440976
18,0.062066431596752354
19,0.06724220431654677
20,0.07138314428857716
21,0.07034704484615384
22,0.07105443950233281
23,0.0817836056423611
24,0.08242017962962962
25,0.08507286952554745
26,0.08567463003663003
27,0.09125945801526718
28,0.09196054480769232
29,0.0943380246031746
30,0.09497393180914511
31,0.10599459257206208
32,0.10688685706278026
33,0.10923304874999998
34,0.10991475464852606
35,0.1153018882903981
36,0.11609838776978416
37,0.11850432215346535
38,0.1192535226161369
39,0.13018487399463807
40,0.13101426466666666
41,0.13333846576086958
42,0.1339078422343324
43,0.13964034453781513
44,0.1401325781512605
45,0.14261894193083574
46,0.1434136905444126
47,0.15457697507788162
48,0.15460370484375002
49,0.15769461140625
50,0.15836687744479494
51,0.1635570794498382
52,0.16533257598684212
53,0.1667549401666667
54,0.16821765033444816
55,0.18146810781818182
56,0.18539901927272728
57,0.18722945239852398
58,0.1888854509328358
59,0.1903760802631579
60,0.19096846108949414
61,0.19129372243346007
62,0.19546045236220472
63,0.20208124593023258
64,0.204724151984127
65,0.20831914367346943
66,0.20977319836065578
67,0.21280401508264463
68,0.21408670746887967
69,0.21444688012552302
70,0.21641838953974893
71,0.22637047132867136
72,0.2299987251121076
73,0.2324895527522936
74,0.23414101307339444
75,0.236748512037037
76,0.238255627293578
77,0.24776540737179487
78,0.2357671167441861
79,0.2367238293023256
80,0.24305532860576923
81,0.24863015120192306
82,0.25278522995049507
83,0.2549084072864321
84,0.25636601475
85,0.25780916984924623
86,0.2592195730964467
87,0.2678330815508021
88,0.2735190682795699
89,0.27599273021390375
90,0.27837170624999996
91,0.2801799621546961
92,0.2821407917127072
93,0.28305731978021975
94,0.2836599124309392
95,0.28466112362637364
96,0.2872503773480663
97,0.2964157931818182
98,0.3001431809248554
99,0.3023153760233918
100,0.3050569160714286
101,0.30687023698224847
102,0.3079886884615385
103,0.31333795889570554
104,0.32402436211180125
105,0.32624510874999996
106,0.3325707382911392
107,0.32881218580645166
108,0.3314782382911392
109,0.333400367948718
110,0.336271705448718
111,0.3400137830065359
112,0.3406827846666666
113,0.3504433763157894
114,0.354384025
115,0.352162587755102
116,0.35475986734693876
117,0.3582414710884354
118,0.35989509999999997
119,0.3624114445578231
120,0.37008978089887634
121,0.37558764285714286
122,0.37634878848920866
123,0.3784396503597123
124,0.3806285200729927
125,0.3749457906976744
126,0.383538265467626
127,0.3857890459259259
128,0.3893594244444445
129,0.3944063932835821
130,0.3960409348484848
131,0.4026380950381679
132,0.40167767633587786
133,0.40302744567901233
134,0.40229943333333323
135,0.412901379032258
136,0.4023434734177216
137,0.41301762137096787
138,0.4134563902597403
139,0.4153995487012987
140,0.41648434610389606
141,0.41647092597402596
142,0.4167327448051948
143,0.4253182066115702
144,0.4287123723140496
145,0.4332738903361345
146,0.4374857203389831
147,0.43996783305084747
148,0.4412877300847458
149,0.4431059279661017
150,0.4449873343220339
151,0.4458943250000001
152,0.45010240570175436
153,0.4602467314159292
154,0.45975459428571425
155,0.46188337999999995
156,0.4671017225225225
157,0.4694764837837837
158,0.4669208057971014
159,0.4734920108695652
160,0.47731937867647056
161,0.47996351119402986
162,0.48130790746268654
163,0.4842171798507462
164,0.485567908955224
165,0.4868671757575758
166,0.4882270151515151
167,0.49269429103773593
168,0.49330596846153846
169,0.5036785015625
170,0.5094912836633664
171,0.5123130425742574
172,0.5098774404761904
173,0.5157393757425742
174,0.5141160142857143
175,0.519613
176,0.525064724
177,0.5307101642857142
178,0.5319711795081967
179,0.5308664016393444
180,0.5325738295081968
181,0.5350289131147542
182,0.5348313024590166
183,0.5371405762295083
184,0.5416067410526315
185,0.5513584830508474
186,0.5519567
187,0.554445066101695
188,0.5552795034482759
189,0.5574252474137931
190,0.562503929032258
191,0.6004103157960199
192,0.5628206008771931
193,0.5665871087719297
194,0.5687714580357143
195,0.5720738669642856
196,0.5747830419642858
197,0.5808326650000001
198,0.5788319973214285
199,0.5797927535714286
200,0.5819040758928572
