1,0.00016459222932665933
2,0.00017060464633933934
3,0.00016186802760476457
4,0.00015693981064603105
5,0.0001638372463515953
6,0.0001620883634474476
7,0.00016395491719667778
8,0.00015471800405589836
9,0.00016037998811098644
10,0.0028611003837850798
11,0.0030573849476274607
12,0.0001522069590462718
13,0.00287556151120533
14,0.002845735253674727
15,0.0028442632481665486
16,0.002855067248724872
17,0.0028629778068973736
18,0.002858490463548502
19,0.00015922640933960854
20,0.00015539230749428008
21,0.002849989420100024
22,0.0028811023908336345
23,0.003658724070915072
24,0.002867469041128363
25,0.00015544258829295978
26,0.0028457364671263825
27,0.0028483046169833727
28,0.00284066455515166
29,0.002893210590142282
30,0.0028691442494600426
31,0.0030934832088122606
32,0.0028209584336641807
33,0.0028779261282234955
34,0.002901051459038183
35,0.007024259943511008
36,0.0028536313122923588
37,0.0028412097708654877
38,0.0028620366487775795
39,0.0028840566763987364
40,0.0028497891644601353
41,0.0036863862453390146
42,0.0028503420954668264
43,0.0028592154146545043
44,0.002851520259947892
45,0.002852452452695889
46,0.0028642815901561767
47,0.0028449029651506203
48,0.002855820554049985
49,0.004530661730161121
50,0.0028857372004064312
51,0.00289156606288857
52,0.002862415514763131
53,0.006372929822134387
54,0.0028438957999292616
55,0.0029223906625030615
56,0.0028700859897952988
57,0.0032319992414740484
58,0.0028848157012924844
59,0.0028551142383124966
60,0.004150332761957424
61,0.0028511675546448088
62,0.002835919600495692
63,0.0028521047706749052
64,0.002861563688622754
65,0.0028392688484486874
66,0.002863340575759391
67,0.0028566656901274265
68,0.00285497104521468
69,0.002856890608862736
70,0.0028536084491434053
71,0.024565500374812595
72,0.002850658849583829
73,0.002856799731695683
74,0.002889392500599233
75,0.0028675145037028193
76,0.00015498064072347182
77,0.002861803877037392
78,0.0028604908614457835
79,0.0028599042506730486
80,0.003166176949473822
81,0.003112865480552877
82,0.002872139077756609
83,0.002847891969669831
84,0.00285775984925222
85,0.002891247042168675
86,0.002847656907332035
87,0.002864607936602871
88,0.002892195974473748
89,0.002830162991240531
90,0.002871505001797053
91,0.002899221241844727
92,0.0034872515166835183
93,0.010408417300257733
94,0.0028508211895689447
95,0.002847148477082597
96,0.0001574707980464573
97,0.005424184191670399
98,0.0028578350465350644
99,0.0028507436314041744
100,0.01034241262365054
