1,0.00016333086861793742
2,0.00016281037871404143
3,0.00016338853708679373
4,0.0001524286108636441
5,0.00016374031956708167
6,0.00015440793026093115
7,0.0001542466974463478
8,0.0001558047308545613
9,0.0001617126069980986
10,0.00016351442551157722
11,0.00016538373467615906
12,0.0001588573362281831
13,0.0028766059831093135
14,0.00016335103363091183
15,0.002868820986362005
16,0.0028510152910745075
17,0.00016141550565657722
18,0.00015461589652404083
19,0.00015862206418198771
20,0.00016415548237023377
21,0.0028647958598534886
22,0.00015481678066619272
23,0.002866198855529132
24,0.00015957675923228477
25,0.00286052553159807
26,0.002861012926974665
27,0.0001611931365550003
28,0.0029022177462235646
29,0.0028540451332938394
30,0.0028462431432290125
31,0.002861963165847011
32,0.0028524082131098473
33,0.00015636991865071055
34,0.0028495336934583875
35,0.0001564333853986456
36,0.00015888674918038706
37,0.002862669544251691
38,0.002858486722078857
39,0.00015592964305460695
40,0.0001640617994130529
41,0.00015789086318538032
42,0.0001609032427253013
43,0.0028373033082618403
44,0.0028417159361955875
45,0.0028758273522262404
46,0.0028797505332214964
47,0.0028748402464557035
48,0.002869170688936525
49,0.002860439223801812
50,0.002860878057553957
51,0.0028651070357035707
52,0.0028834969140812466
53,0.0028472104484732826
54,0.002863951602621388
55,0.002850754096701203
56,0.0028420199622908315
57,0.002836803086236572
58,0.002870363654053407
59,0.0001543601634736297
60,0.0028686296586606717
61,0.0028686830434008197
62,0.002868260402684564
63,0.002872753053909953
64,0.002839657709434187
65,0.0028432609613443386
66,0.0028616545689809027
67,0.0028694744587843463
68,0.0028523243185335076
69,0.0028672010014947685
70,0.0028641599290145548
71,0.0028477079901202238
72,0.002882606098376313
73,0.00284884578427312
74,0.0028652077624210653
75,0.0028434877957622135
76,0.0028798027591214375
77,0.0028564837643247137
78,0.0028595549807635397
79,0.0028518205081240764
80,0.0028596935847266694
81,0.002864291371787208
82,0.002871458578006339
83,0.0028738868957589687
84,0.002872381175376492
85,0.002860373806818182
86,0.0028487819114950013
87,0.0028389997126266513
88,0.0028594877341552457
89,0.002866005996889394
90,0.0028564046300186036
91,0.002857233360195798
92,0.00283657598649129
93,0.0028614508426462676
94,0.002868626043060455
95,0.00283233434605628
96,0.0028596873062246607
97,0.00284663226561574
98,0.002861121182500894
99,0.0028494195684435476
100,0.002870040232627497
