1,0.00015325075603815709
2,0.0001584942516571231
3,0.00015111341338395822
4,0.00016301552396784505
5,0.00015936160335513886
6,0.0001568889888528763
7,0.0001579169641494283
8,0.00015221955430314872
9,0.003035723991878028
10,0.00015322835339266706
11,0.00015992226786385282
12,0.00015950639996895616
13,0.0001572790906437734
14,0.00015633453952680227
15,0.00015861803960902444
16,0.0001614892978461245
17,0.00016063750754780274
18,0.0029158005846713114
19,0.028977925699745544
20,0.00015915626733075937
21,0.00015736809039948538
22,0.00016324458564708736
23,0.007591034668962279
24,0.002924178169352699
25,0.000158981156784648
26,0.00015693564963513236
27,0.00015325642835662366
28,0.00014655286476534903
29,0.0031157507783853328
30,0.002896146592068159
31,0.023765817591240877
32,0.00015664146622745463
33,0.009870438896804397
34,0.012112424956369983
35,0.022398291672700944
36,0.0035001314674462255
37,0.00015121861567915024
38,0.009793045133181988
39,0.003682115531366153
40,0.00015022828982884682
41,0.0001563857435420974
42,0.01343709631802642
43,0.0056872551310685315
44,0.004700983217427099
45,0.016665482491675918
46,0.03531018221899226
47,0.03607875966633955
48,0.012030681421895822
49,0.0001516765585880606
50,0.00015366377941666026
51,0.026873485334407733
52,0.00015582970885469149
53,0.00014711433500847756
54,0.00015329250585219398
55,0.00015610166958786596
56,0.018062775044122844
57,0.0001518384186084663
58,0.002924702748119388
59,0.0029121960452834776
60,0.0028956274720941524
61,0.005457657159756646
62,0.00015682318404572582
63,0.0029047213259134224
64,0.002909505425836737
65,0.0028914721838182254
66,0.0031049329405737707
67,0.00016075208085422014
68,0.0660794555111821
69,0.0049563555636782265
70,0.003225772363600027
71,0.00015374277360868536
72,0.0630937210685484
73,0.03620035909990108
74,0.013928272515955766
75,0.03175420967885816
76,0.045964311978545884
77,0.027445177297939778
78,0.014370354958114952
79,0.0034509810733860066
80,0.002895865634808296
81,0.02786076186786297
82,0.0029091000931714354
83,0.002959492239625085
84,0.07272216881533101
85,0.0037319015207515206
86,0.017376367406876786
87,0.024690923343373493
88,0.009997258939987628
89,0.05191074552529183
90,0.0028956471044560704
91,0.004316890061133943
92,0.0032943402511229074
93,0.030001673989681857
94,0.00394040374721092
95,0.03238426681859617
96,0.009172459704880818
97,0.005174788934850053
98,0.00014660193986908206
99,0.003741545467170743
100,0.00572307368763301
