1,0.00015842769119626967
2,0.00015326276261463115
3,0.000150288141609028
4,0.00015598134366858824
5,0.00024611322724419835
6,0.0029651017907058002
7,0.0001694364099512877
8,0.00016621210939358935
9,0.0001592575937310876
10,0.002862767944126074
11,0.00015957924653790318
12,0.00015947115348546423
13,0.00015967353778073863
14,0.00015775212488456093
15,0.00016013207417790704
16,0.00015725229436628835
17,0.00015791033858627743
18,0.00015912944282502696
19,0.00015932968008351115
20,0.00015585923831725214
21,0.0001607148917883303
22,0.00015328796731848489
23,0.00015897288434590129
24,0.0001629804450027533
25,0.000251120387153877
26,0.00015635161823725723
27,0.0001583075633474142
28,0.00015243281209606737
29,0.0028595825664136623
30,0.00015727891594242437
31,0.0028496998128564642
32,0.00015742879846303534
33,0.0028545089198919894
34,0.0028644116461399817
35,0.0028685667794290967
36,0.0028749270467748698
37,0.0001531982202221811
38,0.00015679707025318318
39,0.0001626535187659625
40,0.00015638526348425133
41,0.002859779389721628
42,0.00015605166108242853
43,0.00015255398225880087
44,0.0002359368993833792
45,0.002867987483578168
46,0.0028494485024559723
47,0.0028745506965620325
48,0.002857993915328118
49,0.00016545729492422421
50,0.00016805160234535115
51,0.00017181971783396661
52,0.000164330029174541
53,0.00015338697675680162
54,0.00016373332022083493
55,0.00016275851267440764
56,0.0029320423923649233
57,0.002868769013122736
58,0.0001592830840287355
59,0.002857696266117478
60,0.005561870222222222
61,0.0028937813718958208
62,0.002861545119097618
63,0.00016002351283373836
64,0.0001553538251383684
65,0.0001585148454503015
66,0.002865846244622371
67,0.00015101830848661464
68,0.002860807691618911
69,0.00015283714303197614
70,0.0001564492398829727
71,0.0001617934132563987
72,0.00015513615342693698
73,0.00015379887922441234
74,0.0001530372606477523
75,0.00016003805454009828
76,0.0028476733291636883
77,0.0001594040632294008
78,0.002844747214633567
79,0.0001548819505906925
80,0.00016218198053491627
81,0.00017063096534204318
82,0.00014982037424971306
83,0.0028711777127433734
84,0.0001621559972536322
85,0.00016174694107290978
86,0.00016192556441170855
87,0.000156313750856373
88,0.00016395828794844457
89,0.00016052281793086095
90,0.00016382901961051248
91,0.002865310070430872
92,0.00016540204287272974
93,0.00015677773601776522
94,0.00015768290975833385
95,0.0001630267732315238
96,0.0028502020149342184
97,0.00016534940082259654
98,0.00015187836522381577
99,0.00016219651276645102
100,0.002861742962410501
