1,0.00016001470336310215
2,0.00015835632574402988
3,0.00015354829440530196
4,0.00015866278788952655
5,0.00015165216364520386
6,0.0028626076216248363
7,0.0001596694645164001
8,0.0028721905462940752
9,0.002858318156206917
10,0.00285090297985782
11,0.00016936603959631687
12,0.0028799720942817627
13,0.00015475118840505142
14,0.002846403595798968
15,0.00015297116165462237
16,0.0028772374380664654
17,0.00016269007093159995
18,0.0028828050978620895
19,0.002865203153933457
20,0.002854368312130443
21,0.0028554495347450047
22,0.00015837506366652703
23,0.0028738128418262865
24,0.00016766466358784324
25,0.0028656213159309477
26,0.0001581328303805914
27,0.00286381557875895
28,0.0028495797335701596
29,0.002868611590368609
30,0.00015372748562077424
31,0.0028519838767042086
32,0.00284849260202588
33,0.0001542210994665894
34,0.0028540426833631484
35,0.0028569084765415944
36,0.00015314337815115327
37,0.0028497112123377394
38,0.002884789567422434
39,0.0028689161729574773
40,0.00015512793746210859
41,0.00015314300573363113
42,0.00015642583218754925
43,0.0028434126945151173
44,0.0001558040782444937
45,0.0028589933247715185
46,0.00015566089310250957
47,0.00015469388325094365
48,0.00016213302970934362
49,0.0028542978924246017
50,0.0028664045892402763
51,0.0028507528255897925
52,0.002876704654519213
53,0.0028865163539918484
54,0.00287299135883905
55,0.0001579503916112659
56,0.002881753375945265
57,0.0028706469487831455
58,0.0028918929902315487
59,0.0028787050293553797
60,0.0029106452639563107
61,0.0028612780853902605
62,0.00014670248038862018
63,0.0028553652747447325
64,0.00015527681382031787
65,0.00290332339031167
66,0.002855031549909261
67,0.0028569853937265638
68,0.0001589235434809273
69,0.00015610580007557103
70,0.002862398078997842
71,0.00014981273613964648
72,0.00016074438172493548
73,0.00015380151088113323
74,0.002862644552772195
75,0.0028666143869743163
76,0.00285565335681724
77,0.0001554991294268204
78,0.00016313701708929427
79,0.00015598271395309945
80,0.002870818752623688
81,0.0028573010906591772
82,0.002843608453492495
83,0.002855533929420152
84,0.00014964086481499765
85,0.00015218246045746486
86,0.00015179137729498778
87,0.002855787856461043
88,0.002882962684603886
89,0.0028647864911224797
90,0.0028995183349579626
91,0.00016369268288235454
92,0.002867295879283766
93,0.0028428208296004307
94,0.0028576683929954134
95,0.00015395715422266866
96,0.002866969686975294
97,0.0029220289643815565
98,0.0029100432365094797
99,0.0028797305366682854
100,0.0028985868845012417
