1,0.00016576539560213727
2,0.00016050133424194745
3,0.0001641231892031883
4,0.0028638440522992616
5,0.0028625896278986155
6,0.00015473368494828656
7,0.002873899269829728
8,0.0043401884311187805
9,0.00015383249217913606
10,0.0031214135908856186
11,0.0028691928779052875
12,0.002883565474399856
13,0.0028760974269110952
14,0.0001528515954479527
15,0.00015701321571324749
16,0.002878356627366917
17,0.00016553893240892873
18,0.0001505507170860944
19,0.0028431215021433674
20,0.0028631740134515797
21,0.00015394214704041848
22,0.0031476285570360744
23,0.0001486402793653555
24,0.0028786797890244637
25,0.002868186952256377
26,0.006419179873855801
27,0.00016018937139622793
28,0.00015962359341817136
29,0.0001524994734596046
30,0.0001554036391503057
31,0.0001580989559860555
32,0.003293277909097819
33,0.003812575104322495
34,0.002958114790977075
35,0.0001539838379121054
36,0.002864608728732327
37,0.0001464837815777598
38,0.0028677808644200155
39,0.0035245484956915435
40,0.00015968119049583368
41,0.00015852288513788443
42,0.0028487899453129646
43,0.0028671681623802926
44,0.002872533301389555
45,0.002838485888770307
46,0.00015870498960706054
47,0.003080485214626391
48,0.00015531575897642015
49,0.0028477803402086298
50,0.00015450510131304165
51,0.0028794482362788473
52,0.00287699542111292
53,0.00015297026072838994
54,0.002862853988297809
55,0.00015113351346280138
56,0.0029042130641473095
57,0.00015598968597647483
58,0.00015762829284228657
59,0.00015051015731212968
60,0.0001579181640168246
61,0.00015462645877947073
62,0.00015519197915076229
63,0.003065185992533108
64,0.00015929386239674318
65,0.00015772308032385566
66,0.002875062229894636
67,0.0028848735658212558
68,0.00015274863777342017
69,0.00015567220256971283
70,0.002882905765771168
71,0.002885693290198898
72,0.0028648898183786385
73,0.0028592823261049884
74,0.0001507064464827975
75,0.000153844528116493
76,0.00015812929976568394
77,0.002832137678644945
78,0.002857817876647275
79,0.00015773480611061273
80,0.0028502998433435804
81,0.0028474373281000996
82,0.00015775352690717876
83,0.002857751495790291
84,0.00015356405082116644
85,0.0028589480267459137
86,0.0028702333142994535
87,0.0028898955998314566
88,0.00015545106537120308
89,0.0028679265968835493
90,0.0028986052189670796
91,0.00015640175878019205
92,0.00015569735109766423
93,0.00015453634575684653
94,0.0001603527757991719
95,0.00015928963480746485
96,0.003650298623971194
97,0.0030395143640694544
98,0.0029091489386863976
99,0.00015326365065031764
100,0.00016142417418482278
