1,0.00015689258861717963
2,0.000152076436421357
3,0.00015736870226876318
4,0.00015729902476896825
5,0.00016063925398957207
6,0.00015763402582781678
7,0.00016239452145125238
8,0.00016440376176984545
9,0.0001533122909465536
10,0.0029127201402147974
11,0.002910316930848811
12,0.0001578984816225543
13,0.00015912474915116392
14,0.00016412690227288976
15,0.00015519815215402836
16,0.00016106200035667778
17,0.0001608828245362809
18,0.002920836954935231
19,0.0001560995388440185
20,0.0037354137986887774
21,0.0001597987146172742
22,0.00016141188215148804
23,0.00015713112499044028
24,0.00015777590597876255
25,0.002899875147147147
26,0.002924149479103204
27,0.0001537211540882782
28,0.0029129685170714114
29,0.0029152964986753375
30,0.002920843816125502
31,0.002919454321359691
32,0.003747712501941899
33,0.0029200922818791953
34,0.006304388142716601
35,0.025938777425665104
36,0.00291284496946611
37,0.0001495427771403595
38,0.005132465769149386
39,0.0028984786148201613
40,0.0035148792171076472
41,0.00015954152729898445
42,0.0029118015314444513
43,0.0001565961683137901
44,0.00015273435151275306
45,0.0032339582375770486
46,0.003043125103565152
47,0.00015125906506025617
48,0.002878223481357353
49,0.026542571115384616
50,0.0028978561105400006
51,0.004141149590268886
52,0.00016561414838362257
53,0.003854365451582128
54,0.00015692419113678762
55,0.0029622569229345347
56,0.017988942869982025
57,0.023495304515418505
58,0.003501644123815723
59,0.00290386755187224
60,0.003528998237015362
61,0.03191865940860215
62,0.01688677001392273
63,0.0030806680875429446
64,0.0029038085222476786
65,0.002913089434874584
66,0.0029118896750209857
67,0.007519881750465549
68,0.011356690868116899
69,0.0041335391359442935
70,0.0029209817702653585
71,0.0028729078131545867
72,0.006885851192165769
73,0.0029146335824030735
74,0.0029141538603497307
75,0.0060097426817166955
76,0.0029283878530901104
77,0.007521752706685282
78,0.004763649845912273
79,0.004198977520617787
80,0.0029174895961690964
81,0.0029273262683918995
82,0.005357425313453088
83,0.0029168032435851103
84,0.002923154149933066
85,0.004313669206151658
86,0.002914285523040496
87,0.010276937738448497
88,0.0029175279088145896
89,0.00291636212881766
90,0.007895476982055465
91,0.003035982496237773
92,0.01822448393548648
93,0.015911634028628774
94,0.002911224234398782
95,0.002889416680549771
96,0.0035224356601297664
97,0.0029114102187142257
98,0.0029032493618103934
99,0.0029007828122159605
100,0.007797751951820557
