1,0.00015682868522924257
2,0.00016191487893397438
3,0.00015258653080034047
4,0.00015741084693482034
5,0.0001582729274424089
6,0.00015434397121114223
7,0.00015257714097265812
8,0.0001581501849391139
9,0.00016393888285110833
10,0.00015536591715334687
11,0.00015482133356279392
12,0.00015242047719814272
13,0.0001585427471940839
14,0.00015325737558609045
15,0.0028782064384873145
16,0.000156334326541207
17,0.00015589831732253028
18,0.00016196852939605915
19,0.00015375229952144888
20,0.0001480434305255016
21,0.002883535991366389
22,0.00015099953486401752
23,0.0001546206805432151
24,0.0001544473017603333
25,0.00015228861478123898
26,0.0028873633985169243
27,0.00015747145921422793
28,0.002912941005274965
29,0.000162173460719027
30,0.002897048492264926
31,0.0029163392478973797
32,0.0028915532106803653
33,0.00015567645983817618
34,0.0001636212505962189
35,0.002896074943929199
36,0.0029002811059490765
37,0.002890167934587277
38,0.0028973266946610682
39,0.0028925196455482556
40,0.002904191114082538
41,0.002879708931028468
42,0.00016088193880858017
43,0.002918953816747573
44,0.0028974991956377664
45,0.0028770175731769876
46,0.0029056777586830675
47,0.002881878159192016
48,0.002898746153153694
49,0.00016245020617177078
50,0.0029069290249774307
51,0.00016155793445205916
52,0.002900575189280135
53,0.00290791416102057
54,0.002893229694270582
55,0.0035321700219619325
56,0.0035376308932366083
57,0.0042468030715975815
58,0.002890538239235367
59,0.0029048851673063084
60,0.002894349312271007
61,0.0029082455286516514
62,0.002885589966986795
63,0.004333002035219399
64,0.003012498031078382
65,0.0033101579670329665
66,0.0029174823254685513
67,0.0028943406726913636
68,0.002902986983672475
69,0.00288202129506813
70,0.0029184441759112522
71,0.0029003632669082125
72,0.0028767398546389895
73,0.0028603498933005116
74,0.002893509245079859
75,0.002899857813911473
76,0.0028947121382588295
77,0.0029006843934465732
78,0.003997469182260325
79,0.002980621138262062
80,0.0029077066532503964
81,0.0028884528656895007
82,0.0028820453391356546
83,0.0028860887964302943
84,0.004053783811595416
85,0.002901500969387755
86,0.0037720754231339213
87,0.002908005129756216
88,0.0029051141222532473
89,0.013186032644178454
90,0.0029063642183532823
91,0.0029051579806529627
92,0.0029048296759896985
93,0.0028978690240665903
94,0.002912018056863282
95,0.00290505841020076
96,0.0029706421310264144
97,0.0028928909178395287
98,0.0028933336299358857
99,0.002888540085741696
100,0.002908032653864793
