1,0.00015771328395467236
2,0.00015675820851379857
3,0.00015298604740711266
4,0.00016532806931064597
5,0.00015387055796376925
6,0.00016272376017451216
7,0.00015396546106674814
8,0.00015101221848117224
9,0.00016049001264986055
10,0.00016019677961631176
11,0.00016598443367722511
12,0.00016345845506499177
13,0.00016157719247297388
14,0.00015687374028311923
15,0.00015639572648176936
16,0.00015471011042361997
17,0.0001583135533381694
18,0.00015474800208978303
19,0.00015918588598520827
20,0.00015643340366533067
21,0.0001555031290529142
22,0.00016275978835549352
23,0.0001557244292987354
24,0.00015948529675274256
25,0.0001577589796528926
26,0.00015786290168220607
27,0.0001621737750043382
28,0.00016562359236846358
29,0.00016343782399403368
30,0.00015645073117459663
31,0.0028752767575577955
32,0.0028429349991107955
33,0.0001596037231354597
34,0.00014995148721212858
35,0.00015578006238674603
36,0.00016121526463142716
37,0.0001617973907511768
38,0.00015883137470461994
39,0.00016225664003650288
40,0.0001532971666566295
41,0.00015367652379843155
42,0.00015351376871732586
43,0.00015934171529260042
44,0.00016288199541098224
45,0.0001608538430242528
46,0.0001606005853150077
47,0.00015460091028267516
48,0.0028325032909080196
49,0.00015574277932639855
50,0.00015063735433480603
51,0.00015620630455502753
52,0.0028302451335081654
53,0.002842846833087149
54,0.002851508497787346
55,0.00015946920238404765
56,0.00015883903880848464
57,0.002850440890030711
58,0.002838564244443134
59,0.00016585086239677925
60,0.0028378198740583805
61,0.00016540107492114378
62,0.002873690002973536
63,0.00016186850848109337
64,0.00015830545248652435
65,0.0001632172337187657
66,0.00015955114897135922
67,0.0028579760016719416
68,0.000153433164355173
69,0.00016019260114501894
70,0.00015612908597025695
71,0.00015752830637612495
72,0.00015368765843536952
73,0.002831707170599659
74,0.00016286765702378702
75,0.00015766744428260428
76,0.00015322764765947098
77,0.00015638903323812
78,0.0001572070674554297
79,0.0028505563644987257
80,0.0001567162244701317
81,0.00015613528715919538
82,0.00015764338708747886
83,0.00015806426403840713
84,0.00014777385052623188
85,0.0001519279729793865
86,0.00015264756983000263
87,0.00015617128415318433
88,0.0028373267305077735
89,0.00015321231322417927
90,0.002848550196008553
91,0.00015790174234424497
92,0.00015814183899249263
93,0.00015633947666478975
94,0.002849207909672023
95,0.00014674120330923784
96,0.002870244301140572
97,0.0001597771009789177
98,0.0028596402794276742
99,0.00015757417619807887
100,0.0001586092890993804
