1,0.00016182504522138227
2,0.0001590723787815997
3,0.0001558333806385217
4,0.00015477502103845156
5,0.00016095619169752696
6,0.002891717968101506
7,0.0001542068821358002
8,0.00016081861897561395
9,0.00016550810355678194
10,0.00015927086302950388
11,0.0028373768239328364
12,0.002854000664333591
13,0.0028964539873987402
14,0.00015664871217607723
15,0.00015468659701150568
16,0.00014987622094282972
17,0.00016019049554661725
18,0.0001577965562629444
19,0.00287899023502744
20,0.0001593104363322586
21,0.0028616051912731624
22,0.0028476239160296225
23,0.00015877785558298925
24,0.0028838473162228766
25,0.0001656168323725854
26,0.00015290966321353176
27,0.00014697500853754213
28,0.0028808361615622036
29,0.0001551085200402509
30,0.002851266916577413
31,0.0028790083403260613
32,0.00015833385650456517
33,0.00015712333911492945
34,0.00015826723387749037
35,0.0001603535300060587
36,0.00016511615247660194
37,0.00016350087475067905
38,0.0028743497957051498
39,0.0028715162265503646
40,0.0031882923029941733
41,0.00016032187107738386
42,0.0028876824126336013
43,0.0028568606144750985
44,0.0028473436618887517
45,0.0028682793491337827
46,0.00287188103642286
47,0.0001596958822220411
48,0.00015918893875869585
49,0.002901976206647833
50,0.0028644535969480443
51,0.002840463718560406
52,0.002865845079107261
53,0.00015563247905166718
54,0.0028632467925306312
55,0.0028553488397129187
56,0.0028651010772637498
57,0.0029021168048275025
58,0.0028672414122250553
59,0.002862625397394526
60,0.0028524021865715984
61,0.0028542894630313132
62,0.0031905937537004144
63,0.002879968392706703
64,0.0028807512595904064
65,0.00016033000320093895
66,0.0028595078233950473
67,0.00288443512496236
68,0.0028506735371153047
69,0.00016275280261588058
70,0.002858812774831675
71,0.0028501322809739798
72,0.0028708260135955326
73,0.0028744263172026966
74,0.0001614622680105441
75,0.002863095409797177
76,0.0028885756569847856
77,0.0030544205523402117
78,0.0030616397272033575
79,0.002882640561920349
80,0.002866102307874622
81,0.002857215243282063
82,0.0030246848506578538
83,0.002853158230856056
84,0.002906583062363504
85,0.002875859612942244
86,0.0028740691231398593
87,0.002842713495168653
88,0.0028501657689830808
89,0.002864279305234454
90,0.002876671181763647
91,0.0028733030129948624
92,0.0028518240456182477
93,0.0029047880680108337
94,0.002880748149468306
95,0.0028650876307966706
96,0.0028621716820248925
97,0.0028650401204456497
98,0.00015908061852139667
99,0.0031105983370931355
100,0.002858177867329818
