1,0.00015326885911664707
2,0.00015782572392012372
3,0.00015955890171267005
4,0.0001558424154139305
5,0.00015570517427526307
6,0.003309952031808842
7,0.0028674940446873688
8,0.00015864902815398505
9,0.00015586241555498893
10,0.00015507323850919588
11,0.0001501001756688642
12,0.00015213841378265426
13,0.0001566378613427566
14,0.00015639150829484263
15,0.00015233836116138174
16,0.004659010462230494
17,0.0001568255573765172
18,0.005138451163586585
19,0.00015627432363137948
20,0.00015653468225478145
21,0.003827576487622977
22,0.0028444478040439186
23,0.0028955572363680033
24,0.00015290969496893498
25,0.02553233368380062
26,0.0028652501634278244
27,0.0028582578035543896
28,0.00015442240154609797
29,0.0028685406763515123
30,0.00015650949499233351
31,0.002894483920744521
32,0.0034079459560115233
33,0.0035052207836580402
34,0.0029470429820256426
35,0.003050334327906086
36,0.002841512312525935
37,0.003178917206703911
38,0.00014934372852835965
39,0.006518102027123484
40,0.00016008752938360106
41,0.00016192676887380865
42,0.03251438259052925
43,0.002859252218899522
44,0.003156882217354345
45,0.021118779432375615
46,0.020055299338022345
47,0.004312467809451459
48,0.00016444200819955
49,0.002838003123155036
50,0.003740279864668553
51,0.0028695895811051693
52,0.00015375119946148142
53,0.0028629600101626016
54,0.0028589340534053405
55,0.004866467029031041
56,0.0036944844869459628
57,0.002834416354123802
58,0.0001570561003934364
59,0.002823941600761135
60,0.008389120342501298
61,0.002869744279421394
62,0.003730114062984797
63,0.012588334981827622
64,0.003507072361736101
65,0.002848582875735425
66,0.002891519072164948
67,0.0001589578458583535
68,0.00015613642092513177
69,0.002849519014335851
70,0.00016328721587848758
71,0.002858939578001309
72,0.003199297763514855
73,0.002878867655618912
74,0.0028541437904230707
75,0.0028469235278372586
76,0.00515702357699161
77,0.020675704557377047
78,0.0028479185186287346
79,0.01691145423787932
80,0.0001619934060491736
81,0.012523183798089334
82,0.018572587729888377
83,0.0028429699017199017
84,0.011624407642549113
85,0.006125986501516683
86,0.0028555224279957327
87,0.00015126435592898794
88,0.016609973853524987
89,0.003457544815478323
90,0.003995083962886597
91,0.007789044629956653
92,0.0028770248289403232
93,0.0028331487791277803
94,0.002852481226122254
95,0.0038710690734107957
96,0.0033598192951970526
97,0.0028475033347092824
98,0.0034910721478210514
99,0.002857165563032215
100,0.0028831289972245685
