1,0.00015480464019882907
2,0.00016202542834903972
3,0.00016502429185471005
4,0.00015639510003496242
5,0.00015812564581083776
6,0.00015978229232524143
7,0.00015650451170190523
8,0.00016200199128171586
9,0.0001541403714565005
10,0.003745019766728054
11,0.009761580096696214
12,0.00015590020331942116
13,0.00015698780047196682
14,0.0028661132867974486
15,0.00015405256783678617
16,0.0028346917569158337
17,0.00015037159181836366
18,0.00015737083080420984
19,0.0028376445874626166
20,0.00016760567024175666
21,0.0001552400304864625
22,0.010907708251436719
23,0.00016810098535420718
24,0.00016658229111938058
25,0.00015581129473129065
26,0.0028698393164435943
27,0.004487395650948773
28,0.00015926119062731407
29,0.0001641635922413438
30,0.014915490178571427
31,0.005404739231969681
32,0.0028663819831400215
33,0.042145023597359735
34,0.005335287793918721
35,0.0028629906570780614
36,0.007903029380603098
37,0.0001538738253500392
38,0.002869418610649905
39,0.0028585437399199567
40,0.00015971151958716175
41,0.0034396186661460916
42,0.002831802151483175
43,0.0031340116863329873
44,0.01185162255978526
45,0.002841170388692579
46,0.006780117475185237
47,0.0031060278425096024
48,0.003020427279242226
49,0.005533507275390626
50,0.0099823681762042
51,0.026732836352753392
52,0.003688585013322346
53,0.004712570236974262
54,0.02418733202764977
55,0.0028318569279236834
56,0.00015373759593264902
57,0.002853114050104384
58,0.0001576460703171773
59,0.007625648693530616
60,0.022464017929824564
61,0.002839901857806359
62,0.024268697991071432
63,0.002845828788240917
64,0.011844781086691089
65,0.06714987928221859
66,0.013674637894588502
67,0.015727229989523306
68,0.00457244980216101
69,0.01554569564188246
70,0.004994715784724578
71,0.002850936968306922
72,0.002847512587205865
73,0.025456022550544324
74,0.0028622166865814314
75,0.058085726052249646
76,0.10015308294392523
77,0.03784924100204498
78,0.00293516083449997
79,0.004960550784348149
80,0.024341316507000735
81,0.03389440113851993
82,0.0028417046899178668
83,0.012756780099412014
84,0.07021256765202703
85,0.02311195624118477
86,0.07050073220910624
87,0.0028593292674989647
88,0.002853230380344909
89,0.003570760338456991
90,0.0028635922295687393
91,0.0030462368954056584
92,0.041221249834437076
93,0.015750519467013325
94,0.003931276759364359
95,0.0031767788890346275
96,0.054530022727272726
97,0.004226698360417226
98,0.03251752296693477
99,0.0028436691797130787
100,0.015114590087459122
