1,0.00016789964351059846
2,0.0001506785035948999
3,0.0001617656821787678
4,0.00015732840139001038
5,0.00016001617655395968
6,0.00015926104171514396
7,0.0001577162103357472
8,0.0001568470984631238
9,0.0001542658742049683
10,0.00016279882253174185
11,0.0001568510469728227
12,0.00015498921250012634
13,0.0043405346077445405
14,0.00015711090051817762
15,0.00016014111894089233
16,0.00015684653214523866
17,0.002858945525846702
18,0.00015711358327463246
19,0.00015926964352328888
20,0.00015001331863033596
21,0.0028346800181732914
22,0.00015765151500001624
23,0.00016057503806613373
24,0.0001680138042435971
25,0.00016431203893072833
26,0.00285735879771442
27,0.00015486182727106375
28,0.0028508809956888912
29,0.002854950091911765
30,0.003196674219886289
31,0.0034902635072631355
32,0.008040402728931653
33,0.0028995108131854813
34,0.00015892571728458102
35,0.0028546898120525065
36,0.0001588768541204516
37,0.00015660590512583237
38,0.0001559101980490689
39,0.0028595939361764876
40,0.00015848532203288052
41,0.0028548386061289944
42,0.0030057540685025177
43,0.00015739299472063064
44,0.0029576878919052624
45,0.002854975068574836
46,0.00015405685793036688
47,0.0001614737649689678
48,0.0001611068244905192
49,0.00015563120460097656
50,0.00016071325664860934
51,0.00015898998155936935
52,0.0028717842180860614
53,0.00015802635588906588
54,0.00015571957588090738
55,0.0001631850669639225
56,0.00015603232874785773
57,0.0028385094951709424
58,0.00016257666179829978
59,0.00015560613720285804
60,0.00015707082820236954
61,0.0028539370283717346
62,0.00015840156196631722
63,0.0001555656308278077
64,0.00016570968914193636
65,0.0028547116335750806
66,0.00286776894129603
67,0.0028564960536421103
68,0.002848686498822144
69,0.0028830551452321803
70,0.0037010309724027214
71,0.0028633607721868628
72,0.002886949613587348
73,0.00015713811503279088
74,0.0001662667704587773
75,0.0028972428562962964
76,0.003275193439404197
77,0.00015521509353317927
78,0.0001566165051150895
79,0.002840472640780163
80,0.002848057070825516
81,0.02187440284052019
82,0.003541031299948676
83,0.0028803126105984202
84,0.0001615636395374865
85,0.0028965822480198316
86,0.00015652565448888393
87,0.018048475450721156
88,0.0001526044809600692
89,0.002896622290506176
90,0.00015265156012684374
91,0.00285171375322881
92,0.010630524791849255
93,0.0028557347132243684
94,0.00015482102349524985
95,0.002859723477765791
96,0.00016344798389429868
97,0.002894486815385534
98,0.002855067838970368
99,0.0001608785080297938
100,0.003045505103539223
