1,0.00015160197411013456
2,0.00015622897506681758
3,0.00016128889609589
4,0.0001584567073872253
5,0.00015596943795513415
6,0.000158123539241426
7,0.0001559270059897846
8,0.00015993789516687628
9,0.0001596361611748988
10,0.0001558488647539923
11,0.0029043275248592307
12,0.0001596265775977159
13,0.002863038319660037
14,0.00015391910883169282
15,0.0028478961718379913
16,0.0028951814895286374
17,0.002867513780771294
18,0.0028631882266921334
19,0.00015063025580940007
20,0.002865774174739864
21,0.0028477721790703273
22,0.0028638973304001432
23,0.0028646039221521253
24,0.002857653704032163
25,0.002879573364684466
26,0.00015882072074581378
27,0.002850041703983031
28,0.002896094812025581
29,0.00016232449495204868
30,0.00015851873907143262
31,0.00015377921259159474
32,0.00015840857946830268
33,0.002867051763903712
34,0.0001658561051134416
35,0.0028547789151198415
36,0.002859936282448202
37,0.00015634606440071558
38,0.00016310002140352967
39,0.00016576516458324767
40,0.002868194907379832
41,0.0028594802770526813
42,0.00016090726223065135
43,0.002854279191865291
44,0.0028626830225537206
45,0.00016818321060460233
46,0.0028529289113215415
47,0.0028706498719704636
48,0.00015244917983880745
49,0.0028647603685800606
50,0.002865496281725138
51,0.00287461983348201
52,0.00428211312351544
53,0.00016233379202223728
54,0.0028659194968929254
55,0.002887569570470609
56,0.0033492012366289495
57,0.00294585736904102
58,0.002855377779625774
59,0.00015720958795094531
60,0.00015841736565449526
61,0.0028615800540444237
62,0.0028916276698443344
63,0.002839626097416098
64,0.0028887152075942088
65,0.00015934997896390664
66,0.0028692437964739745
67,0.00016060019969768222
68,0.003194016102453878
69,0.00015918835969778655
70,0.002883189167514513
71,0.0028986845300499817
72,0.0028725059410958085
73,0.002852430921291258
74,0.0028675520556949922
75,0.0028636585871833087
76,0.0028829655178646742
77,0.0028465446806005294
78,0.000160767542816649
79,0.0028666670862766406
80,0.00014692699286130218
81,0.00016143689788357377
82,0.00015659446761931556
83,0.0028769212053973013
84,0.0001525374602539695
85,0.002875774687086292
86,0.0028801389791183294
87,0.0028594109106683417
88,0.00015595940345358714
89,0.0028570688109683553
90,0.00015032408532870048
91,0.00015834529360050426
92,0.0028584526564449995
93,0.002837195701895087
94,0.0028633624545674826
95,0.00016152628858205872
96,0.00015372850774547644
97,0.0028862336611923237
98,0.0028964810705358773
99,0.0028897418591859185
100,0.0067638975499722375
