1,0.00015807141512051042
2,0.00015305105692751738
3,0.00016167913181455737
4,0.000163618821956713
5,0.00016412396049364188
6,0.00015629387595306272
7,0.0001525632332618918
8,0.0028920301381796334
9,0.00015511226398244536
10,0.002897548301409469
11,0.00015498027770663932
12,0.0028926316625991454
13,0.00015275328611727033
14,0.00015689474391018525
15,0.00015202366838391217
16,0.002903465099099099
17,0.00016565051060828044
18,0.00015708937334596662
19,0.00015246607603759232
20,0.0001645318897382852
21,0.00015597341323424677
22,0.0001588426787828694
23,0.0029101631432376803
24,0.0001539472158239653
25,0.0001559359640338732
26,0.00016550352294497736
27,0.0029075316109709415
28,0.0001607863913384581
29,0.0001532601760926572
30,0.0001517728747391057
31,0.00015894051717757032
32,0.0029128241283628907
33,0.01531381383449147
34,0.00015558483630588122
35,0.0001562024653710978
36,0.002898449084149438
37,0.00015932439283732037
38,0.00016678796419887217
39,0.0001539266634405225
40,0.002881665293647868
41,0.0029152784912301996
42,0.002889938787988861
43,0.0037263986637468974
44,0.00015448654037613293
45,0.0001594496145248622
46,0.002886083480163011
47,0.002902780575906798
48,0.00015735240816091715
49,0.0001494753208913841
50,0.0001563404790111242
51,0.0028820425700546186
52,0.00015321702980459822
53,0.003379606605024424
54,0.002892750224000956
55,0.0028824236831002893
56,0.00016673967261790533
57,0.00015315405676477706
58,0.00015201840953779527
59,0.003114310127314815
60,0.0001643225534162106
61,0.00015661814639905547
62,0.0001588733075675318
63,0.00015013020074432785
64,0.0028963691086878528
65,0.0029061573516173554
66,0.00287678290437891
67,0.002900915391346328
68,0.0030751481358600465
69,0.003096082906312207
70,0.00015806821087737468
71,0.002896536543090996
72,0.0001526835479166143
73,0.00015987540368163445
74,0.003824742227727152
75,0.00015102661070539886
76,0.0028934314308826175
77,0.0038254303314917124
78,0.01446178580998525
79,0.003373026863699583
80,0.0029030439852110136
81,0.003114621646302251
82,0.0001567164349964472
83,0.00015599094464101312
84,0.008282125892399659
85,0.00016439143307477638
86,0.0030585198042951942
87,0.00015982523817005572
88,0.0029111819744567524
89,0.002908593068397744
90,0.0028976190786718513
91,0.00016104661977295345
92,0.0036740219972752368
93,0.002910311209867585
94,0.0037174861746876154
95,0.003502424891540131
96,0.00015876924596516852
97,0.0001534538370496389
98,0.002876439795857988
99,0.002881169799319118
100,0.0028974663789486303
