1,0.00015395477956464137
2,0.0001597947466992535
3,0.00015948182844206492
4,0.0001568505429369053
5,0.00017531623170316578
6,0.00021381679524949885
7,0.00015387946547600068
8,0.0001621489221552817
9,0.00015401007054937735
10,0.0001502227693240282
11,0.00015758945619822955
12,0.00015390752469315964
13,0.0028846455686368255
14,0.002870129838469333
15,0.002855069977533404
16,0.0028608455229675645
17,0.0028623634614754552
18,0.00015820227475935793
19,0.002848848814206046
20,0.0028603472385185184
21,0.0028523494522738045
22,0.00016265258531134456
23,0.0001629008835536784
24,0.00035691672280097124
25,0.00015601278619044233
26,0.0001554446182570929
27,0.00014916772893513314
28,0.002885344620385281
29,0.00015882923326391744
30,0.00016855692479956057
31,0.00015048820331341916
32,0.0028692388282732443
33,0.00016138732039216633
34,0.0001603616104674871
35,0.00016144422262002285
36,0.00015824981564708398
37,0.00015520668743638152
38,0.00016205460427526442
39,0.0002459328549986202
40,0.0001609337868149506
41,0.00016724190665325255
42,0.00016273527764675184
43,0.0028696138194074863
44,0.002896304167914246
45,0.00016576080983768103
46,0.0001634776674087687
47,0.000155282733519475
48,0.00015550455727697735
49,0.00024015805931820925
50,0.00016058708717737463
51,0.0028455502372619966
52,0.0034604594628334998
53,0.003007514707515074
54,0.0001602701532702348
55,0.00016017990622749933
56,0.00015719659859480783
57,0.00015795507481093944
58,0.00016007980925609875
59,0.0001570919720054873
60,0.0028403075362748
61,0.00015742588770005958
62,0.0001577993784566625
63,0.00015523857833423993
64,0.0001536057799018967
65,0.00015466527910342064
66,0.002833444477752307
67,0.00017076405163885238
68,0.00016416000207303895
69,0.00015680993106299482
70,0.0028838151823324105
71,0.0001561884737571481
72,0.0001665165254573903
73,0.0028700340015628757
74,0.00015235944481747292
75,0.0028464901253547775
76,0.00016030689634216334
77,0.0028649827093946215
78,0.00015307470311330673
79,0.0028639083407592226
80,0.002874661548260947
81,0.002868171229978845
82,0.000153811643089992
83,0.00286292172818792
84,0.00015333847744628012
85,0.00015686408720903494
86,0.00019660520502086436
87,0.00017002353458411137
88,0.00015564942746619758
89,0.002895115091737619
90,0.0001654020185456454
91,0.002850750392850717
92,0.0028758984593335725
93,0.00015733788064082382
94,0.00015212732591937317
95,0.000158684020202056
96,0.0028545357544046356
97,0.00016684481442297088
98,0.0028804029251216327
99,0.0028728358949534068
100,0.00015615371202957755
