1,0.0028552249177484
2,0.0028653439210902165
3,0.00016456573457505536
4,0.0001533132659351184
5,0.00016273011879649826
6,0.0001550360143192656
7,0.00015746737717949646
8,0.00015631975180837928
9,0.002889138867619788
10,0.00016044339709443895
11,0.0028864760394601468
12,0.00015595482089692466
13,0.00015488678785195338
14,0.002859353048888889
15,0.0001554885673904664
16,0.00015301769901149276
17,0.00015848865787295436
18,0.00016504541436597058
19,0.00015736070129996273
20,0.00015563686679852715
21,0.0036485640835459713
22,0.00016375788545869443
23,0.00290386743289202
24,0.00016595650220380966
25,0.01754767843366452
26,0.0001544958955283373
27,0.003016965140338814
28,0.00015314692565536123
29,0.00016707808361442978
30,0.002870199286524569
31,0.025120233131067957
32,0.0001602655976710393
33,0.0030499038575294195
34,0.0028476040810810808
35,0.0028699238001667258
36,0.00015840877541644976
37,0.0001630621388454635
38,0.018500012611911254
39,0.005649113266495686
40,0.0028328444915001493
41,0.0001632361975683891
42,0.0001620903004300484
43,0.023839857634164775
44,0.0001585088747019078
45,0.002856658185600579
46,0.018054012779433682
47,0.016153246774624416
48,0.0028551349624280848
49,0.007208322293277811
50,0.0001611804900300851
51,0.0001503251349934387
52,0.0028549659021680704
53,0.00015007380764722018
54,0.0028572870710674996
55,0.00015763136639945354
56,0.0028549287383316485
57,0.002854276566977078
58,0.0028681481497132505
59,0.0028459922242527855
60,0.00014975383429497891
61,0.005363742452934662
62,0.002872801381630063
63,0.00015828197353442432
64,0.010607173043288148
65,0.006075960144291093
66,0.0028520181470274124
67,0.002839529670231197
68,0.004097248275776294
69,0.00014944047817118538
70,0.002871763485378729
71,0.0028861311637258433
72,0.003343359930373638
73,0.0033386151822142316
74,0.0001567359602716465
75,0.002879342469752603
76,0.019143023884721673
77,0.00015950556244823618
78,0.0034739682945544126
79,0.002853613569391635
80,0.0045860786532294995
81,0.0001604807455109146
82,0.0028357129554655866
83,0.008456027688687466
84,0.002860639071882989
85,0.004096851827034116
86,0.0028654688164973107
87,0.0001554375206622285
88,0.002963561959193707
89,0.00015663786711791832
90,0.002869620631503409
91,0.0028597725871712483
92,0.00015472027348029693
93,0.00015082844166800448
94,0.002835501093008264
95,0.0030161216351258504
96,0.0028338135879904876
97,0.00016238617563524266
98,0.003320354861158961
99,0.002889561895597787
100,0.00016287061234899873
