1,0.00015860728594523164
2,0.000165678230769281
3,0.00015444360994629826
4,0.002902134946885563
5,0.00015150324988937353
6,0.00015771487093172083
7,0.00015944263145889874
8,0.0001627983983852434
9,0.0028717256128108783
10,0.0028797502879363565
11,0.00016030094341628877
12,0.00015908070341700469
13,0.00015574902290345659
14,0.00015705801302863127
15,0.00015356826531162475
16,0.0028779111363093817
17,0.0001567373779221747
18,0.0028782708625757305
19,0.00015749254240929886
20,0.00016317643429960432
21,0.0028692849486751017
22,0.0028777288703938243
23,0.002960616782828595
24,0.002854811227723956
25,0.0028787937376873025
26,0.002882871547555078
27,0.0028685800912478807
28,0.0028733185626394838
29,0.002864614210401611
30,0.002856042533801894
31,0.006387168753294675
32,0.002899380865014437
33,0.0029277898811319618
34,0.007679526048425381
35,0.00015562137018295058
36,0.002912163570210693
37,0.014103292179426963
38,0.0034407533234126985
39,0.0028659832422965026
40,0.0028643029900626994
41,0.0028596595525673825
42,0.0078106162098984366
43,0.004522503373493977
44,0.00015730335654279875
45,0.002859298594882857
46,0.009883473841301584
47,0.00291788758888755
48,0.0028670914747790537
49,0.002855733288433908
50,0.009356231993445152
51,0.0028417687995469986
52,0.002880098835824451
53,0.0028862194837086723
54,0.003218404606225888
55,0.0028950452657907425
56,0.002898827450206461
57,0.0028761538248105495
58,0.002907044538329659
59,0.0028869442742809003
60,0.003502096390442299
61,0.003556467732322861
62,0.0028615332577159574
63,0.0035251810373716033
64,0.0028638350664511487
65,0.0028565728625089435
66,0.0030549250031601566
67,0.002860407943533915
68,0.0028640952965974104
69,0.002862357978533095
70,0.00306122913510101
71,0.002879290877445685
72,0.0028765467545823
73,0.024288012228057015
74,0.006144546161641754
75,0.03720688623481781
76,0.004268656122470209
77,0.012032823995989384
78,0.015715737257980113
79,0.008898570012834617
80,0.003902521879055281
81,0.0028869792295710523
82,0.002873904374400767
83,0.0321768050862852
84,0.015056143779087807
85,0.002859239411519695
86,0.0028558351543942996
87,0.017155388971428567
88,0.002903810845710821
89,0.0028680972434139943
90,0.003468950954116638
91,0.012838645995165923
92,0.00287073836875187
93,0.0064668506802636
94,0.004226533314567206
95,0.005046258570834199
96,0.010467608914310382
97,0.0028638861269954727
98,0.0028696462764372954
99,0.002886574978946102
100,0.008852826836478141
