1,0.00014976334522300963
2,0.002917052992594391
3,0.00016350294659111132
4,0.0001519556540628812
5,0.00016539964023128966
6,0.00015394537826975957
7,0.00016383080352314514
8,0.0001500613027815947
9,0.00015748140837272686
10,0.00015704700965049557
11,0.0001570541508470688
12,0.00014704486310029765
13,0.0032310045748157154
14,0.00014984837520518304
15,0.00015542237125957983
16,0.0029197008799516184
17,0.0001529548666442796
18,0.002929888154118581
19,0.015315988992419455
20,0.00015591049645044427
21,0.00015848461343854177
22,0.00015041018960022082
23,0.0001557195518214952
24,0.05361342722298221
25,0.00015219082186390277
26,0.0001561113749499619
27,0.00015579640989667578
28,0.00015706113814331445
29,0.0001606644838011222
30,0.0037040669298137414
31,0.00014694493892053077
32,0.00016347094045384745
33,0.00015533223606459238
34,0.009693260923098615
35,0.003536044101061882
36,0.00016817536298890432
37,0.00014990544109746499
38,0.034976536503984065
39,0.03088415265217392
40,0.0030817594226475275
41,0.002904947239832536
42,0.00014981039050437778
43,0.018382280989385893
44,0.00015081446102247438
45,0.0029297182103276095
46,0.00016103040687054875
47,0.06511895389718077
48,0.00016074226788422081
49,0.026384956269470405
50,0.010526763606770833
51,0.0029046359178858876
52,0.0001489590393978957
53,0.01614747990025247
54,0.0029901386383483033
55,0.004498037029026217
56,0.00016014961261390744
57,0.0029137257222672693
58,0.023398719679300295
59,0.0029030463855421688
60,0.00016035216025357926
61,0.0581498688405797
62,0.002923882397604211
63,0.003504963941473988
64,0.03223318711770158
65,0.02115473074123097
66,0.016412312969225566
67,0.00015539574738305425
68,0.03179582807414105
69,0.007084646484945924
70,0.008465129059257002
71,0.009961559930801452
72,0.003515118019456948
73,0.002903827095781278
74,0.0034795859763525616
75,0.015994793816077883
76,0.003708682517774828
77,0.00015140687488094724
78,0.04458938245614035
79,0.002897508765782638
80,0.0029139530785498493
81,0.03726391502036659
82,0.011436225548955549
83,0.0029209350069566266
84,0.00015418444438798843
85,0.003982302421078592
86,0.06068626860986548
87,0.0029174146357736396
88,0.00888202878205128
89,0.00477963742741856
90,0.01234939824248599
91,0.006918415226396228
92,0.0398483151371308
93,0.035113101147227536
94,0.002894392417075799
95,0.0001543560373976322
96,0.0029163383437632905
97,0.026806034479999997
98,0.0029098537470584685
99,0.049193076937500003
100,0.004457473910050482
