1,0.00015815418903559998
2,0.00015639158652276674
3,0.00015709978540805867
4,0.00016248025813835198
5,0.00015960891476722756
6,0.00015417169506008692
7,0.00015619485355299048
8,0.00015974034268590026
9,0.0028620268049520865
10,0.00016159448651219458
11,0.002882816620969184
12,0.0001603524450638577
13,0.00015820356991560482
14,0.0028666602206494592
15,0.0001608613526941286
16,0.00016266029990558153
17,0.00015941228461568605
18,0.0001540689442328952
19,0.00016463553630669672
20,0.002865759480094528
21,0.00016192481685666868
22,0.0028722233313253007
23,0.0028608925669602737
24,0.00015961536444660077
25,0.00016060255006998216
26,0.00015335584445459792
27,0.0001499620191162965
28,0.00016350082577753445
29,0.00015326158285745433
30,0.00016365495163362173
31,0.00016058106714591976
32,0.0029067332999939384
33,0.0001501216057489963
34,0.00015508011275737745
35,0.0028775566833022666
36,0.00016648160688769204
37,0.000159094160124426
38,0.00016362993068193713
39,0.00015923667450081899
40,0.000162485116592786
41,0.002874991875409056
42,0.00016136707862042147
43,0.0028655838492276497
44,0.00015686149480122845
45,0.0028604171255375063
46,0.00015429230915286245
47,0.0029268055285982895
48,0.0029115625089992806
49,0.0028809422650616767
50,0.0028692504761619548
51,0.00016316940773942017
52,0.0029063099509714914
53,0.0001553564561674559
54,0.000156980844235015
55,0.00015071360268049329
56,0.00015055872472885437
57,0.002879448607435034
58,0.00015761731470611512
59,0.00015448149254587885
60,0.0028925773691308083
61,0.0028687472109774972
62,0.0028788617265318437
63,0.00016471121142566547
64,0.00015954596934022804
65,0.0001583530365884698
66,0.00015984155529480396
67,0.00016688389572943994
68,0.00015617461399096392
69,0.0001567233562238077
70,0.00016385196895257593
71,0.00016050184799272616
72,0.00015940952714847223
73,0.0028876614614401362
74,0.00016182677497056283
75,0.0028430160318124735
76,0.000149767957664138
77,0.00016896959854928784
78,0.00015905408678441437
79,0.00015261499070768014
80,0.0028916234421719894
81,0.000159602343547165
82,0.0001637923208993357
83,0.002858898700414447
84,0.0001644596885813149
85,0.00015648037567671198
86,0.002844244369828517
87,0.0001489801569350847
88,0.00015160444011093232
89,0.00014893080360881176
90,0.0028432390339892667
91,0.002827473113291177
92,0.00015321096213168151
93,0.002833994590125207
94,0.002847716992037747
95,0.002848925250697205
96,0.002844447257383967
97,0.002862890305185185
98,0.0028781945703241158
99,0.00015442554405614822
100,0.00015563792458972892
