1,0.0001640310798773983
2,0.00015997865230027043
3,0.00016048957252899374
4,0.000146772489358993
5,0.0001636201041798136
6,0.00015332923920299905
7,0.00284303056145944
8,0.00015476136227983342
9,0.0001464388900534376
10,0.00015443116746133566
11,0.00015786724711569513
12,0.00015468303603447838
13,0.0001598081062813894
14,0.00015633596203754873
15,0.0028232891842616004
16,0.002837262798200438
17,0.00015907253885162232
18,0.00015497362822746198
19,0.0028988957594285373
20,0.0028702672250654608
21,0.002863683272738109
22,0.0028682162266326777
23,0.0028518631128174837
24,0.00464936154177846
25,0.0028606373837941584
26,0.00015934587712729294
27,0.0030175155663309714
28,0.0001588520564741221
29,0.002855324363038277
30,0.00016548656349850603
31,0.0056195530260869575
32,0.00015939543610581146
33,0.02495687012195122
34,0.00015740671197081254
35,0.030081868055555554
36,0.003962822259041075
37,0.004380502326768782
38,0.0001468653948499313
39,0.0001719428858050372
40,0.00015422062698226902
41,0.003191508407743678
42,0.002873445195240088
43,0.0061397475623654555
44,0.0031808604065414426
45,0.0213809416495551
46,0.0034270026987514744
47,0.006267684375807702
48,0.003128476134154245
49,0.009041093205964584
50,0.0028702895738619144
51,0.003687675794918606
52,0.002824212038495188
53,0.0034321648823404704
54,0.00552851644421629
55,0.002910479245169082
56,0.0028326499793485957
57,0.0028543922848397554
58,0.00016276101655711647
59,0.00015092242237997722
60,0.004591181259827252
61,0.01589951925598165
62,0.0028541928149199034
63,0.03282546127853882
64,0.0028351863280081375
65,0.023991969610007356
66,0.0047795908530572
67,0.015579570102311304
68,0.0036236766184367542
69,0.008061902940199334
70,0.003143412168917165
71,0.0028772554570422114
72,0.0028383468723115965
73,0.008635587143805435
74,0.015477729561855665
75,0.0031907962486814345
76,0.015405356521070264
77,0.00016136069480453887
78,0.00468308211724353
79,0.0030643471193935565
80,0.0028648519621519986
81,0.0029016136424242418
82,0.0028365008999108998
83,0.00287085707890653
84,0.020724052867746288
85,0.00286546679389313
86,0.002844179290658463
87,0.0028603501229680283
88,0.0028927869063933745
89,0.0028896301294850843
90,0.027604676583333335
91,0.0028991879380013265
92,0.0028370452653828085
93,0.002848210669034932
94,0.015875037255420416
95,0.0028479865467413742
96,0.004899634525963598
97,0.018528703782957588
98,0.008796790979147779
99,0.0028246122296465624
100,0.00331902570656265
