1,0.00015252525167758414
2,0.00016317678495623522
3,0.00023253078055062587
4,0.0001627010047867408
5,0.00015690295688594523
6,0.0028631052462141167
7,0.0001552723901819666
8,0.00015844141257010782
9,0.0001605097548925603
10,0.002905409262133604
11,0.00016953469749644807
12,0.00015371711619833266
13,0.0028997886837930195
14,0.00015754760388206855
15,0.0001568831913735099
16,0.0029026741357542235
17,0.00015995281733436028
18,0.00015261056472935106
19,0.0028993501692661113
20,0.00022688657846809388
21,0.00018585476081749454
22,0.002902602488701417
23,0.002894105006287802
24,0.0028775942060994793
25,0.00288819017851758
26,0.0028898437886706314
27,0.002934002441860465
28,0.0029435109338640537
29,0.00291369210269545
30,0.0028943092950062944
31,0.002902001857603995
32,0.0001552281625864842
33,0.00015900474662696758
34,0.002910212428734322
35,0.002922082498177842
36,0.002896740339425587
37,0.00016396355092362724
38,0.00016140638880050907
39,0.0029494585330925847
40,0.002930488249461275
41,0.0029285321836609334
42,0.00015016685001115692
43,0.002884803913357836
44,0.0028916998396175033
45,0.002892068339216164
46,0.0001567208836560678
47,0.00015164535165531444
48,0.00015275278337872488
49,0.0001599117231442146
50,0.0029111060335365855
51,0.0029131583954312246
52,0.0028993235973397823
53,0.00015471607178083936
54,0.00016075021708608918
55,0.002915343408058164
56,0.002921628445863747
57,0.002888383459237324
58,0.0028765346058667305
59,0.002916125260083957
60,0.00015227080575950564
61,0.00016605603241788889
62,0.00015278159374543053
63,0.00016092918626162874
64,0.0028992394218532213
65,0.0028838655552184465
66,0.0029063176000234305
67,0.002894084205315894
68,0.0029371582606023353
69,0.00016286245704672157
70,0.0028881820074394045
71,0.0001555712496086768
72,0.00015993937364903885
73,0.00291928280803164
74,0.0029191466374001583
75,0.002901969632336656
76,0.00016558992772598008
77,0.0028851650550647465
78,0.0029055867427461458
79,0.0029063331363994426
80,0.0001671590175313758
81,0.0001601115655164858
82,0.000156042011576858
83,0.00015131402059459406
84,0.0028737861239704204
85,0.0028432669060478367
86,0.002867099942949796
87,0.002864156736028538
88,0.00286107857740836
89,0.0028691993877427917
90,0.0001546902231440654
91,0.00015723602238522925
92,0.00015522250093288125
93,0.002881708590321433
94,0.00016239008578275508
95,0.002892573987213193
96,0.0001595620402591948
97,0.0028897556839269675
98,0.0029010902946326154
99,0.002920131966567743
100,0.00015726900790821827
