1,0.00016271417073631387
2,0.00016125450335741375
3,0.00016350997117598823
4,0.0001678076831152277
5,0.00015716913074154162
6,0.00016576277798907406
7,0.00015690959051688688
8,0.00015891525816096201
9,0.00015967089175454534
10,0.002881120898997134
11,0.0001603398344585865
12,0.00014895708984046188
13,0.000154156290334899
14,0.00015982602677754596
15,0.0001601687635269903
16,0.00015691612988895045
17,0.00016515055524260304
18,0.00014843240621335033
19,0.002847225690379043
20,0.0028494513732539636
21,0.00015751161975544647
22,0.0001615896441021754
23,0.0001608337696287863
24,0.00015699893604139328
25,0.00015869348743778068
26,0.00015233030799468938
27,0.002889674115231308
28,0.00016574465477534587
29,0.002846857104748355
30,0.00016087752726062267
31,0.00016432975299132132
32,0.00015385055185894046
33,0.0029304795343883146
34,0.002861397643289214
35,0.002842332836441383
36,0.00015660866795291802
37,0.0028918311801466173
38,0.00016174040938028852
39,0.00016073269792608972
40,0.002860731669848467
41,0.00016132359208441855
42,0.00018559201721343664
43,0.00015409728734726457
44,0.00016073544090100452
45,0.0028715854285200934
46,0.00015783988854285545
47,0.00015798530074536316
48,0.0028455274688992394
49,0.00015880471537203003
50,0.00016352163172322331
51,0.00015332850829489252
52,0.0001537426052811756
53,0.0028495189866303834
54,0.0030196398348395137
55,0.00016829292198917834
56,0.00015422630861253812
57,0.0028428584137033313
58,0.00015600960456072944
59,0.0001588451618145822
60,0.00015107807458852272
61,0.00015647663458885616
62,0.0001646414652754442
63,0.00015422001316603228
64,0.00016037490609795396
65,0.00015148091707087416
66,0.0028636028941218766
67,0.00015595469870610082
68,0.0001560425814387822
69,0.0028752415641211245
70,0.0028533063876915706
71,0.00015789180488930653
72,0.002840507995741913
73,0.00015616366067677193
74,0.00014984807158469602
75,0.002880699464512615
76,0.002825348968038684
77,0.002931594444980695
78,0.0028528536267879586
79,0.0028605063506155306
80,0.00016433543383823868
81,0.003062270040421904
82,0.00015904983007341517
83,0.00015515185159220297
84,0.00016242910131384735
85,0.00015727757979832474
86,0.0029281741906370604
87,0.00015736863757814814
88,0.00016242923947304614
89,0.00015878105344828717
90,0.0028705991665183605
91,0.0001633460405197243
92,0.0001677289533243963
93,0.0001541607826257061
94,0.002864304655068986
95,0.0028371249433512226
96,0.0028529963203848896
97,0.00015758216592183521
98,0.00016021163109796713
99,0.0028485545881033873
100,0.00015822649532756523
