1,0.0001601080720945721
2,0.00015492581294775605
3,0.002888345130605916
4,0.0028854789706679517
5,0.00015328832661988632
6,0.00015559443291116064
7,0.00015011211990571306
8,0.00014994208661874388
9,0.00015465206009326505
10,0.00015620716190552604
11,0.0001511289518222876
12,0.000154784035138128
13,0.00015160556393135487
14,0.0001601491464366482
15,0.00015303771216871624
16,0.00016215713489202576
17,0.00016494952055804576
18,0.00015945558234401686
19,0.00015084720575064814
20,0.003520144540942928
21,0.0030780891683582848
22,0.0001593998573000367
23,0.002879446532175381
24,0.00015947585770589073
25,0.0028837223293148723
26,0.0001620912441775209
27,0.002882885908846544
28,0.00015413726753331337
29,0.002893076546840305
30,0.0028731136133452488
31,0.0028841458000600424
32,0.006112184394542169
33,0.002899432205220522
34,0.0029481242634051114
35,0.006777640760413754
36,0.0028712130419118534
37,0.0239572784221902
38,0.0001561473978223908
39,0.0028835382338944743
40,0.00015983325115557294
41,0.027637811660079052
42,0.00016153531902356904
43,0.0001487512266295046
44,0.0028819672198429694
45,0.009660819765938538
46,0.008057041472517672
47,0.00015478967868501768
48,0.03428556312323613
49,0.02111204390406396
50,0.007953861737204726
51,0.0029059137478798162
52,0.004621947591837258
53,0.002874424037654395
54,0.0031123957150215697
55,0.02464803094170404
56,0.0001571480630475094
57,0.021291269898305085
58,0.0035333662767673803
59,0.015552676210323819
60,0.0028861138033139918
61,0.0028762178556553815
62,0.01205027802843587
63,0.012498203542901312
64,0.0028711844807923167
65,0.0031117534782887975
66,0.002879582414605745
67,0.000148493105304063
68,0.002874808054054054
69,0.0001526857003392787
70,0.003718590652935706
71,0.002865305583059946
72,0.002862327453408823
73,0.0030526516584843903
74,0.020615175360892392
75,0.01770094657123216
76,0.0028846542310676133
77,0.010084997105975433
78,0.020215863094440727
79,0.002848487998459442
80,0.01793448776340111
81,0.002864398120121552
82,0.014553182307319439
83,0.00317151323219692
84,0.0028669814346330945
85,0.002902469176930009
86,0.0028503778862175666
87,0.002877924048442907
88,0.014328214479905437
89,0.0031007648397270845
90,0.008559789713932545
91,0.0028705448196857893
92,0.044237147260273973
93,0.002889804309459051
94,0.0029012506868214263
95,0.002865539029223852
96,0.002896268476843052
97,0.02028140961030383
98,0.0028658728732276896
99,0.002894453912391239
100,0.020266478132908324
