1,0.00015467194158263572
2,0.0001561230474402785
3,0.0001550811478503019
4,0.00015893008115172
5,0.00015864496560960285
6,0.0001635078916203855
7,0.00016804844730836728
8,0.00016519752462272738
9,0.00016610400963573325
10,0.0001629695450035101
11,0.00015580627625895777
12,0.00015429652492049734
13,0.0028683434610303833
14,0.00015411062456938682
15,0.00015996917352024444
16,0.004277104532640296
17,0.00016443328854574707
18,0.0030769263570566943
19,0.00016026682827645735
20,0.00015652547224006218
21,0.00015989054342572775
22,0.00016038664840352002
23,0.0028581866205580728
24,0.00015517282161019408
25,0.00016009204191980354
26,0.003090709708582066
27,0.0044408037407788
28,0.0028376407863430876
29,0.004163041456402333
30,0.0037046142344132026
31,0.0028650192102901584
32,0.00015915476842765918
33,0.0001578635978118464
34,0.00016042638737776593
35,0.003253373724878197
36,0.0031237761691929006
37,0.002860599345017347
38,0.02371241138803681
39,0.0028665760956771646
40,0.0001498912720557426
41,0.04240414487471527
42,0.0028703351135557133
43,0.004741048981203602
44,0.0028579104277914437
45,0.003101077830430328
46,0.00015998064554885756
47,0.00015259128031366786
48,0.0028611778991546612
49,0.0031242168344124623
50,0.000156313464462767
51,0.002832846351663998
52,0.0030202768709818363
53,0.00308619748603352
54,0.003209929846989468
55,0.002869291618791143
56,0.0028523472667266727
57,0.0028526917267462475
58,0.023944311322869956
59,0.002871033052170259
60,0.00016400705562443716
61,0.0037039147619047615
62,0.0028620232783357243
63,0.00015966890434753562
64,0.002860365818411249
65,0.005830018188910225
66,0.002859456704935495
67,0.010133585685946961
68,0.00015749818898644198
69,0.0034732746140590225
70,0.0028824829976905803
71,0.0001575390088013412
72,0.006440521333951517
73,0.0001603911550104655
74,0.002898423025483463
75,0.013773186442362294
76,0.002891122944020053
77,0.0028450160239880057
78,0.002865174647552198
79,0.003496094501879699
80,0.00016262656965972634
81,0.002925204914581328
82,0.002994200636346622
83,0.00016782128132995008
84,0.0001661769328226485
85,0.00015731872827313121
86,0.003799567837301588
87,0.0031058145874735556
88,0.0028662829836264407
89,0.00015028967531788366
90,0.0028992310671984525
91,0.0028707555582175373
92,0.0028864818792967086
93,0.0034701161208437617
94,0.0029895269668865927
95,0.01297699202461466
96,0.0037250113631121704
97,0.00015673731192211607
98,0.0001503874942964829
99,0.00335584561494731
100,0.00016295910785018585
