1,0.00014917416975887015
2,0.0028667541273088267
3,0.002847658095011594
4,0.0001529728952407072
5,0.00021463275210708814
6,0.0028515848597578976
7,0.00016369222186982053
8,0.00016279234915459343
9,0.00015677230057167647
10,0.00015788940378572817
11,0.00016254474646388816
12,0.00015978746061751732
13,0.0028597303061769423
14,0.0028491275653565714
15,0.0029087228903654488
16,0.00016694959627923148
17,0.002866553259711037
18,0.0028794602850837955
19,0.0028493560653976967
20,0.0001529660792596154
21,0.002870457374489551
22,0.00016833255578973857
23,0.002865399537341054
24,0.00015134393855619114
25,0.00015319587163302998
26,0.00016134900530128822
27,0.0028829229191870316
28,0.00015953652022157724
29,0.00015653282258457836
30,0.00015021762063009686
31,0.00015198026765060488
32,0.0028943942063020217
33,0.00016173259857525142
34,0.002859211579663826
35,0.0028635303990749523
36,0.0029072647701742665
37,0.0028665303620259183
38,0.0001555443633697362
39,0.00014962586928838497
40,0.00015361180050055368
41,0.00015980025458368178
42,0.00015016501226631642
43,0.0028500786984687874
44,0.00016033242336314262
45,0.00015602732879339116
46,0.002850035753588517
47,0.002856923252576709
48,0.0001599419346726249
49,0.00016453424630632726
50,0.002865892085057885
51,0.0001565860532580072
52,0.00015581655043822758
53,0.00016570834616249505
54,0.00016630756945015771
55,0.00015303656455680826
56,0.00015830856582374573
57,0.00016228499397307977
58,0.0028807569643071744
59,0.00016131165249464556
60,0.00015260696466558443
61,0.00016061291169115974
62,0.00016427102493254774
63,0.00015073396259527368
64,0.0028481189759214337
65,0.002855438789940828
66,0.0028504627474291145
67,0.0028446199085005903
68,0.00016159484807375652
69,0.00015541748565932648
70,0.0028584183157008888
71,0.00016019581195355408
72,0.0001653037576978691
73,0.00015952503291223402
74,0.0001543251941910304
75,0.00016274422749828558
76,0.002861509668606723
77,0.00015584068197234
78,0.002835721682598112
79,0.00014873722567478403
80,0.00015744298386590166
81,0.0028473533660422243
82,0.00016293813527218414
83,0.0028918522326567705
84,0.0028964707553415588
85,0.0028543972760576696
86,0.00016285667713550832
87,0.00015172592383580526
88,0.00015255224054561896
89,0.0001555372594259624
90,0.0028422897254575703
91,0.00015756651122857262
92,0.000155483926041189
93,0.00015251540971295485
94,0.00016473948788362216
95,0.0001648999408505286
96,0.00015580298926037348
97,0.0028552424137111626
98,0.002864732128550075
99,0.0001587239514646525
100,0.002904134789770005
