1,0.002841555247407407
2,0.00015552402158983188
3,0.00015851859389637293
4,0.00015948493695362077
5,0.00015191643599108735
6,0.0001541617136217296
7,0.00015214964052386577
8,0.002840765245009074
9,0.00016327674723895839
10,0.0030133329528489673
11,0.00015196506454478442
12,0.002859095676613048
13,0.004655928376703841
14,0.002843420165729506
15,0.00286262803446317
16,0.00016525694639295027
17,0.0001551105318959517
18,0.0031401468518758927
19,0.00015269852666221503
20,0.0037811187881634577
21,0.00015455788780989303
22,0.0034913440571097266
23,0.00015627129007776442
24,0.00015518384644085394
25,0.0001592072525855727
26,0.002849234103666547
27,0.00016047654987746206
28,0.003716163623020471
29,0.0030410796586715864
30,0.002864845708654363
31,0.002843208059551293
32,0.0030203433142006767
33,0.0028711225820949185
34,0.002844503869153345
35,0.0001573150278283431
36,0.006013427281733747
37,0.007176084041450776
38,0.0028506339014034675
39,0.06422983258164854
40,0.003872411473907496
41,0.027564974628099176
42,0.0028522746136996034
43,0.002998231204991309
44,0.00016384506927660388
45,0.00015681867784058585
46,0.002826811774472875
47,0.0037132834435049957
48,0.00015930778973022102
49,0.0034937921220235943
50,0.002870141461236156
51,0.002882629336027017
52,0.00015946972833354403
53,0.03434912749752721
54,0.0031589726739258
55,0.003985244389642415
56,0.003053533811630848
57,0.0032403183861962454
58,0.052871407759784085
59,0.003946835397653195
60,0.00899152914349277
61,0.002860159156489463
62,0.00016158923733376138
63,0.03883955511727079
64,0.0036893779021937843
65,0.09291828817204299
66,0.014968881801357187
67,0.004784215845675934
68,0.013237519540858157
69,0.0028348045374345706
70,0.002846951573231582
71,0.007692538165488236
72,0.002855249326378539
73,0.002859204999701332
74,0.0001530644712599481
75,0.003483379271980989
76,0.09049463705263158
77,0.002847605232970672
78,0.00348439793334776
79,0.0028529479014760806
80,0.00015963672189273846
81,0.004574330576773223
82,0.00287931628093242
83,0.0036849351884212125
84,0.012798185463774089
85,0.0030647766888961515
86,0.008186395574324325
87,0.0028558425167624518
88,0.00016360559730260944
89,0.035517179547689286
90,0.030552280702515183
91,0.0030442635147021864
92,0.0034820362764262963
93,0.0028532765574554586
94,0.005247570273036344
95,0.0028384222393000712
96,0.002865862476733714
97,0.000150400776534067
98,0.002856018190215124
99,0.0028495759778201764
100,0.00428582124469094
