1,0.00015294318869955894
2,0.0028734121770448862
3,0.00015672370603420985
4,0.00015166260444195084
5,0.0028846522413382546
6,0.00015340078521976883
7,0.0028759564121593538
8,0.0001576855071031338
9,0.00015872460257531197
10,0.0028791240756302523
11,0.00015579340243573121
12,0.00015781317034185805
13,0.00015372187043841544
14,0.0001531442455797194
15,0.00015351740072861494
16,0.00015439996070190146
17,0.0028897267422283686
18,0.00015516209056231525
19,0.0028884920485094685
20,0.0028639515998572615
21,0.00015192901806618996
22,0.0001565872431936083
23,0.0001530988314910034
24,0.0028689930600023714
25,0.00015708623728846735
26,0.00015417768029968895
27,0.00015071493158715806
28,0.002875980441336067
29,0.002873625109922757
30,0.00015098199222521866
31,0.002882651034688995
32,0.0028786817959134906
33,0.00016310515069258304
34,0.00015734209291265246
35,0.0028765400420042
36,0.002875506159638555
37,0.002871193458249198
38,0.00015707223909976707
39,0.00015245559810293346
40,0.0028881139208783344
41,0.0028784459167904906
42,0.002879680207773598
43,0.00015710252012871825
44,0.0028594810049384187
45,0.0028570283772603716
46,0.002899012941318961
47,0.0001601942618608092
48,0.000160040548430457
49,0.0028950549842196157
50,0.002911485023973901
51,0.002876055077358942
52,0.002887128461077844
53,0.002884094589652899
54,0.0028872044756419486
55,0.002879093092590517
56,0.0028800739702964343
57,0.0028747211235078886
58,0.0028821155470479154
59,0.00014969670726248358
60,0.0028892133880928116
61,0.0028754764475705827
62,0.002994240158977556
63,0.002885759898501233
64,0.0028853354870596697
65,0.0028847176812811133
66,0.0028776158249037742
67,0.0028662242170219856
68,0.00015134717052898058
69,0.0029114153442662493
70,0.003708305554185673
71,0.00016284866450870817
72,0.00015132198088716367
73,0.002896641607465382
74,0.0028955481327676866
75,0.00015390832120522663
76,0.002853961675824176
77,0.00015581801797255279
78,0.0034122664613977062
79,0.0028810035364689028
80,0.0028748462248972054
81,0.00015110290147381185
82,0.0028911177645010206
83,0.0028513419988155167
84,0.0028948579575676977
85,0.00014709003949330278
86,0.002882700709423311
87,0.0028693687597597596
88,0.002873634567530204
89,0.0028816469193435243
90,0.0028798053216269486
91,0.0001538833917944071
92,0.00015301474579231504
93,0.0001547007025563441
94,0.0029563424323329037
95,0.002869648490124272
96,0.0028688308589322996
97,0.002875079531851852
98,0.002889766177175737
99,0.00015099669090857748
100,0.002891366389498051
