1,0.00015326116612287226
2,0.00015895265710498568
3,0.00016142451515515382
4,0.00015624549322695652
5,0.00015638487955142396
6,0.00015753853964405281
7,0.00014766508449510113
8,0.0001590504620472835
9,0.00015244744622756626
10,0.00015242993195221534
11,0.002907846218036598
12,0.000157550493269121
13,0.00015431841252272908
14,0.002864991935869111
15,0.0001562808114592941
16,0.0001576196210148682
17,0.0029011421284558733
18,0.00015720867979896234
19,0.0001638958089731755
20,0.002913764515740685
21,0.00015293457621195358
22,0.0029020560106158395
23,0.0001557356513087561
24,0.0029143035363636367
25,0.0029239116168973053
26,0.002911830557564799
27,0.0029222294412085915
28,0.002930226553463763
29,0.0029126640058497353
30,0.002919935565701155
31,0.0029229058558012727
32,0.00015319670953337577
33,0.00015570622850773395
34,0.0029218375157856755
35,0.00016076347741214903
36,0.002928237554953327
37,0.0029168871499765723
38,0.0001510076394157577
39,0.0028956286705690663
40,0.002926310100399177
41,0.0029183316938405797
42,0.002921096324507315
43,0.00016080172048685225
44,0.0029035916586306657
45,0.00015617835147749997
46,0.0029296515939290506
47,0.0028988115618967182
48,0.0001470017405263174
49,0.0001503255156642348
50,0.0028969955391682785
51,0.0029250710387163435
52,0.002923238303140097
53,0.0029155300310068095
54,0.00015325445722168165
55,0.00014704891047970136
56,0.0029361242014966232
57,0.00015803734204417066
58,0.0029126903926180565
59,0.0029118853848475695
60,0.0029105956649654757
61,0.0028936791135452207
62,0.002930708737419945
63,0.0029167599655318377
64,0.0029053394611040484
65,0.0029201899554630014
66,0.002918443075806159
67,0.002930455699088146
68,0.002921620774048401
69,0.002930533588882102
70,0.0001497157445701974
71,0.002904529407340554
72,0.0029207405672635137
73,0.002915356245804601
74,0.0029207168911948543
75,0.0029326277253636855
76,0.0028997774087876423
77,0.002914961475259622
78,0.002912014045592705
79,0.0029118226521844368
80,0.0029164228595529315
81,0.0029143960072926163
82,0.00291269398156739
83,0.002922212173202614
84,0.002919943909184852
85,0.00290877460871659
86,0.0029214842530090102
87,0.0029064461594334482
88,0.00292564547483609
89,0.0029117375318304457
90,0.002913761908225738
91,0.002909881643189686
92,0.0029231460578146777
93,0.0029270926164700157
94,0.002917899415505754
95,0.00292048020978597
96,0.0029288360799267854
97,0.0029145809577106906
98,0.002926440739953866
99,0.002925521794561934
100,0.002919743757162676
