1,0.0001555220823159645
2,0.00015466486220409726
3,0.0001630755773404649
4,0.0001641754303036973
5,0.00285614883398614
6,0.00015437732602051145
7,0.0001466945388214669
8,0.00015657597311600544
9,0.00015566519471017483
10,0.0028457871512043886
11,0.002854414770951064
12,0.0028743930575626203
13,0.00016102936312142193
14,0.0028634497441542214
15,0.00014670842897497488
16,0.0001578354538218132
17,0.0028909796317606444
18,0.00015435027412267441
19,0.00016017303246592318
20,0.0028497024606828924
21,0.00015484243954359944
22,0.00016020496677618802
23,0.00016440137917703786
24,0.0028480499674228515
25,0.00015683339933971865
26,0.0028529286741546325
27,0.00015593725032779897
28,0.0029063276138356414
29,0.0028505827717455446
30,0.00015721802304139947
31,0.0028535255868544604
32,0.0028467467338614333
33,0.0028776162511291777
34,0.000152976277974682
35,0.002870884141746412
36,0.002844889430196055
37,0.0028773652492843508
38,0.0028400504903976034
39,0.00284637179646384
40,0.002832327313782991
41,0.0028567145152635343
42,0.0028609629627425305
43,0.0028830097865087906
44,0.0028400855778386103
45,0.0001573830751416347
46,0.0001573759775070219
47,0.0001553860810889664
48,0.002845299062721056
49,0.0028612733466159153
50,0.000163600067433002
51,0.0028640107823800134
52,0.002850659712852964
53,0.003516605512184445
54,0.0028195824970379145
55,0.00016053973920723857
56,0.0001564360020613834
57,0.00015385112735902002
58,0.003500899901925172
59,0.0028408735626434412
60,0.00014671565257808248
61,0.0028556898328941063
62,0.002871861970863932
63,0.0028563003410236637
64,0.002888723562976755
65,0.002841995909525517
66,0.002853545002969121
67,0.003474891405184175
68,0.002966185663302978
69,0.002845136112437336
70,0.00015339691364530636
71,0.00016295023650903892
72,0.0028393213390501323
73,0.002852282014625667
74,0.00015718399812274727
75,0.002847028017215966
76,0.002818177269255625
77,0.002857339778989157
78,0.00016031375243540728
79,0.004804027201306511
80,0.0028648549169098814
81,0.00016000868208998338
82,0.002885971295464078
83,0.0029653160183136674
84,0.00382873200919759
85,0.002845855193001123
86,0.0028421782135205904
87,0.0028604966354697317
88,0.0028717637176343953
89,0.002872223054533636
90,0.00284658383356071
91,0.002836538110302018
92,0.004621439330769231
93,0.0028862434747486836
94,0.0001614780971367788
95,0.002866500933214073
96,0.002855129160499674
97,0.002857553290303212
98,0.0028412079633233093
99,0.002838577249022164
100,0.0028426384546752313
