1,0.00015564097652717528
2,0.00015703674887339121
3,0.00015609035346431327
4,0.0001670764201500536
5,0.00015848985323693178
6,0.00015991255523480435
7,0.002897683277254374
8,0.00016059992546862647
9,0.00015009843534349212
10,0.002896147207294246
11,0.0001602443101648348
12,0.000156809506366192
13,0.00015717151639326038
14,0.0028717251232415536
15,0.0001536755959001686
16,0.0028656311770659682
17,0.002861652034112825
18,0.0028680552321100374
19,0.00015652903891795412
20,0.002890238886876736
21,0.00015327857665146225
22,0.0028847701756496633
23,0.0028563440225833434
24,0.002861571386677838
25,0.0028500406785693104
26,0.0028590615761511216
27,0.002854081601181684
28,0.00015462741055582448
29,0.002847508250162405
30,0.0028838114907385423
31,0.002902830273020903
32,0.0028596229643156512
33,0.0028807310481485868
34,0.002876411013493254
35,0.00285077949327941
36,0.002853104212703102
37,0.002848545313335313
38,0.0028500118419481912
39,0.002858337658039122
40,0.00285864808346767
41,0.002884369941137606
42,0.0028563967926344925
43,0.0028544393167738865
44,0.002857758939887474
45,0.0028442153809777144
46,0.0028819614318222647
47,0.0028909241168722307
48,0.0028514094682422454
49,0.002855548840674734
50,0.0028583273831333843
51,0.002878156462212486
52,0.0028508368756295552
53,0.0028538514397514784
54,0.002858318183166262
55,0.0028621436593772288
56,0.0028655881602533454
57,0.0028592536536626106
58,0.002862757669186358
59,0.0028525598709524657
60,0.002881109944060938
61,0.002880636621267991
62,0.0028822946706872875
63,0.0029135878748091596
64,0.0028590626101977603
65,0.0028609708400261762
66,0.0028788400317974563
67,0.0028911441454742676
68,0.0029071731021498843
69,0.002862012269956979
70,0.002870078351226534
71,0.0028673275186567168
72,0.0028955367180908756
73,0.002880121174462478
74,0.002887327201695942
75,0.0029112038534029687
76,0.0029088234765719838
77,0.0028681248285935736
78,0.002878915184588776
79,0.00288941235914213
80,0.002865457167904903
81,0.002913154672840258
82,0.002921441730442177
83,0.0029003887850186363
84,0.0028675514320810115
85,0.002892970513283932
86,0.0029194582076256083
87,0.002934434438976976
88,0.002928043374114227
89,0.002945117763963743
90,0.0029227214224454793
91,0.0029405120139059807
92,0.002940842866781158
93,0.002946969188955463
94,0.002939870093913892
95,0.0029358488347328705
96,0.002931155557250046
97,0.0029320669903209994
98,0.0029309518667238843
99,0.0029748763723738522
100,0.0029486220313460357
