1,0.00015614479629094018
2,0.0001573683438534598
3,0.0001599690203993488
4,0.00016582524434999638
5,0.002858932917483514
6,0.002841634160047073
7,0.0001629383381939063
8,0.0001580841751553041
9,0.00016130348974955285
10,0.0028674539729601515
11,0.00016536854721299626
12,0.0001506344108127977
13,0.0001559307490648188
14,0.0030077916168782678
15,0.00015936183121652587
16,0.00016640464470929185
17,0.0028453245861270993
18,0.00015038983392236732
19,0.0001595783950519472
20,0.00015736061033050196
21,0.00016277398696046895
22,0.0028337699176228305
23,0.0028644214699212224
24,0.002863321734852099
25,0.00016081956836315646
26,0.00016155061286750888
27,0.0028488948638870763
28,0.0028517136962116223
29,0.002867805265030238
30,0.0036716559122034727
31,0.000157337437800428
32,0.00015635998344200192
33,0.0028807803377852307
34,0.00015620441191738644
35,0.0030450143332914417
36,0.0001599055030183434
37,0.002868966173918248
38,0.0028694867080261343
39,0.00016682004718049503
40,0.00015752005147121064
41,0.0001576059382553802
42,0.0028771989589494854
43,0.002871046821552446
44,0.002852465721801845
45,0.00015538194276605046
46,0.002849883166883347
47,0.0001563563269224511
48,0.00015735219820708945
49,0.00017088464318558669
50,0.000313599152610806
51,0.00016309649825141018
52,0.0029023716188586205
53,0.00016573193109416
54,0.0001576517487127554
55,0.002845575032741993
56,0.00287295248801505
57,0.00015791969607184718
58,0.0001641040428843808
59,0.002850970895746857
60,0.0001545800951610293
61,0.00015750823475694964
62,0.002881105878495201
63,0.00015924127488712285
64,0.0028432105676256415
65,0.0028501011535688537
66,0.00015357010145190505
67,0.00016137397697844622
68,0.002869497429499128
69,0.002836140475488172
70,0.0028510409295175025
71,0.00015309463501264167
72,0.00016323259069959723
73,0.0028918910473681057
74,0.00016052685196322133
75,0.00016384665537578838
76,0.0028527006243741528
77,0.00285748584455835
78,0.0001552462674995615
79,0.0001583297474948484
80,0.00015782147363454287
81,0.00015383467820666224
82,0.0001586684320219646
83,0.00015647623725955514
84,0.00014702117141321872
85,0.00015690394011711272
86,0.00015058447315422925
87,0.00015634270296822878
88,0.0028613975640949373
89,0.00015413669674631418
90,0.00015579936977840926
91,0.00015349107306374671
92,0.00015726608332238573
93,0.0028867319705740474
94,0.00015704476095749958
95,0.0001607804982956223
96,0.0031360076144084084
97,0.00015849617697466834
98,0.0001530170004983516
99,0.00015103074123452734
100,0.00015571811844695754
