1,0.00016426336640755308
2,0.00015583541909498279
3,0.0001644705822582051
4,0.00016580201163005732
5,0.0036646205404462125
6,0.00016079254697760933
7,0.0028706024907749076
8,0.0028406427310701888
9,0.00017619218698321427
10,0.00020196092320738453
11,0.00016759793779416759
12,0.00016425417135239526
13,0.0001564845463212313
14,0.003491433950930014
15,0.0001590056957092805
16,0.0001526698534890312
17,0.00015174717908582992
18,0.00015792735953605296
19,0.00016209038395204368
20,0.003923154968793062
21,0.002881526727435744
22,0.002863542177476836
23,0.00015814554832519647
24,0.0028547236070381237
25,0.002886171749588941
26,0.00034806770524995617
27,0.002847397979737426
28,0.003498089794350117
29,0.007666898417220639
30,0.0028390911657722125
31,0.00016371307107076303
32,0.002876259539513131
33,0.0031074084864000004
34,0.00016002491923239003
35,0.0001611333672044757
36,0.0001583008956609909
37,0.00015744649309298978
38,0.00015537731098979162
39,0.00015532128815952005
40,0.00284420023092663
41,0.002846212537065591
42,0.00015981809720802979
43,0.00016035717237574602
44,0.00015222118375458302
45,0.010372858019674936
46,0.0001496412064193077
47,0.00016506193290392025
48,0.0001630823940910226
49,0.0001572844760174305
50,0.0001609446854519001
51,0.00016663294668677763
52,0.003498602758045811
53,0.0028826578015906743
54,0.0001661473689406483
55,0.00290148164336566
56,0.0028685026967496126
57,0.00015755080514132731
58,0.00016111182952837234
59,0.0028478416696439204
60,0.00286987699078204
61,0.002871362304108429
62,0.0028565999703563166
63,0.0001555171328114333
64,0.00015943715184914332
65,0.000158873468331814
66,0.002867765424774561
67,0.0028371288717402876
68,0.00015566009904194718
69,0.0001554163057434747
70,0.002865757455617776
71,0.00016986546655507764
72,0.00015599598804108658
73,0.000157037251679624
74,0.0001633117036040186
75,0.0030940104496760537
76,0.0028502104788300513
77,0.00015373563945167852
78,0.00015888038373604993
79,0.00015269312343109325
80,0.00015702678110458902
81,0.0028566548289379904
82,0.00015462547545209027
83,0.023053834774709302
84,0.002879402234197142
85,0.0030575604976573385
86,0.00015866345366573692
87,0.0028502204994673925
88,0.002856397292719168
89,0.00016331646399896863
90,0.00015291662465770974
91,0.00015478933529855567
92,0.0001574983344471036
93,0.00016388033662115083
94,0.004102345675648463
95,0.0001541809389392602
96,0.0001554457624532641
97,0.002864121819597508
98,0.0001621484871585965
99,0.00015351152480054834
100,0.002852270991750358
