1,0.0001563659515222321
2,0.0001584803504299356
3,0.00015194908000816905
4,0.00015639817687591916
5,0.00015001213898257668
6,0.00015203026773690106
7,0.00015346018541968252
8,0.00016336068444399468
9,0.00014707642070754023
10,0.00015312862158561635
11,0.00015515372022946276
12,0.00016253446151338023
13,0.00015622928166781459
14,0.00015571098015757886
15,0.002887791654216219
16,0.01994521082236842
17,0.002901772258528689
18,0.0001596463607401862
19,0.014685393052837574
20,0.0031234830471271787
21,0.0001613971878055373
22,0.008993896799800219
23,0.0001584636715396951
24,0.00014716258690287572
25,0.0028708732507115747
26,0.00016556960683153079
27,0.0395443199119912
28,0.00015353101449896338
29,0.000159483233040578
30,0.003519598383808969
31,0.003056841939649741
32,0.0044670230822895845
33,0.00015239892426714715
34,0.003026796265898127
35,0.0001566273712684389
36,0.00014900323830098572
37,0.0029178369747392533
38,0.020906315324232084
39,0.04314304006696429
40,0.0001538919671872941
41,0.00015589198305482628
42,0.002904610619070494
43,0.005792589346709662
44,0.0037202761807579457
45,0.012483164682437644
46,0.002876589150488364
47,0.0028883779311784344
48,0.003584197903369452
49,0.0028918241553141694
50,0.0001592982405347467
51,0.00016633534020496745
52,0.013076530353290186
53,0.007496485610654132
54,0.0001480746566058163
55,0.003713980629405218
56,0.05308658594986808
57,0.002913700933220439
58,0.007166576850207223
59,0.009575037186326811
60,0.00302328608456686
61,0.06849523606965174
62,0.002898145022855768
63,0.0029073267569535415
64,0.008198696132691549
65,0.0028815097093791288
66,0.020106206254092995
67,0.0031594558320271683
68,0.014530723673958643
69,0.002895398654977783
70,0.0029060531067961162
71,0.00439784659888824
72,0.002896116522444565
73,0.0028863019504718405
74,0.02588455284090909
75,0.002878412938807406
76,0.005191333942153186
77,0.0030871207397033546
78,0.008190637555111227
79,0.009885068648368668
80,0.002866873545287383
81,0.0028874920805515387
82,0.0029009509359903384
83,0.04086026736785329
84,0.002885631919216061
85,0.0037161720428111854
86,0.0028883791868171233
87,0.0035648485710076602
88,0.035439129604628736
89,0.03737695839303992
90,0.019463519147582698
91,0.002874627050506261
92,0.021084602906162465
93,0.010462165470383276
94,0.0198078946105919
95,0.002905061562253623
96,0.002902465128761836
97,0.002916499781818182
98,0.004904146727064967
99,0.002885700612620477
100,0.00450859138396878
