1,0.0029325335202549487
2,0.002922913879057847
3,0.00291276530223271
4,0.002928961115528102
5,0.002942748825699354
6,0.0029422501937269377
7,0.002923325824510162
8,0.002939019752632868
9,0.0029336802341218904
10,0.00292231015672643
11,0.0029412645556784666
12,0.0029330420504519905
13,0.002948451735034944
14,0.0029254671564733917
15,0.0029434054799558663
16,0.0029344441272080466
17,0.0029362443988987454
18,0.002923331448709343
19,0.0029282189795415327
20,0.0029441783199657136
21,0.0029300810629704424
22,0.002926300783393282
23,0.0029344556951937223
24,0.0029259359225955405
25,0.0029419100790025925
26,0.002923178219261054
27,0.002927038058974047
28,0.002950640108467891
29,0.0029276267995872783
30,0.0029481323498255236
31,0.002930169667928214
32,0.0029391149746348026
33,0.002944192302498312
34,0.0029422395837199237
35,0.00294268159713651
36,0.002935084916813943
37,0.002947776264294013
38,0.0029317591232809435
39,0.002934323507326007
40,0.002934879694135024
41,0.0029437093496185083
42,0.0029248271386430676
43,0.002928900934951873
44,0.0029271248525798523
45,0.0029181741137574236
46,0.0029301652419403803
47,0.002940334201696053
48,0.002926773053801312
49,0.0029478941233845404
50,0.0029359923837032533
51,0.002917179007727217
52,0.002920806923780488
53,0.002931451108600049
54,0.0029319044030534347
55,0.0029334484524100807
56,0.0029302601913400008
57,0.0029199582539007956
58,0.0029317095144798877
59,0.002938817641991262
60,0.0029195082104619147
61,0.0029204813980323093
62,0.002929674406179398
63,0.002929631175001523
64,0.0029410163078248033
65,0.002926165339564241
66,0.002939562382378101
67,0.0029302588332214556
68,0.0029291849489639994
69,0.0029364027889183684
70,0.002933792418783775
71,0.0029228716525861544
72,0.0029305680643976497
73,0.002921774942354369
74,0.002923406677425248
75,0.0029335831895489274
76,0.0029273104423053484
77,0.002931765064259486
78,0.002926844092814189
79,0.00293486508784863
80,0.0029276517803883385
81,0.0029417606416948113
82,0.002930372850347604
83,0.002923978976373158
84,0.0029345675416133157
85,0.002930826091197269
86,0.0029316875160954074
87,0.002933569722494487
88,0.002926621767281248
89,0.002922702342077906
90,0.002919495009772783
91,0.002911872319843262
92,0.002925948462009804
93,0.0029330717731143553
94,0.00291276401505951
95,0.0029252876486733762
96,0.0029304668818059465
97,0.0029457033112377643
98,0.0029255074966492017
99,0.002930698145532699
100,0.002930502542580566
