1,0.0029296856121070725
2,0.002950142040565458
3,0.002936411018591413
4,0.0029374038499354756
5,0.0029414874104274776
6,0.0029287217151824727
7,0.0029336427794506236
8,0.0029456694686464595
9,0.002931529593332112
10,0.0029320645414283074
11,0.0029198989537309768
12,0.0029331310591632362
13,0.0029293239711367944
14,0.002934451636721635
15,0.002936223157669238
16,0.002950970827970828
17,0.0029339126468069486
18,0.0029375839351397743
19,0.0029436758927468185
20,0.002932336048352719
21,0.002948159081922649
22,0.0029562167449332676
23,0.00294208523686318
24,0.002943471374186418
25,0.002948194172759108
26,0.002958646445672192
27,0.0029558180945664166
28,0.0029492541728031417
29,0.0029566515872024
30,0.0029538438564966846
31,0.0029546123850379604
32,0.0029550227233250616
33,0.00297648815968781
34,0.003166455095250522
35,0.0033144687517071836
36,0.003344084596551724
37,0.0033757070842602888
38,0.0034178672019877275
39,0.0034237458582799182
40,0.003444298791637137
41,0.003464409066247858
42,0.0034766156416492938
43,0.003498561189138576
44,0.0035086604576344714
45,0.003541131577413479
46,0.0038194008063990492
47,0.003870077104550728
48,0.003923026022837149
49,0.003939845390789686
50,0.003955834147787144
51,0.003976363722376605
52,0.003995567815862895
53,0.004015013104104601
54,0.004051107297748124
55,0.004072459906808833
56,0.004095520951417004
57,0.004327868111767247
58,0.004394582975251564
59,0.0044327047351598176
60,0.004457532091988132
61,0.004475244058078927
62,0.0045039315189683606
63,0.004538166285821314
64,0.004567113362231436
65,0.004584588046867618
66,0.004606712994783675
67,0.004626675200061557
68,0.004767873285588148
69,0.004909078743423715
70,0.004946776800986842
71,0.004976627908323681
72,0.005010722678018576
73,0.00490196047157427
74,0.004909692016381839
75,0.004908132492161424
76,0.0049090420072845
77,0.004916623627709135
78,0.004919052523307662
79,0.004953576421625186
80,0.005093472311736771
81,0.005115326708602516
82,0.005143138941156347
83,0.005215445152265146
84,0.005249863872377623
85,0.005306348587819947
86,0.005310977811173974
87,0.0053611275293336275
88,0.005384664030215508
89,0.005399623773773774
90,0.005416886555183947
91,0.005437412500876566
92,0.0054968052410218505
93,0.0055498536616017365
94,0.005581974159687966
95,0.00561511515345017
96,0.005643874880559347
97,0.0057139396737854965
98,0.005729646068868257
99,0.00576114626918536
100,0.0057855419780089845
