1,0.002927906876471317
2,0.0029261553331691092
3,0.00292691102918774
4,0.002928929712977099
5,0.002937976117524254
6,0.0029396846690748785
7,0.002940783145479182
8,0.0029377983852223372
9,0.002939507031489779
10,0.002929446017026452
11,0.002919203787601997
12,0.0029409732627562013
13,0.0029257353519668737
14,0.0029168360372663275
15,0.002942921338950735
16,0.002934805268817204
17,0.002931461704166152
18,0.0029405358503235258
19,0.0029441777160072054
20,0.0029487245968742243
21,0.0029412721051667273
22,0.0029481720524284927
23,0.0029502172520724595
24,0.002952939896610791
25,0.0029506439725690385
26,0.002962717363354037
27,0.0029398018033596836
28,0.0029332065026850193
29,0.002952381275403375
30,0.0029423487326623297
31,0.002934628803513297
32,0.002954113342384596
33,0.0029662282959504395
34,0.002949049477212621
35,0.0029515626630734365
36,0.002969714518305022
37,0.002999453752642706
38,0.003292434020618557
39,0.003322214097036885
40,0.0033500241990173686
41,0.00337197047318612
42,0.0033918324394161593
43,0.0034083114624730328
44,0.0034318427419354836
45,0.003449236010932841
46,0.0034675524766193287
47,0.0034844300703820745
48,0.003501753397602542
49,0.003543268561812662
50,0.0037972508219524534
51,0.003824684661912645
52,0.003856104683775624
53,0.003901975072347267
54,0.003925621591460456
55,0.003946739219037603
56,0.003960976628857821
57,0.0039782495367919534
58,0.003990737350438714
59,0.004028436983671912
60,0.004054412236445784
61,0.004076946251155753
62,0.004294426129539605
63,0.00432947707222142
64,0.004380320930863082
65,0.00442007630739796
66,0.0044420023960952525
67,0.0044575088379341056
68,0.0044744814985848355
69,0.004501952805601929
70,0.004539562115528881
71,0.004573046656291266
72,0.004592387029328288
73,0.004609752171577654
74,0.004661419610951008
75,0.004840009815461347
76,0.004893742003027245
77,0.004925649794947507
78,0.004947430803424432
79,0.005116723872340425
80,0.005123756421627153
81,0.005131206594908594
82,0.00513655034228992
83,0.005163508690323956
84,0.005188289295276855
85,0.005198072352183711
86,0.005220927461530184
87,0.005278544377086628
88,0.005328882208049262
89,0.005362163421518707
90,0.005420055104617605
91,0.0054322418217964945
92,0.005470167134981404
93,0.00550006463677639
94,0.005523193724350205
95,0.005545349577142857
96,0.005557302942186606
97,0.005575640823900538
98,0.005581819412966748
99,0.005618260076721556
100,0.0056324807879924955
