1,0.00291772611124486
2,0.002952299273184495
3,0.002931221071077226
4,0.0029293824975568043
5,0.0029335344465474082
6,0.002917721662167137
7,0.0029279183835230747
8,0.0029337211823110194
9,0.0029183711386319374
10,0.0029500335712972607
11,0.002927519492878192
12,0.0029363450870993736
13,0.0029353131265508685
14,0.0029226019320312026
15,0.0029424765175132947
16,0.002946529964539007
17,0.002932924766813942
18,0.002925584773336583
19,0.002931699414720844
20,0.0029393492681283684
21,0.0029248127922843143
22,0.0029501295900674967
23,0.002936333882101405
24,0.0029298738841609016
25,0.002944425787413614
26,0.0029287606316562615
27,0.0029330005352528605
28,0.002942004442110466
29,0.002945057770973668
30,0.002944388564625435
31,0.0029400827067669177
32,0.0029365819478603056
33,0.0029363706209850106
34,0.002948951602978278
35,0.0029444393424944543
36,0.002955275314837905
37,0.0029534469940988447
38,0.0029584588302258327
39,0.0029671581306569793
40,0.002940658234421365
41,0.0029475431918955532
42,0.002950885745668317
43,0.002960711099952303
44,0.002934591741085368
45,0.0029532958224145287
46,0.002955597976807304
47,0.0029663503348006694
48,0.0029779769214068608
49,0.003140801399416909
50,0.00329735741576678
51,0.003321538209261828
52,0.003338801253357207
53,0.0033720316474189506
54,0.003383826056632724
55,0.003410135181027224
56,0.003421621637797493
57,0.0034299337004871856
58,0.0034385079486885808
59,0.0034461120277873465
60,0.0034681781347509536
61,0.003477852852433169
62,0.0034961301867743556
63,0.00350093542869515
64,0.0035124110491637104
65,0.0035389203780594406
66,0.0038018809650455935
67,0.0038343900838103857
68,0.0038650812659235664
69,0.003903983078655301
70,0.003917874053290271
71,0.003937684891398171
72,0.003944409872533898
73,0.0039633461802348596
74,0.003975789194550985
75,0.003986075829132397
76,0.004008271543901787
77,0.00402931915872358
78,0.004050256046569854
79,0.00406816798757451
80,0.0040815492508417504
81,0.00409434439946019
82,0.004331460041001872
83,0.004364739261926192
84,0.004406760644104804
85,0.00442220616507068
86,0.004441954529234148
87,0.004456537602078693
88,0.004477700722694084
89,0.004497671470279982
90,0.004519856963969835
91,0.004552415264197066
92,0.004561847405838041
93,0.004581821398865785
94,0.004590820151300237
95,0.004605308180007587
96,0.004622222849669178
97,0.004637711722967762
98,0.004744342193308551
99,0.004878414571600965
100,0.004927092949888416
