1,0.0016910123538428632
2,0.0016671295441200323
3,0.0016675989603367565
4,0.0016751982052211748
5,0.0016696419353714224
6,0.001668104567752026
7,0.001666041264001757
8,0.0016636112711453136
9,0.0016676229744231805
10,0.001688749947118172
11,0.0016699888056522047
12,0.0016914175159698027
13,0.0016655004893306722
14,0.0016510179173371733
15,0.0016936043086973138
16,0.0016594271412680756
17,0.0016912102172234697
18,0.0016708396855814613
19,0.0016776001900872999
20,0.0016838518536500782
21,0.0016749620165456577
22,0.0016788585541829446
23,0.001689656219088709
24,0.0016835940276905908
25,0.0016763693176674711
26,0.0016734489343792538
27,0.0016769217493923275
28,0.0017000929772607082
29,0.001693374215412857
30,0.0016856211128830163
31,0.0016957751149059535
32,0.0017002568588539635
33,0.0016948055713423078
34,0.0019556332270034503
35,0.001969789036301481
36,0.0020013731908643307
37,0.0020093486575649432
38,0.0020185520722480876
39,0.0020255515944997077
40,0.002039472426470588
41,0.0020515087171613785
42,0.0020680788709083377
43,0.0020978080837703557
44,0.002082417490877871
45,0.0020837370994590096
46,0.0020934087958771504
47,0.002102485386498776
48,0.0021130478418207184
49,0.002120144116617055
50,0.0021261106152016913
51,0.002129384158175643
52,0.002132552415799683
53,0.0021373955862802447
54,0.0021425256315205326
55,0.0021442769249555953
56,0.0021489597741849277
57,0.002151182491432641
58,0.0021567761105912757
59,0.0021633676402234635
60,0.002171996943710537
61,0.0021816478122048833
62,0.0022111427351461195
63,0.0022027398172640923
64,0.0022359267047954243
65,0.0022498623593025825
66,0.00222566829710145
67,0.0024051807858741607
68,0.002436077712388713
69,0.0024474623573376426
70,0.00247671308534277
71,0.002498662380006621
72,0.002501916763581991
73,0.002511692611927832
74,0.002520734497816594
75,0.0025280062411866086
76,0.0025360330822133555
77,0.00254705734828496
78,0.002553987996509229
79,0.002560201495862508
80,0.002568236128551665
81,0.002575224350839776
82,0.0025822869689368067
83,0.002587390456996423
84,0.00259615111628654
85,0.0026084214051079906
86,0.002640969864288452
87,0.0026286809000144696
88,0.002656189930829174
89,0.002635674725541335
90,0.002647297278492162
91,0.002654826542064334
92,0.002662689120179913
93,0.0026737883878801263
94,0.0026821185266249236
95,0.0027049321529981625
96,0.0026998286679321124
97,0.002707827737062937
98,0.0027184511988320513
99,0.0027208631639528353
100,0.0027913728327454983
