1,0.0016784712003070459
2,0.0016764093571043986
3,0.0016610939712636075
4,0.001667082023596929
5,0.0016664897882336688
6,0.0016883898056193674
7,0.0016666816913370544
8,0.001676480947736528
9,0.001663280935613682
10,0.0017173907231274913
11,0.0016751605362564427
12,0.001713295266209055
13,0.0016656064863815971
14,0.001667298063132613
15,0.0016765686701962006
16,0.0016743991062895974
17,0.001668512693331415
18,0.0016691007508411546
19,0.0016614166194919104
20,0.0016660387376794053
21,0.0016596359306517744
22,0.001654389026055894
23,0.0016697971745886998
24,0.0016579457778243994
25,0.0016748311831492957
26,0.0016805634464048295
27,0.001696203786816269
28,0.0016780977695627568
29,0.0016573187424696201
30,0.001679302567944251
31,0.0016568380392156861
32,0.0017110845275231476
33,0.0016737951069548248
34,0.0016507698512327911
35,0.001669675828763056
36,0.0016771844725915071
37,0.0016836381105859058
38,0.0016515517178065746
39,0.0016642164592201045
40,0.0016580430013552487
41,0.0016875429657977788
42,0.0016769098531465893
43,0.001665880171608484
44,0.0016575488951840669
45,0.0016647735985272356
46,0.0016661221214455805
47,0.0016630898609051757
48,0.0016674339948580684
49,0.0016769945082517582
50,0.0016541185144692337
51,0.0017050380902055178
52,0.00167298367469454
53,0.0016714302028761295
54,0.0016902890001757162
55,0.0016634651701742556
56,0.0017065940439757049
57,0.0016796671814124813
58,0.001692054971823953
59,0.0016576771768186192
60,0.0016745704387438197
61,0.001666526906417019
62,0.0016645455399305557
63,0.0016552756037629878
64,0.0016645226933899389
65,0.001686499228435037
66,0.0016733051960431651
67,0.0016549033438942075
68,0.0016710626212909576
69,0.0016947073683063133
70,0.0016881164364201677
71,0.0016665145069401286
72,0.0016839749840689337
73,0.0016890902475776301
74,0.0016754460178994288
75,0.001741476495382678
76,0.0016656210747581354
77,0.001674782317245272
78,0.0016758128209129468
79,0.0017247984310637164
80,0.0016692479753123589
81,0.0016699106339944155
82,0.0016563424245096656
83,0.0016865960293854572
84,0.001676679225957352
85,0.0016655735451586943
86,0.0016668256423235358
87,0.0017769155900965122
88,0.0016692480601461098
89,0.0016707031685456201
90,0.0016573722249902134
91,0.0016948218108851513
92,0.0016854724278299199
93,0.0016655261903057207
94,0.001671101322111107
95,0.0016834540965759437
96,0.0016641194603207595
97,0.0016554719548425433
98,0.0016607097040557892
99,0.0016695830492621077
100,0.0016617905826319236
