1,0.0017084804198815716
2,0.001712139960057288
3,0.0016703623400040096
4,0.0016610104897126336
5,0.0016705135781083734
6,0.0016747319615246314
7,0.001670731301880099
8,0.001672760017374211
9,0.0016670062887064227
10,0.0016576555805580561
11,0.0016577306108989931
12,0.0017050320181648654
13,0.001663815034077474
14,0.0016615867214072216
15,0.0016928680411116132
16,0.0016851583737221424
17,0.001669364674064283
18,0.0016972932245797898
19,0.0016580615668552504
20,0.0016760419039457113
21,0.0016464745372932919
22,0.0016578610740230774
23,0.0016706399954667503
24,0.001663342864733306
25,0.001675201867526293
26,0.0016616452287217364
27,0.0016574676236128668
28,0.0016681780542136338
29,0.0017260613146212727
30,0.0016571421390281862
31,0.0016441572526829937
32,0.00166781217093899
33,0.0016700967417772748
34,0.0016538138595021128
35,0.0016648631459466954
36,0.001665246906143345
37,0.0016660676296884715
38,0.0016527345629811297
39,0.0016664447282379409
40,0.0016760242663109387
41,0.0016600612581040828
42,0.0016717173133860461
43,0.0016580298360655739
44,0.0016606758711848113
45,0.001677926970132511
46,0.001662153015023312
47,0.001663503785494414
48,0.0016740899167205113
49,0.0016679844814336117
50,0.001657239773324458
51,0.001662909918473607
52,0.00166512363238512
53,0.0016783446515867097
54,0.0016515111331939826
55,0.0016724338609935495
56,0.0016729515540682598
57,0.0016844219350549074
58,0.0016727569570983362
59,0.0016540685626642894
60,0.0016786000481350467
61,0.0016621045123955383
62,0.0016546866795722158
63,0.001665544511296239
64,0.0016634283999019848
65,0.0016959579041279206
66,0.0016582850293610884
67,0.0016618406524617905
68,0.0016577848483019424
69,0.0016738376727259941
70,0.001661270749546093
71,0.0016690673265585992
72,0.0016651349741292495
73,0.0016642358687753054
74,0.001659764440207972
75,0.0016717259827903265
76,0.0016709848479297316
77,0.0016570608627876837
78,0.0016711502147501432
79,0.0016556548840477245
80,0.0016912372007606045
81,0.0016819025306561988
82,0.00166337744548945
83,0.0016681899604991785
84,0.0016537777382571398
85,0.0017171030243397201
86,0.0016718327499694588
87,0.0016762591117568794
88,0.0016716661805875476
89,0.0016582749255300508
90,0.0016748367894527558
91,0.0016638181792419987
92,0.00168438390005242
93,0.0016524193667890098
94,0.0016593037378436998
95,0.00166629854461696
96,0.001655185021570319
97,0.0017247399417215552
98,0.0016769345213600698
99,0.00165651475518383
100,0.0016798116626070949
