1,0.0016683915514351562
2,0.001660464142933644
3,0.001661659203909958
4,0.0016719657157565856
5,0.0016774464592909254
6,0.001652974218051832
7,0.001669868022455248
8,0.0016541607333242208
9,0.0016685746362116198
10,0.001670471444490876
11,0.0016609706846180924
12,0.001667666349173121
13,0.0016629807277866104
14,0.0016631599107017295
15,0.0016751777725465581
16,0.0016713884536384996
17,0.001667218239284613
18,0.0016667864654722562
19,0.0016782956845448134
20,0.001681149167475197
21,0.0017004937617391305
22,0.0016690635423477988
23,0.0016702803363338218
24,0.001662475879545771
25,0.0016712269799626723
26,0.0016754165614453285
27,0.0016924626385617291
28,0.0016595478890584889
29,0.0016577373768975464
30,0.001662392469889189
31,0.0016707222381710015
32,0.0016754609493693246
33,0.0016549049044451486
34,0.0016712092098910196
35,0.0016740021941769917
36,0.0016649007768532267
37,0.001659927344021098
38,0.0017085290286698866
39,0.0016611186820095116
40,0.0017004050450418501
41,0.0016838110414954803
42,0.0016694620314326985
43,0.001662334181267426
44,0.0016643486481759996
45,0.0016691458940305255
46,0.0016919303071682972
47,0.0016582217548076923
48,0.0016639358202350607
49,0.0016908434300545174
50,0.0017329036605110042
51,0.0016705732196624888
52,0.001674175526956522
53,0.001657672124057068
54,0.001674796392684538
55,0.0016730823905653103
56,0.0016644081606486936
57,0.0016673389442024473
58,0.001664793993124978
59,0.0016517091981866634
60,0.0016656912361270573
61,0.0016750350737917046
62,0.001669198356169221
63,0.0016603993645970022
64,0.0016762794580694818
65,0.0016718581161692461
66,0.0016744251946113106
67,0.0016692713514642897
68,0.0016766440172582449
69,0.0017083291532411743
70,0.0016757778374960476
71,0.0016755180245360177
72,0.001683329929577465
73,0.0017240255703388327
74,0.0016765799476921646
75,0.001655517742837177
76,0.0016822613599897663
77,0.0016615002313624676
78,0.0016655518735197428
79,0.001660431695407205
80,0.001673005443135808
81,0.0017164586590320094
82,0.0016705162512618786
83,0.001688972437056958
84,0.0016722694934752748
85,0.0016566646878794114
86,0.0016684204536881447
87,0.001654816511183852
88,0.001677990193932346
89,0.0016601679879734588
90,0.0016674312720377123
91,0.0017372251422373942
92,0.0016734887388671178
93,0.0017074572702503797
94,0.0016555456654162508
95,0.001657943086788475
96,0.00166682775538812
97,0.0016705663578297188
98,0.0016507727865477009
99,0.001662631886133426
100,0.001661892689567543
