1,0.0016623811981345586
2,0.00166132000423669
3,0.0016908743848033088
4,0.0017346377586267055
5,0.0016722152337615987
6,0.0016706067915690866
7,0.0017333129067767458
8,0.0016681158407419602
9,0.0016773846164233126
10,0.0016624337023271219
11,0.0016727803464984137
12,0.0016556949824768383
13,0.0016781014534984562
14,0.0016700077776215416
15,0.00167743462271821
16,0.0016948138057878283
17,0.0016711654970352286
18,0.0016854513598583663
19,0.001670237323943662
20,0.001655377707383298
21,0.001657784496018512
22,0.0016677345850622406
23,0.0016794531214907355
24,0.001663254843929429
25,0.001660009660039593
26,0.0016855907601493146
27,0.001660911769380941
28,0.0016680807561897364
29,0.0016592288728966768
30,0.001667517461127116
31,0.0016594693462495184
32,0.0016607951085434167
33,0.0017944926683523378
34,0.0016612855498451139
35,0.0016595678843942718
36,0.001677683152605588
37,0.0016567398467897986
38,0.0017682567796272974
39,0.0016975272478471572
40,0.0016535864636507659
41,0.0016911683179293758
42,0.0016608313408442872
43,0.0016838700141858691
44,0.0016666630044182412
45,0.0016742934862161501
46,0.001663163003106906
47,0.001659178301982269
48,0.0017234296766425866
49,0.001663742426470662
50,0.0016776675642637608
51,0.0016651481309213235
52,0.0017161579652594395
53,0.0016851464984730703
54,0.0016784353718521596
55,0.0016818464841832084
56,0.0016593210228055667
57,0.0016613536868512208
58,0.0016640318216810139
59,0.0016752478774908785
60,0.001669185914577726
61,0.0016701305704190747
62,0.0016692970963406602
63,0.0017271342191326196
64,0.0016541512446562167
65,0.001665443880638542
66,0.001670773699461846
67,0.0016669350571679863
68,0.0016707392756083756
69,0.0016717677762657453
70,0.0016774706595334152
71,0.0016833315615605116
72,0.0016787414005217142
73,0.0016636632715616901
74,0.0016843815939211874
75,0.001701851842708262
76,0.001678852846328539
77,0.0016806989450059671
78,0.0016705080534217874
79,0.0016685152888688286
80,0.0017255838004290364
81,0.0016745064869946725
82,0.0016729023232620085
83,0.001680326830562405
84,0.00169421645367787
85,0.0017271289773973574
86,0.0016727038229004771
87,0.0016738412202985436
88,0.0016971703625293067
89,0.0016875321140633766
90,0.0016811410297961314
91,0.0016789187521888353
92,0.0016867390382862351
93,0.0017114815837613454
94,0.0016972737066694764
95,0.0018228054989100628
96,0.0016952777732850465
97,0.0016972227324242959
98,0.0016889242023830696
99,0.0016912596560986815
100,0.0017049367976730992
