1,0.08889605705128205
2,0.11335792113821137
3,0.13835540955284556
4,0.16317520279720277
5,0.18816123866666665
6,0.21380339366515838
7,0.23942876068376065
8,0.27102351830443155
9,0.29130222828282826
10,0.3164215649122807
11,0.3417792642857143
12,0.36901369105691056
13,0.3928400735930736
14,0.41931938425925924
15,0.4444837716049383
16,0.4716955104166667
17,0.4982913917525774
18,0.5219495652173913
19,0.5485084666666667
20,0.5745561056910569
21,0.5979388758169936
22,0.6251786282467533
23,0.650014439716312
24,0.6769161079812207
25,0.7036071860465116
26,0.7279928939393939
27,0.7555467166666666
28,0.7862529398907104
29,0.8048444736842105
30,0.8315991781609194
31,0.8566615714285715
32,0.8831613039215686
33,0.9089458823529413
34,0.9340249696969697
35,0.9597988541666667
36,0.9923797222222221
37,1.012678
38,1.0375093103448276
39,1.0620121724137932
40,1.0904203095238094
41,1.11477
42,1.1410535793650796
43,1.1668903974358977
44,1.189577576923077
45,1.2175057333333332
46,1.2489026929824565
47,1.267058458333333
48,1.29481775
49,1.3191391449275363
50,1.34587968115942
51,1.372993893939394
52,1.3963627272727273
53,1.4242241363636365
54,1.4485948095238095
55,1.4745671111111112
56,1.5000709791666669
57,1.5250955333333336
58,1.551573983333333
59,1.5780470444444445
60,1.603549140350877
61,1.6298434912280702
62,1.6568619473684207
63,1.6818253148148148
64,1.7073574074074076
65,1.7318360555555554
66,1.7568801851851852
67,1.7840471764705879
68,1.8086359607843137
69,1.833712411764706
70,1.8581562745098037
71,1.8843697291666666
72,1.9092689583333333
73,1.936084875
74,1.9608484166666666
75,1.9862370625
76,2.011983866666667
77,2.0382779333333336
78,2.0543357111111114
79,2.080171866666667
80,2.1077663999999996
81,2.131588733333333
82,2.156815547619048
83,2.1828940952380953
84,2.2094051428571424
85,2.236141738095238
86,2.256412452380953
87,2.2809294523809522
88,2.311818
89,2.3305981538461538
90,2.356206923076923
91,2.3820414102564103
92,2.4083654871794873
93,2.431695846153846
94,2.4648944615384614
95,2.495366717948718
96,2.5205602777777782
97,2.549116583333334
98,2.573584472222222
99,2.597512833333333
100,2.6234626944444446
