1,0.21021283856502243
2,0.3281531481481481
3,0.44536593209876546
4,0.5631084876543211
5,0.6809976150234741
6,0.8011714912280701
7,0.9234856767676767
8,1.044261816091954
9,1.1604580128205126
10,1.2823275972222221
11,1.4044302575757575
12,1.52730085
13,1.6499031228070176
14,1.783365156862745
15,1.9073813750000002
16,2.032758288888889
17,2.1481217380952384
18,2.2704310714285714
19,2.395769282051282
20,2.5167339722222226
21,2.629957527777777
22,2.7506233636363633
23,2.8787589696969693
24,3.0050299333333332
25,3.1204338000000003
26,3.2546177333333333
27,3.3709937777777776
28,3.4923278518518517
29,3.623792962962963
30,3.748602722222222
31,3.861524625
32,3.9871270416666666
33,4.108877875
34,4.226080041666667
35,4.363025666666667
36,4.485730285714285
37,4.595860904761905
38,4.718528142857142
39,4.845664666666667
40,4.96935061904762
41,5.0900285555555564
42,5.200663444444444
43,5.326165
44,5.442440666666666
45,5.566402444444445
46,5.704124166666667
47,5.821152777777779
48,5.938779500000001
49,6.056715466666667
50,6.187594733333333
51,6.309002266666666
52,6.442124800000001
53,6.565100599999999
54,6.689578866666667
55,6.815476866666667
56,6.935342666666666
57,7.0553132000000005
58,7.179218199999999
59,7.2816148
60,7.398069933333335
61,7.529049666666666
62,7.647363583333334
63,7.772742666666666
64,7.895275083333334
65,8.021026333333333
66,8.13923775
67,8.280024499999998
68,8.400219916666666
69,8.510311999999999
70,8.636316916666665
71,8.784992666666666
72,8.898496749999998
73,9.034581666666666
74,9.162118666666668
75,9.241576916666668
76,9.37501875
77,9.50349
78,9.633132916666668
79,9.750033416666666
80,9.853697916666668
81,9.964487416666666
82,10.105921666666667
83,10.233011444444445
84,10.365261222222221
85,10.491354666666666
86,10.586966888888888
87,10.714139
88,10.878538333333333
89,11.004177777777777
90,11.10668888888889
91,11.232906444444446
92,11.31708133333333
93,11.451929111111111
94,11.569772777777779
95,11.688232444444445
96,11.804344777777775
97,11.912483555555555
98,12.027545444444446
99,12.167525333333334
100,12.297168444444445
