1,0.0019269474421580131
2,0.0017567936669215924
3,0.0017677701466876398
4,0.001814079243372952
5,0.0018628377052339476
6,0.0019069420444723815
7,0.001946322225366821
8,0.00197609545380479
9,0.002049143697053989
10,0.0020934709783874727
11,0.00212899808080365
12,0.0021797623254032625
13,0.00220303307933764
14,0.002268592096108354
15,0.0023029095070691633
16,0.0023294256421398226
17,0.002390122531550883
18,0.002408345777656351
19,0.002445582160865322
20,0.002485676044346126
21,0.0025228747897196265
22,0.0025820971341411025
23,0.0027021074612986157
24,0.002713580654197163
25,0.0027897527808227085
26,0.002839729066915801
27,0.0028660338632674497
28,0.0028969983612918628
29,0.0029245190035673257
30,0.0029602320196893727
31,0.0030010476866316445
32,0.003048027065010197
33,0.003083103107290672
34,0.0031149891111396963
35,0.0031508484729219142
36,0.0031928616546326094
37,0.0032366274901856414
38,0.003279496772340138
39,0.0033434966924191212
40,0.0033905103290164506
41,0.003419780340404538
42,0.003440257977991747
43,0.0034666500940658727
44,0.003489918055055128
45,0.0034968889149412023
46,0.003521682152489248
47,0.003560122758975112
48,0.003583879431777486
49,0.0036429875403801368
50,0.0036931619655514057
51,0.0037443092818850512
52,0.0037900222990391377
53,0.003836185930324625
54,0.003909922333868009
55,0.003949526655736836
56,0.003989969815592327
57,0.004028114288089103
58,0.004064631485505374
59,0.00410234470071546
60,0.004139819193644827
61,0.004180894687176835
62,0.004229528523168299
63,0.0042831583355431805
64,0.004340527299159063
65,0.0043779043976079355
66,0.004404981531408859
67,0.004433400809179849
68,0.004471478670909427
69,0.004507584864864865
70,0.0045401801199131345
71,0.004556637978963185
72,0.004562075310500565
73,0.004577959942349494
74,0.004619645142857142
75,0.004677857812743418
76,0.004729476956818403
77,0.004782676475514829
78,0.0048355275170921036
79,0.004877268176790025
80,0.004910205341231269
81,0.004940417315533658
82,0.004970009488325882
83,0.00500447363561333
84,0.0050447455359001045
85,0.005091298843674185
86,0.0051404328710837185
87,0.005191082628253188
88,0.005240625083305585
89,0.0052815432912190225
90,0.005321439708402811
91,0.005364733640456795
92,0.005405940773305506
93,0.00543555456615757
94,0.0054551021372328465
95,0.005469900219941349
96,0.005480172825350203
97,0.005497386622831879
98,0.005535343932128366
99,0.005596845938617746
100,0.005661647346010266
101,0.005717467447218369
102,0.005759897980517938
103,0.005790964152633465
104,0.00581599184266615
105,0.005840883251112982
106,0.005869088755894088
107,0.005909402894929303
108,0.005953831861179362
109,0.005999811864202792
110,0.00604714043375296
111,0.006094056209971117
112,0.006139322255162545
113,0.006176621881556993
114,0.006215845723528732
115,0.006257107373034287
116,0.006293537705419458
117,0.006327161760271071
118,0.006357335128406708
119,0.006381590672279964
120,0.006410990957657301
121,0.00646666832794548
122,0.0065041020481227145
123,0.006565937379889026
124,0.006627329383962323
125,0.006678183517013362
126,0.006721809893307468
127,0.006753540130363946
128,0.006776800230575741
129,0.006806738926015319
130,0.006835989667324498
131,0.006871984185552409
132,0.006913035390283215
133,0.006955795111111111
134,0.007000916534353347
135,0.007043531436038913
136,0.00708268916805028
137,0.007119966637298091
138,0.007158182630750025
139,0.007201062907869481
140,0.007235351493831587
141,0.0072702683398261905
142,0.007302622008128856
143,0.007330272215437225
144,0.007351696411073003
145,0.007378445374760003
146,0.007418681806362803
147,0.007481559741536018
148,0.007539650540201005
149,0.007590154172825895
150,0.007635097632997504
151,0.007668910230985052
152,0.0076948662860767516
153,0.007719567971360382
154,0.007749374520766772
155,0.007789227724442137
156,0.00783014438347321
157,0.00787288442929047
158,0.007913924221425075
159,0.007953381889396411
160,0.007989119280903925
161,0.008021137504134966
162,0.008055553842323654
163,0.008095978470136805
164,0.008136408541492036
165,0.008175050294910684
166,0.008213490031937222
167,0.008245762293956044
168,0.008272282578781199
169,0.008299770065299144
170,0.008336709185427048
171,0.008390180374092686
172,0.0084489118288817
173,0.008501512248935464
174,0.008545362352526852
175,0.008578932348779624
176,0.00860418222011145
177,0.00862961856726965
178,0.008662332052091215
179,0.008700841609412476
180,0.008743916816870943
181,0.008786717557044552
182,0.008826863438807056
183,0.008864540821917809
184,0.008896923592001468
185,0.008927997018221978
186,0.008960521564218284
187,0.009002977560125329
188,0.009044292767940356
189,0.009085576998689384
190,0.009125655183946488
191,0.009161235387955446
192,0.009190680890144238
193,0.009219263623408702
194,0.009255256072562449
195,0.009303840483523252
196,0.009356898360339505
197,0.009405614252730555
198,0.009447659470508078
199,0.009483947607806107
200,0.009510266645510848
201,0.009538581224489796
202,0.009568225063694268
203,0.009610793424440484
204,0.009657544475920678
205,0.009699581612903225
206,0.009740101363193768
207,0.009778816273149585
208,0.009806601020820697
209,0.009837002118329156
210,0.009869777724204434
211,0.009914977617203726
212,0.009957610517135236
213,0.009999909563106795
214,0.010040310850227553
215,0.010077353499480789
216,0.010109690271720899
217,0.010139619111906311
218,0.010171480978830435
219,0.010220192790322581
220,0.010268041548512003
221,0.010313735342026599
222,0.010357150703517589
223,0.010391595258338784
224,0.010420276508694171
225,0.010448551647446456
226,0.010479366700282986
227,0.010523422272825851
228,0.010567986895424836
229,0.010610102454394693
230,0.01065349820751465
231,0.010687412242137302
232,0.010717636227081953
233,0.010747721919770772
234,0.010781873186063216
235,0.010827257157748437
236,0.010871223041076976
237,0.010912997498286496
238,0.010954261269196026
239,0.010991815560588902
240,0.011025814448804851
241,0.011055337979906711
242,0.011088460951932612
243,0.011133718169161158
244,0.011178663672828743
245,0.011221990758719885
246,0.01126340570710792
247,0.011298689074595353
248,0.011326158881220487
249,0.011356448713583048
250,0.011387264673913043
251,0.011435904908634898
252,0.011478006249999999
253,0.011521578920308483
254,0.011562181180480805
255,0.011598573925556407
256,0.011626373144271031
257,0.011656858913897821
258,0.01169339124691793
259,0.011739873696857672
260,0.011784202625437572
261,0.01182822298985168
262,0.011871124848139711
263,0.011907504013254787
264,0.011937510101404057
265,0.011967036038834951
266,0.012003949253200568
267,0.012046439708594616
268,0.012089385233160622
269,0.012132189891260572
270,0.012173746717171717
271,0.012207989760147602
272,0.012238475462962963
273,0.01226668501500375
274,0.01230306983828507
275,0.012346964574257425
276,0.012391157582373956
277,0.012435931574039537
278,0.012475999117867868
279,0.012510255255198489
280,0.012538087424303594
281,0.012569722798398835
282,0.012604906015180266
283,0.012649543907392364
284,0.012696592979719189
285,0.012740993862815884
286,0.012785155670303975
287,0.012815969983818771
288,0.012847595007651109
289,0.012878180189775367
290,0.012915378365019015
291,0.01295957253521127
292,0.01300104797979798
293,0.013044049689826306
294,0.013083649960238572
295,0.013118650186799504
296,0.013148834504854368
297,0.013179358197674417
298,0.013216749609069585
299,0.013258446356783919
300,0.013306822495088409
