1,0.019317312774556315
2,0.01967509388185654
3,0.01927379242843952
4,0.01952893826512767
5,0.020534532312026767
6,0.02147621474747475
7,0.021496844982572007
8,0.02264621258090615
9,0.023081118795430944
10,0.03280963077351141
11,0.03358423514008903
12,0.033613818060021436
13,0.030127909638554214
14,0.026354969237530213
15,0.026742172229639517
16,0.031024471153846156
17,0.02905050319829424
18,0.029788043434343436
19,0.03057408075335397
20,0.04308910492577598
21,0.044267541414141416
22,0.03209503648293963
23,0.0333130663507109
24,0.03338992124105012
25,0.03370049457111835
26,0.03422543418521572
27,0.04523777330350484
28,0.0398778549642079
29,0.036359065609452734
30,0.03697879387938794
31,0.037704713012477714
32,0.03840965443425076
33,0.03871969087009804
34,0.03966731574074074
35,0.04053071716137836
36,0.0409677961352657
37,0.04132039771646051
38,0.042097616498316504
39,0.04297628038017651
40,0.043637933471933475
41,0.044690732853223586
42,0.04493246853649766
43,0.04541945745428973
44,0.04609981841909023
45,0.04719487417943107
46,0.04733505649083427
47,0.06876738804457953
48,0.056235253868674194
49,0.049399244952380954
50,0.049921884841363104
51,0.05131391870867367
52,0.05168546492271106
53,0.052498918065547566
54,0.053128683559950554
55,0.053780635403978885
56,0.05460769527363184
57,0.05518454388133497
58,0.05623256274256145
59,0.05692042016094875
60,0.0578277994757536
61,0.05828488903508772
62,0.059147772185430464
63,0.0598625299497028
64,0.0605523464673913
65,0.06140733566108007
66,0.08069103041589076
67,0.07463891265892758
68,0.06361140652680652
69,0.063615504964539
70,0.0644536457739791
71,0.06474357054041129
72,0.06622400299401197
73,0.06663872396611858
74,0.06758551382604325
75,0.0678587117117117
76,0.068516397979798
77,0.06940794
78,0.07047112447257385
79,0.07084174934589219
80,0.07133827979002623
81,0.07178759549973836
82,0.07256860074428495
83,0.07367183037156705
84,0.07423899783549784
85,0.07470029736983361
86,0.07524377315585136
87,0.07573363476347635
88,0.07615364191419141
89,0.07702235637998876
90,0.07767870755252697
91,0.07832021960784313
92,0.0786882243150685
93,0.07991020198482196
94,0.0805366550522648
95,0.08092239458413927
96,0.08142191769547326
97,0.08243556065959952
98,0.08339690107913668
99,0.08431806998158378
100,0.08492105433455434
