1,0.018879658540989525
2,0.018882603025560774
3,0.023450585590891245
4,0.018931382894972267
5,0.02467736670973299
6,0.018826862834089766
7,0.019029674267100977
8,0.018838547840349915
9,0.024903879026485325
10,0.02138551785714286
11,0.019291054371178323
12,0.019495665566556658
13,0.019986000359971202
14,0.020384496216216217
15,0.02056105337690632
16,0.02091031017986988
17,0.021304104059462554
18,0.0214904724864764
19,0.021795239651416123
20,0.022082246728252503
21,0.02237889926010245
22,0.022640029894490037
23,0.0234683122513922
24,0.02308920805904648
25,0.032950562334918124
26,0.023743275353411183
27,0.023919430284552845
28,0.03403873
29,0.03138312367778682
30,0.02494962120246441
31,0.03523676411579249
32,0.025333664091006656
33,0.03614232735553658
34,0.03605816652311226
35,0.026232452301534353
36,0.026845343996291144
37,0.026863801572126617
38,0.02720728131416838
39,0.027465285378467326
40,0.0280550753503331
41,0.02793664235401045
42,0.02822528697264719
43,0.028580016548463354
44,0.028756716506291632
45,0.029216590711175616
46,0.029363858993522673
47,0.029642147393939392
48,0.029742476998769987
49,0.030135727974897414
50,0.03180187197894233
51,0.030822685744568094
52,0.03089626956739185
53,0.031185923621648966
54,0.03153791839876829
55,0.031862023015873014
56,0.031956490010515246
57,0.0323863804660906
58,0.03263476286173633
59,0.03289750473869482
60,0.044933095086603037
61,0.03357403577106518
62,0.03354954592112372
63,0.03383539869812856
64,0.03408483925130746
65,0.03449064885920979
66,0.03474843378995433
67,0.03509693669467787
68,0.03522980831212892
69,0.0492166365060713
70,0.03597229695936346
71,0.03620787333333334
72,0.03629021330956624
73,0.036733475065616805
74,0.03698767639015497
75,0.03722263465491924
76,0.03745708545507755
77,0.03780239682539682
78,0.0379875708295897
79,0.03831195393939393
80,0.038633061419200955
81,0.03889484973934376
82,0.039144924791086354
83,0.03949627229146692
84,0.03955784294871794
85,0.056533699648197
86,0.04048556633986928
87,0.0410476007751938
88,0.04112020602526725
89,0.041530060517799346
90,0.04189675641025641
91,0.041820173898750826
92,0.04179113122321134
93,0.042091456228956235
94,0.04234617691798942
95,0.04259238253012047
96,0.04285438571905239
97,0.043109509499136445
98,0.04331401986531987
99,0.04360370101010101
100,0.04369512828713575
