1,0.02024603432413305
2,0.03447753662551441
3,0.027930990943396225
4,0.03178637300319488
5,0.036546067791592654
6,0.0382755407079646
7,0.04147860966183575
8,0.04626172068230276
9,0.05005900500963391
10,0.0548289802224969
11,0.05814889390034365
12,0.06155894017094016
13,0.06513122612085771
14,0.06932107157157155
15,0.07273601102362205
16,0.07760406380638063
17,0.08287353767329717
18,0.08721813271028038
19,0.09248587360838244
20,0.09653495084175084
21,0.10056920974576271
22,0.10421190571640683
23,0.1085830395738204
24,0.11300758039215686
25,0.11770828712871285
26,0.12172576430976433
27,0.12537571366405573
28,0.12974897955555556
29,0.13385086931818183
30,0.13832559848484846
31,0.14221927335299903
32,0.14699588922457202
33,0.15255814465408807
34,0.15680108387096775
35,0.16087169298245615
36,0.16511687528344673
37,0.16843915981735158
38,0.17284427464788735
39,0.17777291878787876
40,0.1820902164179104
41,0.18674194783715015
42,0.19123781176470586
43,0.19370746456692917
44,0.19954733873144403
45,0.20282043169398908
46,0.2079273447293447
47,0.21104192207792208
48,0.21494109461426492
49,0.2201311076233184
50,0.22456733333333334
51,0.22710147247706422
52,0.23127303100775193
53,0.23467107042253524
54,0.2384966428571428
55,0.24329411755233496
56,0.2470056353135314
57,0.2513576432160804
58,0.25542947938144334
59,0.259872359375
60,0.26318919753086417
61,0.2667260913978495
62,0.27195428673835126
63,0.2749807948717949
64,0.27946165930018424
65,0.28377989204545456
66,0.2869579075144509
67,0.29179975633528266
68,0.29553103747534515
69,0.29941939087301583
70,0.3036095373737374
71,0.30754941200828156
72,0.3122659156118143
73,0.31686731837606835
74,0.3207417863247863
75,0.3246944509803921
76,0.32895485307017547
77,0.3321725888888889
78,0.3368845266666667
79,0.3396488480725624
80,0.34407416780045347
81,0.34450521481481483
82,0.353764896713615
83,0.3578848357142857
84,0.3624810839328537
85,0.3669075158150852
86,0.37049985925925927
87,0.3754279552238806
88,0.3794142878787879
89,0.3769120081300813
90,0.3870935521628498
91,0.39213702325581395
92,0.3960300577427822
93,0.3994566216931217
94,0.40448501075268817
95,0.40907005107526884
96,0.41241830054644807
97,0.41787313498622597
98,0.41598892
99,0.5641372274509804
100,0.43072331073446335
