1,0.018834557357661767
2,0.019320235221457562
3,0.025877485838779957
4,0.0191330676540501
5,0.019134062605752962
6,0.019611612763656028
7,0.020443954272598867
8,0.024098165301789504
9,0.02389983617312965
10,0.021269512098548177
11,0.02186174414945919
12,0.0316997277607362
13,0.02281263862928349
14,0.023289093300951223
15,0.023648811290644327
16,0.025538160987074027
17,0.024989343474426808
18,0.026966719784946233
19,0.025998672421425412
20,0.026202542579075425
21,0.03744447119518487
22,0.0273033951285521
23,0.027397252705986305
24,0.028400400277777776
25,0.028273860237596087
26,0.02907535683139535
27,0.029591251577088064
28,0.02951925232004013
29,0.030756694910941476
30,0.03123362778603269
31,0.043067499091239546
32,0.032347537329127235
33,0.032873079173376285
34,0.03310889891975309
35,0.03398985188238527
36,0.03383766423160173
37,0.035117430520746305
38,0.03577879888423988
39,0.036503903935185184
40,0.03590584564719358
41,0.036827479976442874
42,0.03756425223613595
43,0.038489898962148966
44,0.038465616727941174
45,0.0382464365728126
46,0.039187579143389197
47,0.03998998004365451
48,0.04036549557242251
49,0.041406486931268145
50,0.04090199111584933
51,0.041608734326505276
52,0.04216472430830039
53,0.0428342004048583
54,0.04383080976952185
55,0.04363439415088069
56,0.04351701624365483
57,0.04500897270556124
58,0.044917286463798535
59,0.04558174957000344
60,0.04618987279279279
61,0.04674854277286135
62,0.046353236750348685
63,0.047484684349134686
64,0.04764361721611721
65,0.04847741245421245
66,0.04898382405259087
67,0.04964598352490422
68,0.04889612162162162
69,0.049905695953757226
70,0.05067195862607338
71,0.05160511808846762
72,0.07270148190789474
73,0.05164461208576998
74,0.05245314941128705
75,0.053184598195981966
76,0.05389186188740381
77,0.05430316871921183
78,0.0544961807628524
79,0.0551391389588581
80,0.05522514680050188
81,0.05654461885964913
82,0.05656406743986255
83,0.05741595343777197
84,0.05756781814178776
85,0.057980652870494
86,0.05813230577427821
87,0.0585095179352581
88,0.05952555806737589
89,0.060155534141958664
90,0.060014057563587686
91,0.05961273526824978
92,0.060957966485507255
93,0.06202697036023711
94,0.06239028953434763
95,0.06247173983739837
96,0.061712757363253865
97,0.06425693858415378
98,0.06459716690926735
99,0.06482420422189494
100,0.06500568213572853
