1,0.01927134721490072
2,0.030130253363797918
3,0.0226229626730885
4,0.03571051415755536
5,0.02662211603794396
6,0.039964880012531324
7,0.030059896162528212
8,0.03209688827838828
9,0.033867002495840265
10,0.036004971103327496
11,0.0378677308253135
12,0.03939781494876431
13,0.041809947166186356
14,0.04442046864349012
15,0.04631009705561614
16,0.04812319184123484
17,0.050144803987960875
18,0.051897251756440284
19,0.054234960472697644
20,0.056236286072772895
21,0.05810115930735932
22,0.06007771422280933
23,0.0625705011399909
24,0.06430537670909947
25,0.06626211366906475
26,0.06832558762886597
27,0.07009986331300813
28,0.07195051038421599
29,0.07367539231601732
30,0.07613142458400429
31,0.0782758729623384
32,0.07984567457627118
33,0.08234068900646678
34,0.0838140929544109
35,0.08599845432546885
36,0.0889871019387117
37,0.0903877844990548
38,0.09224183461538461
39,0.09452630249343834
40,0.09659132445355191
41,0.09865716768499662
42,0.10099947175141244
43,0.10276122127052106
44,0.10538242047930285
45,0.10687674816446402
46,0.10854115425131677
47,0.11152002370030581
48,0.11394614274509804
49,0.1155790759392486
50,0.11729298220064724
51,0.11998287938060309
52,0.12174440284757118
53,0.12352376884422109
54,0.1261304578005115
55,0.1285356551111111
56,0.1297152774822695
57,0.13245166218637996
58,0.13566536832412524
59,0.13648468895078922
60,0.13845399719887957
61,0.14052787965616045
62,0.14188848233046797
63,0.14394594395280239
64,0.14646315142576202
65,0.1488919899295065
66,0.15085824390243904
67,0.15255925664621678
68,0.1550706394129979
69,0.15682922502628813
70,0.15788515562565722
71,0.16058334731182794
72,0.1626374360655738
73,0.16473974444444445
74,0.16656375196408532
75,0.16890748484848483
76,0.17072498526077098
77,0.17342069550173012
78,0.174957984741784
79,0.17771410557532621
80,0.17950664855072462
81,0.18148561696969698
82,0.18320459340659342
83,0.18607537064676616
84,0.1883162005012531
85,0.19029617735849055
86,0.19209837659033077
87,0.19411812468193382
88,0.19580934760051882
89,0.19775481437908496
90,0.199908752
91,0.20142330400000003
92,0.20309992172739544
93,0.20505533196721312
94,0.20653404132231404
95,0.20958724481327803
96,0.21144606555090653
97,0.2130976905766526
98,0.21393834604519774
99,0.21547641101694917
100,0.21786510775862072
