1,0.019026091632088522
2,0.01902811145564169
3,0.01902988334247577
4,0.019345912646416517
5,0.02478712555768005
6,0.02511216078196688
7,0.01906354171142141
8,0.019528994858156026
9,0.019885439791550344
10,0.020047515215852792
11,0.021177826142363007
12,0.0287148157957528
13,0.020954995425957693
14,0.02139087741815476
15,0.02166967199526347
16,0.02197538411819021
17,0.022341804347826087
18,0.022656206854345166
19,0.023007568393885243
20,0.03251243419229703
21,0.023719008125247718
22,0.026258948844884486
23,0.024420129193899777
24,0.02466094265910523
25,0.02531209441969022
26,0.02546712948381452
27,0.025932874675324676
28,0.025977303406998158
29,0.026386479013990667
30,0.026860591149273447
31,0.027211378883438452
32,0.02737608639455782
33,0.027824414476717386
34,0.03954668690702087
35,0.02959395024154589
36,0.028745580273578115
37,0.029089622688655673
38,0.02950400188191014
39,0.029930671203438394
40,0.03010502833706189
41,0.030636149706707475
42,0.03081347672392333
43,0.031249960690571045
44,0.031473739227340265
45,0.03188706748466257
46,0.032168646130728784
47,0.03242524559999999
48,0.03259617997364953
49,0.03306032181199267
50,0.03345914890154597
51,0.03380798856209151
52,0.0341053161060979
53,0.03457463559553012
54,0.03484030811120664
55,0.03510179166666667
56,0.03536870505385253
57,0.03575460052910053
58,0.035937981400755596
59,0.03634347182620502
60,0.047944018111753375
61,0.03697808258527828
62,0.037184381458517865
63,0.03758543770443057
64,0.037812291629695356
65,0.03822121344232516
66,0.038548123275069
67,0.0388611968053044
68,0.03903137194933581
69,0.039563866605052365
70,0.04004942253968254
71,0.040491982142857146
72,0.0406771175898931
73,0.04095136663464617
74,0.041479685370741474
75,0.04186295466405741
76,0.041997009070294786
77,0.04237970271164021
78,0.04267807843137255
79,0.04288602972611891
80,0.04324362861952861
81,0.043681693401015236
82,0.04406967075664621
83,0.04419235310734463
84,0.04474527330508475
85,0.04501022245250432
86,0.04548502655485674
87,0.045644885610200366
88,0.045976916944753435
89,0.04659992852011494
90,0.04668989621212121
91,0.04701978804347826
92,0.04736110107526881
93,0.048054247311827954
94,0.04825811199999999
95,0.04870410437710438
96,0.048795070448646644
97,0.04943762088535755
98,0.04968643113101903
99,0.05021225180952381
100,0.05024778593272171
