1,0.0001708324739564362
2,0.0001640174970158963
3,0.00017642350862233396
4,0.0001739036098633967
5,0.00016117566558409012
6,0.00015597513613416116
7,0.00017210404879488967
8,0.00017797504738413115
9,0.00017225322980521794
10,0.0032356390390362315
11,0.004602116938079909
12,0.0030050711567208336
13,0.00017351528312255666
14,0.0001590010731967459
15,0.004748341659907157
16,0.00015986402629719957
17,0.005146049088133068
18,0.0001753342449453955
19,0.005992032462870962
20,0.00016612694811402563
21,0.05182843035264484
22,0.0030888184344716853
23,0.007570103495075668
24,0.0029523320176243805
25,0.0035771374679123727
26,0.026046573897353653
27,0.003345970171750285
28,0.006598397905648403
29,0.005982863485558158
30,0.0030615484720286678
31,0.0029005853414736335
32,0.0036879927512254904
33,0.004003047090864076
34,0.005464101420517355
35,0.003305311660233988
36,0.00017294007246742213
37,0.003532457279004712
38,0.006263007421716144
39,0.00017233907914538304
40,0.004608842570208511
41,0.0031315033236151597
42,0.003412337887365912
43,0.003030838064730577
44,0.04962105266343826
45,0.00309974396762174
46,0.007240548640239687
47,0.05778040151933701
48,0.0030827846898790986
49,0.0033452023587674244
50,0.003124357667487193
51,0.04414794361948957
52,0.004330892954645531
53,0.0030257482896490447
54,0.06283939226562499
55,0.004205872942099755
56,0.0030962017886755106
57,0.010060720317460319
58,0.0033806722028581386
59,0.005734090137189471
60,0.04789791761363637
61,0.00566402669207884
62,0.0030605147794832573
63,0.003399472811441747
64,0.035683476639757815
65,0.005291096933426525
66,0.0033945261218637996
67,0.021597974086021505
68,0.050416871321695755
69,0.004123701313887236
70,0.0043310539691385945
71,0.0029653070135892317
72,0.002964983480523838
73,0.003588753155430016
74,0.002987065060893164
75,0.0030430608709574127
76,0.0034006818543094648
77,0.006413574231062531
78,0.003330015269081955
79,0.05221590373831776
80,0.004206639717391304
81,0.003585331778586771
82,0.003059672726194317
83,0.005685568376623376
84,0.00017344921338657203
85,0.003921118165071546
86,0.0028966750044864503
87,0.029632719923857864
88,0.0033399040184773545
89,0.00609991040609137
90,0.0033668671528712026
91,0.0030029647562833206
92,0.009815058473797118
93,0.01005003937381404
94,0.0030021580696051246
95,0.0030306367970296625
96,0.004103111804028426
97,0.009167018372703414
98,0.0049590565694165
99,0.0036654624516715946
100,0.010627113207236841
