1,0.00016596862210347134
2,0.0001593984494909118
3,0.00015457612794599182
4,0.0001672339551845949
5,0.00016325799403201947
6,0.003295441926855869
7,0.002998642520305807
8,0.00017287258097409267
9,0.00016219888115564593
10,0.00016540552385091117
11,0.0001595201276371196
12,0.00016065617079451667
13,0.000157666707832106
14,0.00015423518537785403
15,0.00016128070287451724
16,0.0001543902533646495
17,0.003283381776348609
18,0.00015921136797389645
19,0.00016960686304524108
20,0.0001649362026885408
21,0.00016925617730179036
22,0.0001564601164490498
23,0.0001556868463380517
24,0.00017082496642973518
25,0.00017656724985756718
26,0.00016335965903756483
27,0.0001664706579000349
28,0.003501934466063636
29,0.003384528317851228
30,0.00016543110766227914
31,0.00017324081108921374
32,0.003271672580379447
33,0.003072440489828165
34,0.0001714741975477269
35,0.0001636119070635351
36,0.00016472539312893813
37,0.0035766164261628558
38,0.0034047139681608104
39,0.0033921900650544473
40,0.00016904376524245975
41,0.0001651702675210542
42,0.003441156803653264
43,0.0001701119800543908
44,0.003449053988529719
45,0.0030091439081626186
46,0.0033689653629492304
47,0.00016392163628992754
48,0.0033247715626140996
49,0.00302555474356006
50,0.0030443975938371794
51,0.00016820058917040297
52,0.003996001669209402
53,0.003389488367436102
54,0.0029414254779517725
55,0.00017705120893143724
56,0.0034388550425905875
57,0.003429755910139911
58,0.003388561350594822
59,0.0033832349018475755
60,0.0029759917594418335
61,0.00297240030114664
62,0.0030001610519265116
63,0.0033896621903014047
64,0.003077742793919569
65,0.0030018429288878054
66,0.0033830685892355353
67,0.002992849486991572
68,0.0033649669065260756
69,0.00293692188091052
70,0.003050049371998522
71,0.0030329567955534073
72,0.0033867841442835043
73,0.002955237999745758
74,0.0030403220329138433
75,0.003810789488024332
76,0.0030189542237008876
77,0.0034031339257616943
78,0.0030553027653464735
79,0.0033761580747981297
80,0.003364100337425515
81,0.0034070137431928913
82,0.002985433592748581
83,0.0029742460285389566
84,0.003367820496650991
85,0.0029422750767165323
86,0.004362494732335977
87,0.0029993646034868248
88,0.0029519411014547517
89,0.0030227252478929106
90,0.0033581499249999997
91,0.003017324055090875
92,0.003020288573347991
93,0.0030165097756997927
94,0.003732565241649993
95,0.002973567252418632
96,0.003038678340208518
97,0.0031933673402566483
98,0.003060754975369458
99,0.0029692055991202065
100,0.0033682264794100618
