1,0.00016164389640088174
2,0.00016279247245839563
3,0.0001600871739842101
4,0.00015884688478042886
5,0.0001711073731570415
6,0.00016837498288520958
7,0.00016423191211484278
8,0.00016260742992296832
9,0.00016918794757472347
10,0.0035778720500973
11,0.00016623071944622394
12,0.004250367766870411
13,0.0036028552748885593
14,0.00016210184292908672
15,0.0034224753480585016
16,0.0033229175512749444
17,0.004271921385927505
18,0.0029433793835682105
19,0.00016851701572562835
20,0.004016569404559214
21,0.040821336391752575
22,0.006048067121722397
23,0.00015920683416451628
24,0.00016806946150254844
25,0.00016458819074280015
26,0.0001622063633134838
27,0.00017190513670775197
28,0.011118502388114813
29,0.00016901247998477321
30,0.00016684125239623495
31,0.0001532685316897781
32,0.003205788839091297
33,0.004201825310896599
34,0.006475923940020683
35,0.032965928520499115
36,0.09110469365426697
37,0.0029491173007584236
38,0.023383624235474004
39,0.0033780318533361458
40,0.06018477734604106
41,0.003356709748005929
42,0.003322043133578605
43,0.006300040740740741
44,0.08047250278846153
45,0.004826707014016241
46,0.0050140818602206795
47,0.003020861803403125
48,0.030160584505862644
49,0.029603263059397884
50,0.04657415554285713
51,0.005806536996229084
52,0.003319302371749825
53,0.003018284083947924
54,0.0034047795954080915
55,0.003057663235480197
56,0.0030387189642972017
57,0.0030144096808238452
58,0.005650127155810512
59,0.06569465939177102
60,0.0029840056299040444
61,0.06626628670788254
62,0.007315994958642327
63,0.17429868134615384
64,0.004732080222607624
65,0.031020962027914604
66,0.0030591371559042964
67,0.00606184527027027
68,0.007359026075192253
69,0.10808705132530119
70,0.020845304281767955
71,0.003036279012028044
72,0.009908434877595289
73,0.0030008697971122726
74,0.0030613330804055345
75,0.003034057093338375
76,0.04280075106382979
77,0.010606802622841964
78,0.0030227749291357577
79,0.10589359369047618
80,0.030102191476345835
81,0.032558189810640216
82,0.0033306346612296104
83,0.0029243295998778247
84,0.08255625844402277
85,0.0033777672102091455
86,0.01593216437598736
87,0.0031126307511434646
88,0.05158585274584931
89,0.005480716420995865
90,0.034392160384615386
91,0.010439382944462701
92,0.004916860582335482
93,0.0030622251051672855
94,0.004139116039578732
95,0.0030109651534255184
96,0.05625436348993288
97,0.0037757161081664664
98,0.0036689326083667448
99,0.022199725661016953
100,0.18597439477911645
