1,0.0034284655318396573
2,0.00016757644480507977
3,0.0001572143511473717
4,0.0001663672355784768
5,0.00016853521295400365
6,0.0001644726806753955
7,0.00016472089155880094
8,0.0001643199773529747
9,0.0001616518005872591
10,0.00016566703960488706
11,0.00016209478036745552
12,0.00017428735375865672
13,0.007286783389881714
14,0.0033556110988768994
15,0.0001637358024981831
16,0.00016351041664444964
17,0.00016578250986306272
18,0.00016308167059175287
19,0.0001604646066717709
20,0.00016084181618089587
21,0.00016934522827442082
22,0.00016941736691511534
23,0.00015970472298666545
24,0.0032349130705082722
25,0.00016340583433791049
26,0.00016713112746665946
27,0.003208833699106604
28,0.00016508925520188633
29,0.00016070788052421634
30,0.003994655757479885
31,0.00016676671563576007
32,0.00015973028331047644
33,0.00017199375197744484
34,0.00016609537049204457
35,0.021177617915424506
36,0.0030475663466429303
37,0.00016530535620295106
38,0.00017213358718082145
39,0.00016835474956005994
40,0.0001719090990590325
41,0.00016787926250219336
42,0.00321693096391642
43,0.002934606431608015
44,0.00015860531807734563
45,0.0001609907518828972
46,0.0034253459428062265
47,0.000164858600028024
48,0.0001667394463630282
49,0.003310503129711575
50,0.003040900360941025
51,0.002997920217457887
52,0.0001671193382383921
53,0.0032277864872815227
54,0.00017439636241004143
55,0.00015644495277805168
56,0.003783209045427712
57,0.00016832808597870599
58,0.019200298855675237
59,0.004156017650085763
60,0.003333808537093637
61,0.00016198407709559965
62,0.005855641316956588
63,0.013500056269113152
64,0.00015712214674665906
65,0.006360545418821096
66,0.0035870199598423435
67,0.08109108545966229
68,0.00015617997756219208
69,0.0001539333863021235
70,0.0001623867814161076
71,0.003301308809046646
72,0.0029975500312558606
73,0.002998996118550385
74,0.00015772635189536467
75,0.00016279860606025485
76,0.016106408600376942
77,0.003356045868145756
78,0.03225216834695732
79,0.00016587135345880134
80,0.01840973526477192
81,0.04655390765714286
82,0.0030186724197644767
83,0.00433918664790494
84,0.0001630013416456942
85,0.00016291407105697856
86,0.008951656482915052
87,0.00015718423984775759
88,0.00016334942905293155
89,0.006799027814726227
90,0.0033777863151532384
91,0.002996211393508659
92,0.0001648309339402178
93,0.005592929017242497
94,0.0033683342122256456
95,0.0001759795250703559
96,0.00381192595819775
97,0.00492145927200542
98,0.00018014430654706535
99,0.00017438377030702505
100,0.0034838257855081757
