1,0.00016426761501781421
2,0.00015995526076031745
3,0.00016505362288014885
4,0.0033756026053350387
5,0.0030380383944440784
6,0.003136023967589777
7,0.00017269855026178006
8,0.00338888371201886
9,0.0001614757366528449
10,0.0032774612194618044
11,0.00015703038526216658
12,0.00017083634689829368
13,0.00015803576759548647
14,0.00016375981665721603
15,0.00352418288431689
16,0.004143698405059811
17,0.00017783832278810542
18,0.004055869171201339
19,0.0029555085002584648
20,0.02532209462750716
21,0.0033788743184204858
22,0.0001661125118273263
23,0.05384062732793521
24,0.0001697841986320688
25,0.00017029216730609582
26,0.0033782378350808765
27,0.00015955624995829247
28,0.0482501888681592
29,0.04569902977142857
30,0.07264215196078433
31,0.003057849562981907
32,0.028974740175718855
33,0.0001552987705167574
34,0.004896044083053552
35,0.00015960768510996396
36,0.00016870989274550124
37,0.026725885060240963
38,0.003032939425256701
39,0.0029553446952595933
40,0.003417750787254682
41,0.17555415211538467
42,0.014082395483576643
43,0.00016543904038739357
44,0.009974632705868774
45,0.00016532884823168835
46,0.00016691321858870015
47,0.05150866775766017
48,0.0030349592159083756
49,0.00017061326508525812
50,0.0032180915939699875
51,0.060298781447963794
52,0.0029985819706103995
53,0.027948656413301663
54,0.003647809066987444
55,0.04815884139590854
56,0.004152308286914045
57,0.003135797561944821
58,0.006259544158075601
59,0.000170129891339035
60,0.036928744291151276
61,0.12296410326704545
62,0.07657732825311943
63,0.021417285348506402
64,0.005079532085472917
65,0.07967241483516482
66,0.05306122443181819
67,0.005578448310810809
68,0.0836550132183908
69,0.0029828730342642113
70,0.0035690042995992397
71,0.0041229647394780775
72,0.00358591207430743
73,0.059594096241134764
74,0.03686454515655577
75,0.04518672548131371
76,0.003387043662385006
77,0.0001636855428051002
78,0.07101194950083195
79,0.0037172868542612978
80,0.02583937049180328
81,0.03208516030837005
82,0.07454335655594405
83,0.10131374849537036
84,0.004156050732020549
85,0.05045564708926262
86,0.0436762400440044
87,0.039053132015810274
88,0.0033234891252955086
89,0.0285500234223301
90,0.003394389124649356
91,0.02575595851145038
92,0.0030230620680498014
93,0.006104442299370573
94,0.03235328677226027
95,0.0029747712025174275
96,0.0616732981213873
97,0.03454550036463081
98,0.004305793399109404
99,0.004333349062410535
100,0.02761824015025041
