1,0.00017809385275171317
2,0.000164300496294941
3,0.0032788623473521683
4,0.00015659696116668395
5,0.00016087128373737765
6,0.00016606106675992073
7,0.0031408742644715897
8,0.00015972983339725602
9,0.00016065249093338423
10,0.0032454407326506837
11,0.00016279176698995012
12,0.00017715913533820421
13,0.004084315374287534
14,0.00016126388222626278
15,0.008180580372623857
16,0.00017511677892277403
17,0.00924858980901108
18,0.006702902564102564
19,0.00016181597014113813
20,0.0030373906160412814
21,0.0071893915304268845
22,0.00016438026490291484
23,0.0035904506820607376
24,0.006796870702179178
25,0.003396929819535949
26,0.005087248316982409
27,0.00016469966208698097
28,0.00016083971086142533
29,0.003443684395278318
30,0.03324011506968641
31,0.0034095499652648997
32,0.005177840631016043
33,0.00015917793837793822
34,0.0036556642672365028
35,0.002972091974293372
36,0.0031327881785003318
37,0.003121098560429607
38,0.03140740093283582
39,0.0030498233517024208
40,0.0029614536077528304
41,0.00017325954281588929
42,0.010270152998048015
43,0.035955446353646364
44,0.0001685175671631924
45,0.00015559490305178713
46,0.006317098398454747
47,0.0029952827516693966
48,0.00016338237391346372
49,0.00015985008979674159
50,0.003274494526639117
51,0.006278908083468396
52,0.006369336036266123
53,0.0030100486088143145
54,0.00016389608977790808
55,0.16904314981203009
56,0.0030643164573298854
57,0.003719589405212053
58,0.005364287408977284
59,0.00016662025588591416
60,0.00016159853684953148
61,0.0001687108680993338
62,0.0035936150125626606
63,0.025832098216833098
64,0.004286552317455791
65,0.004167221157308187
66,0.033184524097472926
67,0.00016080995799116395
68,0.014529298805703127
69,0.003360179279620201
70,0.00016988202196596417
71,0.00510669315322747
72,0.00017451485864390816
73,0.004672855149756377
74,0.00016348886662248449
75,0.00016873300834662232
76,0.0031363318060229533
77,0.004729093587622847
78,0.003316326227158724
79,0.003375438708047022
80,0.007137419799498747
81,0.003394292418267853
82,0.00016262658300095412
83,0.00017328199975058016
84,0.0034424203582824786
85,0.04365741221330276
86,0.0064869201576109505
87,0.003383232913656449
88,0.006976041166462503
89,0.028360242879256963
90,0.00016193217987686071
91,0.00016802994582835692
92,0.04416226350737797
93,0.0001632462338471143
94,0.0001696007766619922
95,0.04109226339937435
96,0.003509900420876916
97,0.028919689226033423
98,0.006458933019258646
99,0.00016004151684702612
100,0.00016476371532149296
