1,0.00015759693320839188
2,0.00017189738703402761
3,0.00016579670922975905
4,0.00016320582497126885
5,0.000152957631013833
6,0.0001631086008217999
7,0.00016047218789288568
8,0.0001775489679997296
9,0.00015389893275902586
10,0.00016128991293808362
11,0.00016434002762507585
12,0.00016422886609191483
13,0.007946286021868379
14,0.0001569391902966727
15,0.00016015597393205237
16,0.008544628961375263
17,0.00016272120812606196
18,0.02455276905923345
19,0.00016179028231947117
20,0.00016109886968224195
21,0.029757524429223744
22,0.00016981967934689738
23,0.08619064190573772
24,0.005054014242205245
25,0.00016874429960941122
26,0.0001687176713024972
27,0.00016894541303869067
28,0.005823572132006339
29,0.00016294699004672773
30,0.00017212648983662968
31,0.08398461237524948
32,0.003696951555052845
33,0.0001611905009289794
34,0.00016431704191237307
35,0.003314844602871135
36,0.00015837635707670802
37,0.00338986253663505
38,0.0001655800320264817
39,0.000168200045929188
40,0.0001651959205046956
41,0.000160358796867005
42,0.11797698602739724
43,0.10302813162790699
44,0.025334711519258202
45,0.00015935646948988171
46,0.20100074579646018
47,0.0042606542517889
48,0.0001614024280419723
49,0.0036256896882547315
50,0.00016421785111686235
51,0.00016399997916480128
52,0.07176497625448029
53,0.00016410330790241114
54,0.01328241908776543
55,0.11001343731527094
56,0.00691045519174703
57,0.018089438175270107
58,0.006310187686234559
59,0.00016354796852346764
60,0.00015850063339649736
61,0.041039276576086955
62,0.032237144810126586
63,0.1681632711111111
64,0.11020925875634517
65,0.03014050331632653
66,0.00016580535322791503
67,0.06692257611570247
68,0.004511461371471163
69,0.03045917590460526
70,0.027950998918469222
71,0.02603929711613406
72,0.004246579005145563
73,0.030307888838920684
74,0.00428468372731297
75,0.00606955856103794
76,0.3117909572368421
77,0.021948337251542153
78,0.0313683255
79,0.003404295852517452
80,0.0031021571244855967
81,0.006734248472372698
82,0.003011389392234102
83,0.0030288310353374405
84,0.0036186867657104485
85,0.23934472242268046
86,0.016760524682495857
87,0.0029927057342206275
88,0.03484143733269599
89,0.05455747404891304
90,0.0035281882745583784
91,0.0035940325121423685
92,0.00871791568946797
93,0.0060589397145307524
94,0.006472506481673225
95,0.6051646879746836
96,0.034339698294434465
97,0.20297542969432314
98,0.005737910819308305
99,0.12665961891117483
100,0.4601645067961164
