1,0.00016912354185329815
2,0.00017058641467065867
3,0.00016717513781103996
4,0.00016340603422333372
5,0.00015970190088382974
6,0.00016618100417659567
7,0.003216028604913983
8,0.002966714220556076
9,0.0001641197365074081
10,0.00016840949361723767
11,0.00016377052670660705
12,0.004116921532936069
13,0.0033980015177065767
14,0.0001650547849735865
15,0.0001701916223076206
16,0.00016396520547180837
17,0.0031624895874941355
18,0.00017203876756378375
19,0.00017603200063328643
20,0.0001668429899259429
21,0.007171444569422096
22,0.00016686409459862323
23,0.0034434817382450306
24,0.002973092574605406
25,0.003365509704804847
26,0.0033705483419920004
27,0.0033959889291886964
28,0.003030726701966717
29,0.002977497283572958
30,0.0030664124174632893
31,0.00017283682629055635
32,0.0034647370143405048
33,0.0029773925568507553
34,0.00017054737992215608
35,0.00016081465614186603
36,0.004095512725810571
37,0.004785848862008595
38,0.00015910933647307802
39,0.00016161436348893912
40,0.0032194920010690953
41,0.002969444220042316
42,0.00016853878837154264
43,0.0034099749639827123
44,0.003331094971658851
45,0.0030002664476885647
46,0.0030132378704185083
47,0.0001622871268700991
48,0.004168334177286361
49,0.00017140360759484142
50,0.0034878540202406562
51,0.00016375587654308935
52,0.0035103603272566342
53,0.0030883821386541543
54,0.003024528898585616
55,0.00015868579770119168
56,0.0036636121995796576
57,0.00016726690570135748
58,0.0036329686981528583
59,0.0033932793893297814
60,0.0030569037635831365
61,0.002944482819560508
62,0.0001628778914978975
63,0.00015504193193277308
64,0.003381287160934127
65,0.0029929282240698817
66,0.0030148873562865046
67,0.00015867388843192654
68,0.0030205020814665483
69,0.0036159218394225755
70,0.000169159542040349
71,0.003244303053844683
72,0.002945836043658782
73,0.00016242732117701587
74,0.003387125491765228
75,0.0036583853076256213
76,0.00016678258467421966
77,0.0001648658314611087
78,0.00346425112599887
79,0.0030143837007326935
80,0.0029743974940407065
81,0.021589796598202825
82,0.00016321602941330222
83,0.00015947884478491147
84,0.0037482016179081067
85,0.0001850669733492299
86,0.00017025772748435988
87,0.0033847348902131544
88,0.003038024315710536
89,0.002997569412833544
90,0.00015981397893567454
91,0.004552804699658292
92,0.00016238409891376795
93,0.0001678874619339475
94,0.004876701758073485
95,0.004224745566695728
96,0.00016953098090380736
97,0.007174294433341902
98,0.003078652313713832
99,0.00016279814567498853
100,0.00016414285645815802
