1,0.000165293845871057
2,0.00015836224446643635
3,0.00016341821016444645
4,0.00016520838898292573
5,0.0001876788469731139
6,0.00015998359059434577
7,0.003213165234162526
8,0.0029853695361710245
9,0.000170413899871169
10,0.00016030851829085396
11,0.00016783552124026435
12,0.0001621267312538239
13,0.00017519762742489452
14,0.00016585623751902504
15,0.0001619317136915416
16,0.0001644892553118708
17,0.00016301658214031375
18,0.000154162565175117
19,0.003412605689382119
20,0.0029967793224813023
21,0.002986238747365811
22,0.00016609521243899706
23,0.00016028660183296957
24,0.0032915718456947613
25,0.0033395808626175976
26,0.003346084419072959
27,0.000174728744347376
28,0.003244099422334278
29,0.00015800070860406428
30,0.0030981671232876706
31,0.0030153771406003158
32,0.00016149812227164365
33,0.0001595110801542395
34,0.003223605927053519
35,0.00015954970721584078
36,0.003751382610531973
37,0.0033206648411907135
38,0.0029401322459374248
39,0.0029508208054068886
40,0.0029958224079212913
41,0.00017044852097758048
42,0.003418807441934482
43,0.0029170909735844117
44,0.0029640287695832557
45,0.00016487232503573467
46,0.003246054613870458
47,0.002983962474811083
48,0.00298251864135185
49,0.0029760649714425094
50,0.0029916340130340807
51,0.0029986453204329916
52,0.0029737522450948854
53,0.0001542078053771014
54,0.0001608897617897483
55,0.0032048428037383175
56,0.0001558903735331191
57,0.003268434355080007
58,0.00016054275837161446
59,0.0029905695318856
60,0.003014574458384333
61,0.0030524599343009205
62,0.0033716298423025243
63,0.0030123793730407523
64,0.002951291665611547
65,0.003031759534106546
66,0.0030244055538967037
67,0.0030601193878198396
68,0.003400127928674351
69,0.0033773347254335262
70,0.0033683534371164773
71,0.002957333331195485
72,0.00339385116684454
73,0.003003481302992518
74,0.0031081218590591347
75,0.0030459878704720087
76,0.0001668682507667252
77,0.003263038722546328
78,0.0029672763749769558
79,0.003110473005879855
80,0.0030216339405711987
81,0.002970356408484557
82,0.0030251473444262668
83,0.003006120762358942
84,0.0030324500179933385
85,0.0030426414551537567
86,0.0033948344831338413
87,0.0029465801830592616
88,0.0033753862026300904
89,0.0030361912076075585
90,0.003372070026196057
91,0.002983516800155019
92,0.0030033556870689322
93,0.0030217833482085936
94,0.0033440607392541113
95,0.0030390464637364053
96,0.0033483428893826823
97,0.0029750677468437666
98,0.002968900560390429
99,0.003046095891176371
100,0.0033551210096818807
