1,0.00017140382476460084
2,0.00016603006815503845
3,0.0031214770499528753
4,0.00016429970751832346
5,0.00016459148870870955
6,0.00016413913691979288
7,0.0001650481515771169
8,0.00015875160514579423
9,0.00017719547480228898
10,0.003208126783233688
11,0.0030105233778977064
12,0.0001642667573783871
13,0.0033877477096819594
14,0.0033479201931157256
15,0.002980253011475306
16,0.00016629428127204788
17,0.0030334907974312614
18,0.00016662115295693354
19,0.0034062178785168877
20,0.00017050056921150806
21,0.002939297961792425
22,0.00297111995130722
23,0.0029856276031736246
24,0.00476398861092405
25,0.002937552578390631
26,0.002966556741078372
27,0.003010395851514983
28,0.003044860602010946
29,0.00302483818302555
30,0.002993991951583523
31,0.00016654354722059643
32,0.0033475714441551126
33,0.0042869371026139184
34,0.0033859775888051666
35,0.0029662319694355433
36,0.003336101774204726
37,0.0030514829405816697
38,0.002967935308649697
39,0.002998075028491832
40,0.0029680953499845826
41,0.0029602210596266537
42,0.003343800615652174
43,0.002971038876624196
44,0.00295154659608519
45,0.0030180091742246463
46,0.003405082510675255
47,0.0029793399189240143
48,0.0030136300612909404
49,0.0030215068108871484
50,0.003751369304482227
51,0.002981040343565133
52,0.0030201812511729746
53,0.0034100413090024334
54,0.003001571646360513
55,0.0033340525396557304
56,0.003333628638725321
57,0.002921107394054826
58,0.0033527081024054012
59,0.0030114056135477074
60,0.002912260743521881
61,0.0029882783645007924
62,0.0030281918701585116
63,0.0029754699269628725
64,0.003035965175309861
65,0.00016503032632953665
66,0.0033949400706499177
67,0.0030034994438921337
68,0.00016370693011488697
69,0.0034052859965396434
70,0.0030119911046560944
71,0.002996694506090172
72,0.002977667849298404
73,0.0033074951545344925
74,0.00016308715656520128
75,0.003438883780433758
76,0.0029606063578274766
77,0.003334145187426108
78,0.0030480311624047204
79,0.0033461189561715962
80,0.0036071253384449505
81,0.0029365922511097016
82,0.0029812430562111323
83,0.0033623121510495567
84,0.003062147447397693
85,0.0033554731821454284
86,0.003344267017361111
87,0.002965833694134078
88,0.002974150573231998
89,0.005380817015188201
90,0.00015683646489870345
91,0.0034256200195559206
92,0.002996957367348918
93,0.0030351073206470675
94,0.003359659051039437
95,0.0033600868969181725
96,0.0030383866413888194
97,0.0030731713091654393
98,0.0029546479204634207
99,0.0030232597199391174
100,0.00302277549495931
