1,0.0001578157556251281
2,0.00016288824076605998
3,0.0001670452676300211
4,0.00016869353727239788
5,0.00016079845229026728
6,0.00016562371256514398
7,0.00016318605506218553
8,0.00015827216476681525
9,0.006915986236328735
10,0.000170355424567219
11,0.00015834557045595038
12,0.00017845150870122732
13,0.00016997600620809715
14,0.00017182073717480407
15,0.00016219005358420106
16,0.00016665187567945197
17,0.00016294903815810655
18,0.0035455683825657094
19,0.0031004630404014417
20,0.00302487966945313
21,0.005633140589030481
22,0.004082795300963765
23,0.006617213782761769
24,0.0045385501458000185
25,0.040715063641078846
26,0.003026803430167919
27,0.00016374751612919364
28,0.006551646583263246
29,0.00015832541293305362
30,0.011909206159118994
31,0.00016664532308480656
32,0.00016698447368329323
33,0.00015898591748171197
34,0.0033312123683162144
35,0.0001650367762969332
36,0.00015728579162908106
37,0.00017356593198244034
38,0.02572033292937499
39,0.00016917177538583775
40,0.006794914704542359
41,0.002965698383313257
42,0.006065958545741948
43,0.002989271683174563
44,0.0001750564242672563
45,0.00016347666966883746
46,0.008302802233979556
47,0.003012995521687426
48,0.0029557323204685098
49,0.0001608625746800406
50,0.0034213391218277894
51,0.0029847801211789066
52,0.00016285664762783682
53,0.007618056180971397
54,0.00016873992511230073
55,0.00015372503894635968
56,0.003939031810097774
57,0.004703355443959243
58,0.00017384821774010372
59,0.007429814682237875
60,0.0033877422887909217
61,0.00423272155503227
62,0.00015504605758267698
63,0.00015795029181024892
64,0.0033927330745821167
65,0.00016687276159255005
66,0.00015607187335889088
67,0.0032050927631054014
68,0.003342627907895682
69,0.00015799024972027261
70,0.0001571508520146023
71,0.0036309973552704046
72,0.003011427776347961
73,0.002957382169032277
74,0.004139694604655143
75,0.0030718897819185967
76,0.003292706819995647
77,0.0001681655135546275
78,0.00015790224634987325
79,0.0001601952809930341
80,0.030154884238178636
81,0.00015830533900421491
82,0.0041086712359646145
83,0.004889910071007101
84,0.00017059073833416681
85,0.00016976742900032008
86,0.00015941206445699847
87,0.0034169187593236896
88,0.0030051868187988876
89,0.0030504187096148877
90,0.01670893993919293
91,0.00016165684905690512
92,0.0001645351548916229
93,0.00016748835422081631
94,0.0032873174190740616
95,0.00015858134169797819
96,0.00015699169260161887
97,0.0031175840842007146
98,0.00016282680118763094
99,0.0030248999602570047
100,0.00016511047003851145
