1,0.00016855496620356338
2,0.00016267730891747161
3,0.00015893297706236328
4,0.00016351009972290578
5,0.00016734455667818748
6,0.0001765032463241368
7,0.0001657047058046917
8,0.00016967361217865248
9,0.00016703866731500853
10,0.00016091491737211006
11,0.00015847854354255
12,0.00016386709334723507
13,0.00016140413273126028
14,0.00016147215528433272
15,0.00017841173549525908
16,0.0032091925161950217
17,0.0001630933491278437
18,0.011707219840984114
19,0.00016881884799211454
20,0.00016506022275613198
21,0.0031941095232533297
22,0.014050363353321032
23,0.0031025314747025754
24,0.00017124904512019355
25,0.0052506979796299825
26,0.00015413085910486097
27,0.004858443109912298
28,0.003384192597912142
29,0.00016406343491799237
30,0.0033998218878200596
31,0.00016255469824452421
32,0.003954420131794211
33,0.00017302895833529424
34,0.0030966960455647958
35,0.00016635863996981666
36,0.0001685446462455466
37,0.007209175043040795
38,0.004917180223164697
39,0.0033614123629893237
40,0.003959710284991019
41,0.002993088931384862
42,0.00016478420403265775
43,0.0001608114149369708
44,0.00017320607925990655
45,0.0033293477804729795
46,0.003399801781134226
47,0.002977236113242691
48,0.003034100339573125
49,0.003323512771602725
50,0.02213709725529101
51,0.00016676011078631912
52,0.035012603999999996
53,0.00015711766131247884
54,0.024320236818521287
55,0.0029862631794677764
56,0.0029719255581069017
57,0.0033705044780815217
58,0.0029950668966359363
59,0.0030320470208160927
60,0.003035842429888833
61,0.0034351721099010143
62,0.002970969444949955
63,0.00015489833787318556
64,0.003349934844903348
65,0.0037518412172632873
66,0.0036597341849148417
67,0.0029885026532830384
68,0.013919417719534049
69,0.002956791554116446
70,0.003002299550473662
71,0.0033680788251076745
72,0.0033810484499714934
73,0.0033552797201583224
74,0.003009981554927043
75,0.005424558050049829
76,0.010126162190414924
77,0.03704017815432742
78,0.0072360386901997205
79,0.003587577999459261
80,0.0033877195686107565
81,0.003382182928925806
82,0.006387589096651926
83,0.003140685544471076
84,0.0030688391991669827
85,0.0029826095407700843
86,0.0029469874624103057
87,0.002940505986024365
88,0.0030321831364497794
89,0.0030146932345322007
90,0.003085762320155541
91,0.00625654247823446
92,0.003351467699951018
93,0.004248037813043478
94,0.0030872511712936
95,0.004609200241020794
96,0.0029566798995675834
97,0.00308767965901094
98,0.0030341158261089664
99,0.0036255253778571953
100,0.0033228276367396415
