1,0.00018447926141088695
2,0.00017271588245180715
3,0.0001676762952236473
4,0.00016165991306481495
5,0.00015742333120651907
6,0.0001715208567016244
7,0.00016992606288511312
8,0.003414200830632092
9,0.00016775126351138627
10,0.00015764739843965485
11,0.00016196009898674981
12,0.00016014321644676341
13,0.00016127456686868257
14,0.005432121144832331
15,0.00016365376956390646
16,0.0033027710648659728
17,0.003372509647418101
18,0.0001681469336304772
19,0.00016546443498722228
20,0.00015870252726809942
21,0.00017057034630791538
22,0.003213585166499502
23,0.003007074241953523
24,0.0030938625693700712
25,0.00016274568249539316
26,0.003364412788516428
27,0.00015875212165423615
28,0.003405890188665659
29,0.003371299583829911
30,0.0034084707983790706
31,0.00017272380279655163
32,0.003368837684759706
33,0.006399057746748278
34,0.0030408598735032826
35,0.00016642220579990826
36,0.003197602611190785
37,0.00017064298322705106
38,0.0032301492580376436
39,0.002994728050624589
40,0.0030721669585791543
41,0.0033978626096225757
42,0.00015852973075803462
43,0.0033881747819015226
44,0.00293060641756988
45,0.00015796842302802423
46,0.00408498148709056
47,0.00298544070192097
48,0.00016394176427111766
49,0.0034784685154386945
50,0.00015810673057416985
51,0.0033394544667376415
52,0.0029630569131226837
53,0.00016688548624677453
54,0.003873562899232677
55,0.0029406375008080854
56,0.0030135873208983937
57,0.0033644604381064393
58,0.0030106154050625264
59,0.00017303681767907078
60,0.00016599289539862702
61,0.00834697225931646
62,0.00015928563666025737
63,0.00016216668377224116
64,0.003825583619008614
65,0.0033304699852039735
66,0.0001554657375427715
67,0.0034657959366669357
68,0.0030165621625063677
69,0.002989682819897733
70,0.002910957297436848
71,0.00016057131939693398
72,0.00017113277711706447
73,0.0032009721071717167
74,0.0001571497902501126
75,0.00016349617047762402
76,0.00015948318333333335
77,0.004827837096793994
78,0.00329654353793632
79,0.00017147326027829805
80,0.00017160741025313794
81,0.00016786866781835465
82,0.00015833465320991093
83,0.003957956606336436
84,0.00016975747752791753
85,0.00016333266570896476
86,0.0001626064917196937
87,0.004004361070934279
88,0.0001635479339481774
89,0.0032803434887281563
90,0.0029648440797182232
91,0.0030201333599499305
92,0.0044990651242887095
93,0.0001535720800406997
94,0.0001635083399952507
95,0.00016296515216243215
96,0.003202887901552603
97,0.00016118827849655756
98,0.00016776234777151301
99,0.004791993195566524
100,0.003022373559708931
