1,0.0001609831628757673
2,0.00017222088442089224
3,0.00016007408084693327
4,0.0001648351405192523
5,0.0034276312670585346
6,0.00016694748824712104
7,0.0001614253448477358
8,0.00016149756464508644
9,0.00015940388047712496
10,0.003158382016871165
11,0.00015612097039436137
12,0.00015688435173102022
13,0.00016338531546320986
14,0.00015984249804407188
15,0.00016966552131944
16,0.00016252671649529357
17,0.0031841850708388244
18,0.002950853232466412
19,0.00016430548371854854
20,0.00015600057791948985
21,0.00015774857894377138
22,0.00016642482537733555
23,0.0001672682049497456
24,0.003457851735965255
25,0.00016328634883448277
26,0.00016012191565877902
27,0.00016710459163199115
28,0.00015994096857930887
29,0.004202912735088831
30,0.0029711918846083173
31,0.00016223976868598347
32,0.003456188895618797
33,0.006016790901960785
34,0.00016491348028551393
35,0.056027176080476894
36,0.0042148585105452
37,0.003333429771609276
38,0.003358556556120671
39,0.020642103260146375
40,0.004308629456911675
41,0.002983423209507809
42,0.0033492765828337474
43,0.0001570622272725026
44,0.00015989103840253411
45,0.00017047228092389644
46,0.0001622667529757501
47,0.00017527621409477352
48,0.0036987356038948728
49,0.0001570513426348589
50,0.00016223734886334926
51,0.009825450202664395
52,0.00016613028170979775
53,0.00016898714183849085
54,0.00580293212168063
55,0.0033520778024417317
56,0.0001603886102495174
57,0.0034100689602921744
58,0.00015900493213383838
59,0.009041705636295949
60,0.003369374403894292
61,0.00015681991416180348
62,0.002975735559916239
63,0.00016485755494694305
64,0.0033999768659205096
65,0.0037191824058426057
66,0.00016626141072703174
67,0.0033511901065662146
68,0.002984644569982095
69,0.003011808847210661
70,0.004208051591107236
71,0.0001656725164418167
72,0.0031588111055539957
73,0.003004654701567189
74,0.00016680427249925672
75,0.00015892341524748095
76,0.0031419286205554065
77,0.008227106470588236
78,0.004268857834291972
79,0.003348065354274749
80,0.003763734093093453
81,0.00016568319083866303
82,0.00015859609438567942
83,0.0033497505712938584
84,0.00016801745021735487
85,0.00015851604932095738
86,0.00616179517273487
87,0.00015671166278705579
88,0.00016566543512724539
89,0.00539476857075266
90,0.0030661394815852676
91,0.03122913358843538
92,0.02508178987246812
93,0.0001601260169537798
94,0.003037430266401862
95,0.02639313473400154
96,0.002964541846637957
97,0.00016899525959537579
98,0.0030491560383271066
99,0.003505748637779871
100,0.0033271772372207757
