1,0.00016368150905359381
2,0.0031832557577531942
3,0.00016271938988453972
4,0.00016645000637818035
5,0.0032822613609257575
6,0.00015957238442269428
7,0.00016322419392866664
8,0.0001708650232882355
9,0.00016036611014474746
10,0.00016474234582904647
11,0.003391576529440708
12,0.0001667814430424067
13,0.0001584218019757167
14,0.00016097280808953407
15,0.00016605464280705588
16,0.0034395505589194224
17,0.00016279639271115498
18,0.0031894516954601845
19,0.00016925397978723403
20,0.00016187361088711754
21,0.00015416094599796668
22,0.0001713045795654686
23,0.00015468947326360795
24,0.003533189478914392
25,0.00015998873663360992
26,0.0001698158527352579
27,0.00016656151948005017
28,0.0035031233792830975
29,0.00015515994963037212
30,0.00015624026600981922
31,0.0001675001818001884
32,0.00016726931794243087
33,0.00017220385860495043
34,0.00015865692331260462
35,0.00016334182782775432
36,0.00016291916601863602
37,0.00016628216660124391
38,0.00016259517583556518
39,0.00016292675348561378
40,0.00016070956437874356
41,0.0031520328841274405
42,0.00016003118747392258
43,0.00016312094498953923
44,0.00335038865943701
45,0.00016386634908711163
46,0.00016248270787190243
47,0.0001662083307528819
48,0.00016791873430133618
49,0.00016186279496961992
50,0.0034650554151077232
51,0.00015800459292119492
52,0.00016000104022777752
53,0.0001641355147764784
54,0.00016230412651175035
55,0.00016783954617992678
56,0.0032674000244581527
57,0.0033913811537364526
58,0.0001720612411175086
59,0.003043982393832154
60,0.00017369992954991385
61,0.0001655512409349279
62,0.003164408841470826
63,0.00338427354004556
64,0.0030058657641433275
65,0.0033683838964456217
66,0.002997374645910027
67,0.00017145473969258496
68,0.0001665319832221397
69,0.0001603524517819123
70,0.00016345463003811976
71,0.00016917891372209275
72,0.0033043369896056333
73,0.003049106165303382
74,0.0001621360265286005
75,0.0034273553882801715
76,0.0029373235224934243
77,0.000158463767602714
78,0.0034069651219277735
79,0.002961609655519236
80,0.0030212251065065837
81,0.0001548485515264917
82,0.00016448033403588082
83,0.003308999105780908
84,0.003364288736206537
85,0.000171530427566159
86,0.00016777417972936305
87,0.0001651391668824415
88,0.00016218070235912024
89,0.00016396607613249715
90,0.00349684331291969
91,0.0001534156423919479
92,0.003379084241862513
93,0.00015729510748059499
94,0.0001755872654012899
95,0.00016943528545216254
96,0.00016066819735455106
97,0.0034013585917576352
98,0.003378944853711735
99,0.0029914573910296903
100,0.003353346386054421
