1,0.00016537512573833077
2,0.00016585353985016393
3,0.00016307244891187265
4,0.003249830343103852
5,0.00017712632345904495
6,0.003226350718402235
7,0.0029907945970365016
8,0.003096456225629503
9,0.00017313365374298746
10,0.00016851131331783076
11,0.00017165732083968417
12,0.00016269659322836632
13,0.003395538407648243
14,0.002984557313281299
15,0.000160460876951088
16,0.00015762235850498487
17,0.00016434234993069626
18,0.003374623475808202
19,0.0030001809537135615
20,0.00016038441694891231
21,0.00016021817412032472
22,0.003191325534706445
23,0.0001650550737002241
24,0.00016478737659101622
25,0.0031611906390945454
26,0.002956424443703389
27,0.00016050289227958472
28,0.0001627398878101256
29,0.00016697416183085294
30,0.003149503753461568
31,0.003047310932141107
32,0.0001563780195877651
33,0.003238002092153779
34,0.00016303885524033982
35,0.0030051769380671093
36,0.00016335489271161087
37,0.0034011135307138907
38,0.0033287526842977594
39,0.003034764748811308
40,0.00016314449140735474
41,0.00017197334448024743
42,0.0001684665315355517
43,0.0038809183767060072
44,0.00016087179418895693
45,0.0001675409337266498
46,0.0001710912666841284
47,0.0034954117278941663
48,0.00017203913487754847
49,0.00016431904315914218
50,0.0001760731321014486
51,0.0031948422348632433
52,0.0030577010981523755
53,0.00016068429075316652
54,0.00016365271772017628
55,0.0032174990981353947
56,0.002959968340466574
57,0.003364463479237626
58,0.0029795798166939442
59,0.00294855886965249
60,0.00015521442133529237
61,0.003916215037809178
62,0.00017330840169807913
63,0.0031295917440474063
64,0.0030012557681306806
65,0.0030658666785321337
66,0.0029282362749296466
67,0.003003574299711091
68,0.000166629875325837
69,0.004268685086617009
70,0.00015569190237311808
71,0.00015978841871807408
72,0.0036011033784056692
73,0.0001628759649351039
74,0.00016684023910057047
75,0.0031753382002064645
76,0.0001646205640049336
77,0.003028034239342031
78,0.00016895663702778114
79,0.00015740196719745986
80,0.00016300789399208227
81,0.003368197214282176
82,0.00016322057036813808
83,0.0001704590896458843
84,0.00015972060240352655
85,0.0034450521398786084
86,0.0001605573430255618
87,0.00016323778130833278
88,0.0001490885077519236
89,0.00015516640124417798
90,0.00016247698562535726
91,0.00016801870876866402
92,0.003726366994979238
93,0.003389885658557344
94,0.00016460362444873565
95,0.00015868728224421364
96,0.003264218396274777
97,0.0029650581662606953
98,0.0001687894887333984
99,0.0001670271862246457
100,0.0001622095238010827
