1,0.0001617388395406383
2,0.00016506094362554868
3,0.00016598811494337326
4,0.0001614470453244353
5,0.0001603858187075072
6,0.00016158127289163913
7,0.00016660700724254154
8,0.0001594724555021025
9,0.00016283758306694768
10,0.00016593739623097786
11,0.003481247405502351
12,0.0001771103334387992
13,0.00016133555850673145
14,0.003405071098626716
15,0.0033372724365658673
16,0.003022545227187147
17,0.003350181028838116
18,0.00016917291879934817
19,0.0001657145699881594
20,0.0033040579277170967
21,0.002923601730070732
22,0.0029567140853080567
23,0.0033828451147653307
24,0.0029315896137026244
25,0.003004598243191161
26,0.0029582340516153454
27,0.0029781297475473347
28,0.0033000589257395027
29,0.0033283302757707426
30,0.0033659624632484766
31,0.003392919592977409
32,0.0029110640588273164
33,0.00291241953654598
34,0.003317257869920954
35,0.003381537799190728
36,0.0029753016742283854
37,0.0031538849633475333
38,0.0029721579890662855
39,0.0001619354085853337
40,0.0029347361697896353
41,0.00015367759339713334
42,0.003441131128262427
43,0.003065782933020194
44,0.0030440276058530513
45,0.0033509269649670756
46,0.0029891603243797677
47,0.00016914740320955865
48,0.002996474933938614
49,0.0029958842837898517
50,0.003386520364640991
51,0.003006684336965596
52,0.0033668252085130865
53,0.002977109787234042
54,0.003054831650398691
55,0.0029926333000374577
56,0.002954003039825951
57,0.0029745464287991834
58,0.00297905727997449
59,0.0030681859973881813
60,0.0033749253591438006
61,0.0029596010094212646
62,0.003024121991821931
63,0.0030224744516802854
64,0.0029531938387203673
65,0.003362696735608411
66,0.002957113062579013
67,0.0030795336764899354
68,0.0034204116006692695
69,0.0029655055941453737
70,0.0029777899698201524
71,0.003008990731754658
72,0.0030370687336681076
73,0.00016371613949273385
74,0.003415666673486089
75,0.0029602768297417974
76,0.002997488597650985
77,0.0037335094006915102
78,0.0033618807630155277
79,0.0029818508916199774
80,0.002929307193468885
81,0.0033297815629404347
82,0.002955532379807692
83,0.0001726852479100605
84,0.003191143624071238
85,0.0029740706816421374
86,0.0029619670451039672
87,0.0030804228622136175
88,0.0036152846383448655
89,0.003319048469603152
90,0.002955956616660568
91,0.002970142171190576
92,0.002952676502426571
93,0.0030033406851143877
94,0.0030120599577529873
95,0.0029770229421870065
96,0.0029991575131955287
97,0.003338748816506074
98,0.0033533937430594114
99,0.00016165332724544162
100,0.0032442790203259264
