1,0.00016011046812738748
2,0.00016813219216906707
3,0.00016840849402262738
4,0.00016109181385569587
5,0.00015770315332725685
6,0.0001568301988134801
7,0.00016363912610396712
8,0.0001608616300706237
9,0.00016704289996839067
10,0.00015738566931728442
11,0.0001667284743454284
12,0.00016511052954422685
13,0.00016330169376147156
14,0.00016249571291400105
15,0.00016487568006280407
16,0.0001658175008049103
17,0.00016351031911060346
18,0.0001821060347451108
19,0.00015528842205447552
20,0.00015381741011937373
21,0.00015931551787082672
22,0.0001665520241019888
23,0.00016693478889197796
24,0.00016077336982608077
25,0.00016830659595816326
26,0.00016413786219383758
27,0.00016610759592051598
28,0.00016205682944447244
29,0.00017040296912947272
30,0.0001727256445578325
31,0.00015840272545090183
32,0.00016339261065886763
33,0.0001635901860265226
34,0.0001653406954636246
35,0.00016291783001172333
36,0.00017421625372050816
37,0.00016137396248878743
38,0.0001638189386931593
39,0.00015452480024771316
40,0.00016399462105086765
41,0.0001628439546864144
42,0.00016343762660039072
43,0.0001647374696955584
44,0.00016037233948214708
45,0.00017031279571169986
46,0.00017388660723019903
47,0.00015279325765108563
48,0.0001645648612652636
49,0.00015528853081490026
50,0.0031618089787632726
51,0.00016766771456252997
52,0.0001619992517054612
53,0.0034041144173327723
54,0.000152156361356716
55,0.0001670783502495711
56,0.0001633127712519688
57,0.000159945240439266
58,0.00016879375957537068
59,0.00015964711467684157
60,0.0001670713431434101
61,0.00016160423742758219
62,0.000166824136134561
63,0.0001651543486125298
64,0.0001598957985134386
65,0.004442297118533124
66,0.0001766495050821907
67,0.00017248568680684848
68,0.00016214117033897725
69,0.00016024693187816693
70,0.00016230235798991695
71,0.00015631085721521754
72,0.00016066986508490345
73,0.00015942991830442588
74,0.0001546984740675208
75,0.00015330097059253165
76,0.0001580833691493099
77,0.00015993523079991205
78,0.00355080240175182
79,0.00015565638702727798
80,0.00016426784650940059
81,0.00016135234829884825
82,0.006791343750189038
83,0.00016822560605974694
84,0.00017120835062621822
85,0.00016059226548510665
86,0.00016758140839473552
87,0.00016647342180850687
88,0.0001658694233586363
89,0.0001670150752130086
90,0.00015624172920677393
91,0.0001623782142351727
92,0.0001721021471794925
93,0.00016630237744323295
94,0.00016718688309854182
95,0.00016065869121879717
96,0.003201784026746474
97,0.0001537069958469009
98,0.00016356330522774144
99,0.0001576920953019039
100,0.00016617017347148337
