1,0.00016040888084320736
2,0.00017335386140399404
3,0.00015926265210931657
4,0.00016454735340574615
5,0.00016573817598063354
6,0.00839033703219231
7,0.04417150468227425
8,0.00016715369170282698
9,0.0031055073653846158
10,0.003003842544438163
11,0.00017169538612321427
12,0.00016631535043446958
13,0.01194147838199622
14,0.00016050096708842648
15,0.0001633380248039029
16,0.009290903106779514
17,0.003362151191807633
18,0.00016236808195833162
19,0.00016044946804995706
20,0.00016430744646149956
21,0.003490966706495121
22,0.004971826641528406
23,0.14426346237785018
24,0.00017302666883040678
25,0.01574396642844874
26,0.0297357506916192
27,0.00017395722929188165
28,0.0033749392150739126
29,0.00016739521746540796
30,0.00015908996786717078
31,0.003499941160543197
32,0.008534985263439421
33,0.003411243330207056
34,0.00016347149359532352
35,0.003571228301907726
36,0.060849766788856306
37,0.06441093211446743
38,0.000160566068732863
39,0.02366739251517195
40,0.00016324818508301668
41,0.0029459059309262167
42,0.003003579019031883
43,0.06314460922712933
44,0.00015472717592465186
45,0.02935431469565217
46,0.003022896823857858
47,0.11588821984126983
48,0.00016943260300478032
49,0.2017375464285714
50,0.004420621344105435
51,0.012619209079804562
52,0.029859972988958997
53,0.00717001842930764
54,0.008813024135527047
55,0.06233148085585586
56,0.00016908912566323685
57,0.004806918177857248
58,0.1815128875984252
59,0.00950757572629271
60,0.05951615272206303
61,0.005149352759723512
62,0.0001671070293069438
63,0.055410942249657064
64,0.2180443418269231
65,0.08347589576771654
66,0.008439845788787481
67,0.0055873526610802846
68,0.003632397272148492
69,0.00016941400642521269
70,0.031342132298136635
71,0.003659147856898779
72,0.007012628466432645
73,0.03764002348119576
74,0.009470217220588235
75,0.00016514220512028554
76,0.006027746035417273
77,0.08768003376753505
78,0.00297578031358885
79,0.08768153310139166
80,0.023181379103915666
81,0.006534521468691491
82,0.003119415698429184
83,0.00016822355762872025
84,0.00016479287039032332
85,0.005552677282267232
86,0.003935829047611517
87,0.06349917300469485
88,0.0030181310575889755
89,0.03550638196233895
90,0.03984374593582888
91,0.043943471612903226
92,0.00016315555908842698
93,0.021561125998575667
94,0.00948406259877085
95,0.00016509443030119015
96,0.007529763432869947
97,0.0037099722291392885
98,0.01751642573998839
99,0.00016389008569799422
100,0.08831199521384929
