1,0.0001691978560143639
2,0.0001658709949196044
3,0.00016712628228291235
4,0.00016113230885126133
5,0.000176152042950798
6,0.00016113279815658832
7,0.0001630646928880196
8,0.00016965308511862016
9,0.0001733287040954706
10,0.004333097110517014
11,0.00017502025724624648
12,0.0037199249521583455
13,0.0033688508670520227
14,0.00015954812740376288
15,0.00016928790139738892
16,0.00016530102093993598
17,0.0001718054519388938
18,0.00017507191420518416
19,0.000173144993053704
20,0.0032164154197670664
21,0.000156270974748118
22,0.00016370283989902275
23,0.003794115932621936
24,0.0030736720867900447
25,0.006145758812877263
26,0.0001662350710185086
27,0.00016495661527266112
28,0.0001698294191844193
29,0.00018095623822293765
30,0.0001728833080078118
31,0.00016073085212622406
32,0.0032623624095925005
33,0.003047718454989358
34,0.0030163493266197523
35,0.0001610129784198964
36,0.0041864173296091356
37,0.00017375882541549603
38,0.008946458955077785
39,0.0034854631883850665
40,0.003361378269147866
41,0.0033850876995204352
42,0.00017199954504469047
43,0.004396849311695853
44,0.00016760809465127935
45,0.00016475626357711804
46,0.0038427492923680953
47,0.002942915231848323
48,0.00016313951666666664
49,0.0036604781807881652
50,0.003390054583124955
51,0.0030300745372686343
52,0.000171980051735396
53,0.006386341651785714
54,0.0030010080203730976
55,0.00016482228904604726
56,0.00017810130419493997
57,0.0030574139942865512
58,0.00427584400866643
59,0.004816133631573715
60,0.0036329467623472983
61,0.003995088973008559
62,0.004642644919595069
63,0.008059890870005058
64,0.00300676234744816
65,0.00017129375921409777
66,0.0037469882446261728
67,0.00015885831246983834
68,0.0032928103357780314
69,0.0029623068050298935
70,0.002990544467382328
71,0.005971461673104781
72,0.00015926807441253265
73,0.00015529368092836337
74,0.0032594581425428922
75,0.003072004572177136
76,0.003380570062495562
77,0.003104995175842993
78,0.0033933445040411465
79,0.0029469606193067185
80,0.0001610966886768886
81,0.00017416088961134919
82,0.00017159604677789182
83,0.0001668287287455438
84,0.0001712238495086629
85,0.006535560396511449
86,0.0030473251763322878
87,0.0001738262610229277
88,0.0029504735422109262
89,0.005605920509977826
90,0.003022027117501685
91,0.0033888746880064826
92,0.002956328975286317
93,0.0030300582054560952
94,0.0030940705623667387
95,0.00015623415241492792
96,0.0033531659032846484
97,0.00016338093617317975
98,0.005899308422606054
99,0.0030225225801983058
100,0.00016532479431399005
