1,0.0001696592409513124
2,0.0001655653735479095
3,0.00017008579086010497
4,0.0032157673102108974
5,0.00017726887324858072
6,0.0001689360117298448
7,0.0001781737961382789
8,0.003073847113513514
9,0.0001781464333052282
10,0.00017573351159032037
11,0.00016638128646213866
12,0.00017357224357429163
13,0.00016304607394508787
14,0.0030927459626485573
15,0.00016580442740936859
16,0.00015892534061703035
17,0.00016221996349391439
18,0.00016347078475566356
19,0.003093590829447035
20,0.0034130467105729055
21,0.00015886009466558685
22,0.0035300107478456193
23,0.0029799708004647463
24,0.002998504374179841
25,0.003090058920059163
26,0.003422393872253705
27,0.00017975821869563338
28,0.003216470753517433
29,0.00016148727854870107
30,0.0031454654883114773
31,0.00016405528742794825
32,0.0033014010840977976
33,0.0033657487582254295
34,0.0030589749523826613
35,0.00017536934594622567
36,0.003321942923861982
37,0.00017307474220279326
38,0.0033283178327049297
39,0.0030021420634920638
40,0.00305904603276171
41,0.00017688107838815563
42,0.0033399724956360345
43,0.0030289049226724734
44,0.0001606439918301543
45,0.003583882910608088
46,0.0030427692970852347
47,0.0033757986699069044
48,0.0030067667510922562
49,0.0029595840463190735
50,0.002924065289256199
51,0.003342464797998283
52,0.0030205327305171874
53,0.00017149704310632456
54,0.0033723660787530756
55,0.00015988465952576132
56,0.0034338200655492164
57,0.000165147819293549
58,0.003349225744421325
59,0.0030098704065089467
60,0.003382657210119946
61,0.0033297727253727184
62,0.00335795125777374
63,0.0033138799613183327
64,0.002939101065725011
65,0.003316329403745426
66,0.0030408448806285887
67,0.003014067826900091
68,0.00016301670621451695
69,0.003445566962413293
70,0.0033597816151322677
71,0.003017606254720455
72,0.003016070358874878
73,0.0029511904844720495
74,0.0030207494257841446
75,0.003346758195780106
76,0.002994394088106287
77,0.0033586623828457825
78,0.00337301994230169
79,0.0030203326088306523
80,0.0030134657889828403
81,0.0033355254268461958
82,0.0029821203603798323
83,0.0030530104956072697
84,0.0029607094814500866
85,0.0033297006277311506
86,0.003019299684940139
87,0.0029586094450927006
88,0.0029861569688644685
89,0.00336812632735645
90,0.002978516883200827
91,0.0031296974519289572
92,0.0030366645926251648
93,0.0029837311878166393
94,0.0034167880896644677
95,0.0029439378578899203
96,0.0030088562803630785
97,0.0030189353677683686
98,0.0033840782542058742
99,0.0030222848639953367
100,0.0030202959642729155
