1,0.000171573558129096
2,0.00016406172140036703
3,0.0001606854760973911
4,0.0001657395352312884
5,0.00016794228936630072
6,0.00016568027876197225
7,0.003505734717940814
8,0.00015834792206346633
9,0.00016445025372888657
10,0.004022373346822236
11,0.0001642574404449255
12,0.000164587281943898
13,0.00016182209284593225
14,0.00016073435957686128
15,0.003317384274663377
16,0.00015919328731417537
17,0.0032978423220449836
18,0.022024938644428674
19,0.003363802678494641
20,0.0001693423360095046
21,0.00017278513997764518
22,0.00016725292482260611
23,0.00016381297774971872
24,0.00017570446844576267
25,0.003322441737163561
26,0.00016220625338209292
27,0.008927281115313887
28,0.00017336019891694366
29,0.009272213553888674
30,0.004098892549642208
31,0.0030274173471331513
32,0.00016519032849403393
33,0.008466292448666977
34,0.003088579351722764
35,0.025253405942028982
36,0.006789957365892713
37,0.017380523623445825
38,0.004292530303967484
39,0.008048743036848794
40,0.005657607114055299
41,0.005636391588194764
42,0.0035842058821346397
43,0.0030437604802401206
44,0.0035905225438701213
45,0.003889739032773781
46,0.0029941959368015893
47,0.0001681587264567747
48,0.009541962316010812
49,0.003037637736682171
50,0.0031715927892432775
51,0.00932485469935785
52,0.0036156341777810893
53,0.03557196658291458
54,0.007076131716262978
55,0.008135971670515782
56,0.0056931485585037895
57,0.002975122952525367
58,0.02243380161883738
59,0.003090857614732438
60,0.02737050692821369
61,0.003115241957614389
62,0.00296426128600759
63,0.005012996625358459
64,0.004081426000986802
65,0.04629004479048698
66,0.002977864515973826
67,0.0029935901957022257
68,0.028525609011857703
69,0.0029851954325095056
70,0.003022447902876782
71,0.0030112172143029713
72,0.0029538694345954157
73,0.0029856736139812342
74,0.004741626223807347
75,0.04008500304695305
76,0.11523196831168833
77,0.003293275996224833
78,0.006017848489208633
79,0.03296985402684564
80,0.027964037661812297
81,0.003028913986724393
82,0.06956570281923717
83,0.05373957480417754
84,0.0029687006293360537
85,0.002956507695788585
86,0.013648173977122745
87,0.05143337321204516
88,0.012709595024772914
89,0.00960939051466188
90,0.002998392775974026
91,0.0030230238116912673
92,0.04317552223451328
93,0.033488043345487696
94,0.0030284245553989604
95,0.0029823069423272363
96,0.0033964396164686164
97,0.004281991249821861
98,0.0029912360962898623
99,0.003083374991813478
100,0.004137709737493128
