1,0.00016378431016475005
2,0.0001626553785914907
3,0.00016845079572908945
4,0.00015980913766123776
5,0.0001690537914806741
6,0.00017292125464400814
7,0.00016853715043275928
8,0.00016252452378592893
9,0.00015861116100230577
10,0.00015710880248801667
11,0.00017333833328547229
12,0.000158965814898496
13,0.00018824260181306228
14,0.00016118083018952376
15,0.00015406514989867976
16,0.00016266735908920598
17,0.003547810641853326
18,0.0001659487743647258
19,0.0001674870372711375
20,0.0033937579364657876
21,0.00016789278779509367
22,0.0030162175384882356
23,0.003020325259846519
24,0.0001652729189008698
25,0.00017528030706753523
26,0.0034867751774584482
27,0.003416016658176261
28,0.00016574729045177773
29,0.00016180996233997047
30,0.00016840778821822366
31,0.003433683046231087
32,0.00016033145875949222
33,0.0035256147956609493
34,0.0030478863102807396
35,0.00015489399620590355
36,0.003649850637670443
37,0.0001607374544222139
38,0.0031786075713375345
39,0.00016743514136228617
40,0.0032885512971896516
41,0.003053345964628223
42,0.0030116741890344645
43,0.0033829490720966196
44,0.003388708934560765
45,0.0029810217882810124
46,0.00017218955296034039
47,0.00017147046501591698
48,0.0034372728851968988
49,0.0029914894314445944
50,0.0029679329300911846
51,0.00016862546722272434
52,0.003181129119721164
53,0.00015862374703304896
54,0.0029716942446849437
55,0.0029973562075315935
56,0.0029970748540372673
57,0.00017007041904570732
58,0.003472572555481395
59,0.0033402356348700515
60,0.003330899872624622
61,0.0030186751453121054
62,0.003355774120930907
63,0.003099655372122676
64,0.00016676250992757544
65,0.0033760247596884016
66,0.0030402533795387634
67,0.003063303747199999
68,0.0030471341006758214
69,0.002983306587960348
70,0.003350819463442149
71,0.0030764195814308453
72,0.003445554944366664
73,0.0033730938906868036
74,0.002936626575623717
75,0.00300617183141345
76,0.0030591763856067295
77,0.003143714962251201
78,0.00338255460173913
79,0.003370892610007628
80,0.0029947965174615585
81,0.0030052721332097456
82,0.0034123836172309427
83,0.0029755351243136857
84,0.0036641241373003295
85,0.003013749940673203
86,0.003369288313652074
87,0.0030136774248953843
88,0.0030466013679544012
89,0.0029622369687708912
90,0.0029522458747772025
91,0.0032641386529209623
92,0.0029533745850362134
93,0.0030165803087687766
94,0.0029671994955583754
95,0.003005841072947334
96,0.0029731970931320562
97,0.0031257997967076554
98,0.0033924312238267145
99,0.0033866357789016314
100,0.0033216162624880603
