1,0.00015942123089431984
2,0.00016409612170570622
3,0.00015813295697771355
4,0.00015756201743150481
5,0.00017032008864533801
6,0.00016630892594173875
7,0.00016623192426419564
8,0.0001557038131557139
9,0.0001561054725262515
10,0.003409991455081917
11,0.0001630969051483075
12,0.0001611023583894125
13,0.003124123801543378
14,0.0001612700715055287
15,0.0033269822321235496
16,0.00016559811483436943
17,0.00016164717630876206
18,0.00016130433118527408
19,0.00016073956841949368
20,0.007398141010203413
21,0.00016522860962198604
22,0.00015990986227208809
23,0.00015973025093373526
24,0.00015937217263910052
25,0.0034081551418968336
26,0.00015869637670237207
27,0.0035079179159663862
28,0.0033384060956571106
29,0.00016607381606004198
30,0.003617202369828598
31,0.019813327475728157
32,0.006504439977916342
33,0.04731422444444445
34,0.00016131847158594158
35,0.00016831504537667143
36,0.00016061586169379053
37,0.0001659877009665931
38,0.00017314345138773866
39,0.00016176847019429606
40,0.004934165133225355
41,0.00015645684759835996
42,0.00016218651590590543
43,0.0001621769491212772
44,0.0031911753284157695
45,0.00016487782174476543
46,0.03361085243462579
47,0.005729985699214629
48,0.004308065550004461
49,0.002969112537573033
50,0.0001643171969029026
51,0.0032452723353245177
52,0.0050763034575026225
53,0.00017577974102140728
54,0.00017499720945490462
55,0.0034589176657439697
56,0.04270103154627539
57,0.013992016007359704
58,0.005871599591787729
59,0.1806314988372093
60,0.012042111726424361
61,0.014186182132899629
62,0.0001661507560375679
63,0.005002232033414106
64,0.02378055665308893
65,0.002930278013599354
66,0.03606926583880038
67,0.0036398932169982557
68,0.021898531263383293
69,0.07480497435008665
70,0.12976403958944283
71,0.005893484093998836
72,0.004182105483480366
73,0.005302002522041731
74,0.003054740954854431
75,0.005937861077844312
76,0.0030338664364551733
77,0.0030215714791017654
78,0.01623132203525641
79,0.022349292195767194
80,0.0001561443963336567
81,0.0043015693552446495
82,0.0031663587397045365
83,0.003944645943979947
84,0.003321181020914569
85,0.05914250076923077
86,0.00015662249443047842
87,0.004379364985516534
88,0.00015810852910576317
89,0.2025017953125
90,0.0029990411258025555
91,0.0033417870511576325
92,0.00015825320608184776
93,0.09058057391304349
94,0.003033499763864793
95,0.0030770386379562974
96,0.004268698250244049
97,0.0029863051438122875
98,0.004761831265909536
99,0.002997927196729314
100,0.007060322754217967
