1,0.00017049303289885494
2,0.00015763318952766002
3,0.00016101702958693816
4,0.00017054520823231507
5,0.0001617440086125885
6,0.0001757700085054495
7,0.00016417376710981945
8,0.003194138552371575
9,0.003001593872547713
10,0.0001708639823015307
11,0.00015768858441321217
12,0.00015488347759194004
13,0.0031033640991316933
14,0.00016475674847298125
15,0.0001683730202774683
16,0.0001605386892706342
17,0.00015563168849367618
18,0.0001655748115676883
19,0.00016095919142443667
20,0.00016926648190573103
21,0.0001574312952140025
22,0.00015966662733624424
23,0.0001593658467927413
24,0.00017182428485233882
25,0.00017043930655481952
26,0.00016339254568120156
27,0.003448173563663004
28,0.0001683746802313006
29,0.00016215443789062105
30,0.000159652644177161
31,0.00016853908529599625
32,0.00017364281342872867
33,0.00017625274273700306
34,0.0032594025899449833
35,0.00017310538646268792
36,0.00018304849342311853
37,0.00016834663300565182
38,0.0001704103833542626
39,0.0001636779963315866
40,0.00017608718656787382
41,0.0035327563792363365
42,0.00015616619565665178
43,0.0001576055899353961
44,0.0001702596064890755
45,0.0032436587767830935
46,0.00016374522949722775
47,0.00016124702444098303
48,0.00016504381765832955
49,0.0001627626321578377
50,0.00016613462291421039
51,0.00016456043301141948
52,0.00018299533288119486
53,0.000167781140650504
54,0.00016984731738224618
55,0.003232755358259553
56,0.00015568632708451048
57,0.00016218163817745704
58,0.00016636265799753835
59,0.00015984998243856975
60,0.003182017990481199
61,0.00015314162156818896
62,0.0034070896900011342
63,0.00016551760254493366
64,0.00016392016172764954
65,0.00016662697965943098
66,0.00016187578863044493
67,0.00016038301032252918
68,0.0033728122973477777
69,0.00015973285788008053
70,0.0033994229071435595
71,0.00015507083763886302
72,0.0033412901203064903
73,0.0031011958280856423
74,0.00016082224957138957
75,0.00015833581072381765
76,0.0001575512329840198
77,0.00017213455116307536
78,0.00015410865163143246
79,0.0001583304277254127
80,0.003510148907206563
81,0.00016968587843717525
82,0.00016581590487997833
83,0.00016812498792737106
84,0.00015913183861688862
85,0.00016774489576871018
86,0.00016848579940856396
87,0.003445864906494917
88,0.003368164600840336
89,0.00015931888581982305
90,0.00017626740597120755
91,0.00015612159090340745
92,0.0001603583116749352
93,0.00016408187197054278
94,0.0034261147224642088
95,0.00015564328369866887
96,0.003277984885408702
97,0.00017494604446090348
98,0.00016704871412850602
99,0.0031898334503188733
100,0.00016025792180800145
