1,0.00016513273886641764
2,0.00016540786311538657
3,0.00016515211183368915
4,0.000167240037339012
5,0.0001622563529748869
6,0.0001606453075927144
7,0.003764345079057761
8,0.00015969744138868449
9,0.0001625025181357489
10,0.00016319093369674583
11,0.00016009935470552198
12,0.00016582620150631377
13,0.00017031248160205727
14,0.00016353770271520916
15,0.00016796634617966246
16,0.00016521360197088006
17,0.0035344777807495664
18,0.00017083132377409914
19,0.00015526610280483413
20,0.0030790205509607
21,0.00017484395156812526
22,0.00017234041860197794
23,0.0034776995046151235
24,0.00016752912589040203
25,0.00017199021367938334
26,0.000166836276674025
27,0.007374925530884619
28,0.0033649348101732405
29,0.00015596920349145518
30,0.00016679363661253364
31,0.0001629089585855932
32,0.00017527321417275105
33,0.0001614036469587295
34,0.0001689699225085923
35,0.006289351155249241
36,0.00015906689600250003
37,0.00016833913949106647
38,0.00016257760750409782
39,0.0001690875396683804
40,0.006137897981602382
41,0.00016833324845299576
42,0.0001621095133077779
43,0.00016306263411731118
44,0.00016775068689943218
45,0.00015479099852715267
46,0.0033911780113955545
47,0.00015860723706613943
48,0.00015651194171535456
49,0.00015414441484142049
50,0.008176464973905557
51,0.00015722186211065278
52,0.003399942206069387
53,0.00017393439362024753
54,0.00016412846907772898
55,0.0001679062812343002
56,0.0001659957044263401
57,0.007763516726400187
58,0.00016269798651107574
59,0.00017603256863050362
60,0.00016741762421457345
61,0.0001601752443958169
62,0.00015518284254649386
63,0.004053019891396199
64,0.00017017720643669538
65,0.00017083031967332846
66,0.00016617805891669756
67,0.004028247960809834
68,0.0029942926297169816
69,0.0033643197025889733
70,0.00016654270892470889
71,0.00016206959596780753
72,0.0035043979529075
73,0.002938305685803951
74,0.003592163564773736
75,0.0001604656519690591
76,0.0001666439048975457
77,0.0001620509329995006
78,0.0034846703767434247
79,0.00018195081313730275
80,0.00016215418420262848
81,0.0001616776824853112
82,0.003169793168604222
83,0.004131893557995064
84,0.00016631612937173933
85,0.00016618918452113775
86,0.0031486436408385155
87,0.00016025266846968458
88,0.00324235469300985
89,0.00017211032926746977
90,0.0001650018072560021
91,0.0001715841771149895
92,0.00015900671775862066
93,0.00015039318459822852
94,0.00015556063236653572
95,0.00016948945857546134
96,0.00016631384160038055
97,0.00016888634560866238
98,0.0034578564424635324
99,0.0348712402584493
100,0.00295661618760426
