1,0.00017080101849522596
2,0.00016866969648387685
3,0.00016861415422991794
4,0.00017364474769140999
5,0.0032383074885079127
6,0.00017794776664838496
7,0.00015957389020350213
8,0.000160089815482708
9,0.00016541073271143564
10,0.00016740771104595275
11,0.0001623207665403672
12,0.00016706106200807986
13,0.00016397881395124975
14,0.000162492050755738
15,0.00017033327391334553
16,0.0001592379198290078
17,0.0001548091305903164
18,0.00016164818175013355
19,0.00016328256095822044
20,0.00799796938013555
21,0.0001645259498368347
22,0.00016745855933853862
23,0.00016364355787231344
24,0.00015252309018669573
25,0.0001632755717758996
26,0.00015967687596636626
27,0.00015687970594640584
28,0.00015358233313966853
29,0.00016788105965059971
30,0.00016540245297115563
31,0.029652443172179813
32,0.0033745714656152315
33,0.0029873088593299034
34,0.006574274469207439
35,0.027683205531732414
36,0.00016281151990539183
37,0.007978473660457168
38,0.003363632559965734
39,0.031449950176991155
40,0.02763907007512521
41,0.027226115575620765
42,0.03897706040582726
43,0.00016800741592157858
44,0.00015706071239580843
45,0.0001513704850505169
46,0.00017261258579103552
47,0.02221095396988123
48,0.0001674207727972006
49,0.00016879268121299196
50,0.00015882088469979013
51,0.00015921468659364318
52,0.00016198678959980072
53,0.008001498788552186
54,0.00017273040042935936
55,0.03058915167504187
56,0.0001648343735168146
57,0.00017366918637207074
58,0.023974186864745783
59,0.00016113058855480797
60,0.00016543314216572194
61,0.00016460165345181133
62,0.0001686878894456307
63,0.003337389148934826
64,0.03186358278116827
65,0.015464246561385633
66,0.003064991930415506
67,0.003390231752411575
68,0.0001669797732823976
69,0.006922264350323339
70,0.005637047077743062
71,0.006236469027271585
72,0.0033613833063209078
73,0.025455445050215207
74,0.00017344817682760888
75,0.0001768033515116616
76,0.0001717655277002731
77,0.04218254625425653
78,0.0001648324253933109
79,0.00016721627723455485
80,0.006811013514614162
81,0.003107475317972685
82,0.00017100119507831448
83,0.00017081192443307522
84,0.007968677604316942
85,0.0001611588553771027
86,0.003857012759716927
87,0.00017720249275202254
88,0.003000083294786463
89,0.0030377340507654065
90,0.0036898928369925176
91,0.003008431555114447
92,0.00016442596644182007
93,0.005556062111603573
94,0.0030843197263901146
95,0.00016372113471509642
96,0.0001730100139839521
97,0.04115792104984094
98,0.00016469282976574283
99,0.05003370193548388
100,0.0001676282526993078
