1,0.00016988517108206344
2,0.0001606369024297336
3,0.0001649118460342782
4,0.0034628262037627554
5,0.00016292421747792757
6,0.005606048208754451
7,0.00016707486884071386
8,0.0001760284992503522
9,0.00015593356724184627
10,0.0001606219181319158
11,0.0001667653502127218
12,0.00016011724647332893
13,0.006679960237931011
14,0.0029654758916408666
15,0.00017762479431800984
16,0.0001584899880393343
17,0.008625659855113614
18,0.0033635095934018227
19,0.00017096750153086147
20,0.003282214619067341
21,0.00017330455231424652
22,0.008428713826870465
23,0.0030058766707441657
24,0.003078375571482698
25,0.007166063250283125
26,0.0001552578113692844
27,0.030125356090534974
28,0.004099840246484838
29,0.0035769358144231915
30,0.00016747132385154572
31,0.00016102005304801916
32,0.000171561342171044
33,0.00016738449727423063
34,0.00016509810055210445
35,0.00016642769829737215
36,0.00015673442308748953
37,0.0072957499664951285
38,0.09123652259414225
39,0.00016180270664811297
40,0.04064448248945148
41,0.0001630634251459873
42,0.006206612238325281
43,0.003465059456646569
44,0.005166233153705167
45,0.003367581094070253
46,0.00016123462419314163
47,0.05944663366564417
48,0.00016254783289712977
49,0.00016350200215332634
50,0.00015986936223285917
51,0.011361798592669503
52,0.004602700676799651
53,0.00495392083165728
54,0.0034825798671669957
55,0.002979800988009299
56,0.005621427249953609
57,0.0030148892158331883
58,0.01683875033370412
59,0.00016364365918851445
60,0.000161433136819986
61,0.00015918469933192309
62,0.011376722949123272
63,0.00017048507062504992
64,0.005543756725232918
65,0.050151614963054196
66,0.00016626086761278055
67,0.0033765207359876584
68,0.003005898394495413
69,0.00816173740880503
70,0.00016277574374935056
71,0.0031406336701187173
72,0.031152541650548038
73,0.00017302947053170328
74,0.00016404939090837662
75,0.048902211804697164
76,0.010393505064516128
77,0.00016794813371716528
78,0.00016373115690160788
79,0.03450332906862745
80,0.00016503989672138168
81,0.00016189702878835317
82,0.00016271543837987224
83,0.0001632623579678001
84,0.00016895343397785455
85,0.00016469790101169158
86,0.00016153980765206533
87,0.006352801438015244
88,0.003398809782455646
89,0.003606250330216681
90,0.0001673611890367498
91,0.003938249909028061
92,0.00016561642685646564
93,0.00017198089417617206
94,0.004618745894771456
95,0.006893382014965259
96,0.003129820243721307
97,0.002936070229767365
98,0.0327478328081557
99,0.0029945749286484427
100,0.000169934002808422
