1,0.00016029269577365956
2,0.00016546510887307394
3,0.00016306050029226256
4,0.00016189990583219982
5,0.00016485010708759432
6,0.0034786071216378962
7,0.00017085675083741304
8,0.00015489673733119443
9,0.004372564705338995
10,0.003062193661192102
11,0.0001657919728257427
12,0.00015864710066930662
13,0.00016415925335476695
14,0.00017451595039117394
15,0.0031517764124697795
16,0.00016978312974769524
17,0.0062035808983391845
18,0.00015888567484309023
19,0.004510554228919181
20,0.00015424395696302074
21,0.0032136342999272015
22,0.0029769002014226457
23,0.00016279512161959634
24,0.005185388414844248
25,0.0001665084926807106
26,0.00016600751324492768
27,0.0001608294109477098
28,0.003227141647722489
29,0.00016037537438943385
30,0.003334616455781625
31,0.003014463730143662
32,0.0001651993019969566
33,0.0001601343192860813
34,0.003295921125489399
35,0.0029911867977581515
36,0.00016872226750207242
37,0.003353491366982124
38,0.002987684905719281
39,0.00016184070855874798
40,0.00015744735032476468
41,0.00015664398181512146
42,0.004425207715775456
43,0.003380998577479704
44,0.005500606336883915
45,0.0030378980846901427
46,0.00016692870170538103
47,0.00016654841201562646
48,0.00016668167757332445
49,0.00016022339526519896
50,0.0033842472948996077
51,0.004245429484953637
52,0.00015302835035119054
53,0.003084580988396216
54,0.00016554265637045112
55,0.0001658823520117038
56,0.00017084711164508867
57,0.003594000689889293
58,0.0001654053604161595
59,0.0001684701452570627
60,0.0001714724751211054
61,0.00016586251385667942
62,0.0001582761946916666
63,0.0033524137255593984
64,0.00015673741637311077
65,0.00016323288355692258
66,0.00016607535548318253
67,0.00016534166801180947
68,0.0001618478400472658
69,0.003206209882372866
70,0.00016809703402764344
71,0.00018157315580472752
72,0.0038271064971429954
73,0.00016889058875254237
74,0.00017397054453668263
75,0.0001591143906210593
76,0.003248813726874703
77,0.00015557731931801352
78,0.0001601248321983309
79,0.00017500811080264296
80,0.00015425442670344603
81,0.0001738271531162985
82,0.00016035161426852237
83,0.00015983390289124217
84,0.0031987395327705173
85,0.00016002281603368947
86,0.00016090969390873805
87,0.00016792920767057137
88,0.00016051612866142457
89,0.00016881163164853574
90,0.004339105721293748
91,0.00016355037653233685
92,0.003444174985351489
93,0.002975980014384889
94,0.00017291796367505075
95,0.004625268707913465
96,0.00016579528559819288
97,0.0001657234662506146
98,0.0035522499038582967
99,0.00016612378174038516
100,0.0001674179263220234
