1,0.00015659223983234625
2,0.0001581363977580073
3,0.00017152032317671218
4,0.00016746377740926987
5,0.00016406859774264107
6,0.00016576678433736578
7,0.00015601806031616516
8,0.00015831565871899346
9,0.00016656835335631935
10,0.000164736206742264
11,0.00017129090533058992
12,0.00017052466224756296
13,0.0001616552161121288
14,0.00017186597497457205
15,0.00016128683689489316
16,0.00016235895679041462
17,0.003373082610737204
18,0.003389532835427998
19,0.00016448965198372694
20,0.00016778180987664197
21,0.00016205153641638762
22,0.0001550266813545772
23,0.0037301501375796697
24,0.002945148333980759
25,0.0001613288027948313
26,0.013124842345316317
27,0.002974511300319097
28,0.0033306381371316853
29,0.0030450769271514926
30,0.0030206788922343495
31,0.000168598618445618
32,0.0001637240238923651
33,0.0039173984839291
34,0.0029978300551412995
35,0.00298128592095524
36,0.00017383452179425555
37,0.0031772505267234703
38,0.0001666277746592245
39,0.0032939882038918542
40,0.0034259935131990406
41,0.002966742124874106
42,0.0034053686519942912
43,0.0030361788267682065
44,0.002971634343016973
45,0.004994847418786045
46,0.0029501066459945015
47,0.006920922021821421
48,0.004720635067656925
49,0.0029868763952020203
50,0.0033825263445698066
51,0.003010952593065514
52,0.0036082680584473524
53,0.0030221840194396797
54,0.0034313535721986633
55,0.003046107188495847
56,0.0030275771240971766
57,0.04236148260638297
58,0.0033368043747332475
59,0.0029711545598450676
60,0.003324939954900993
61,0.0035685223688883636
62,0.003015590972576531
63,0.0029681839841347933
64,0.0029468196347945405
65,0.027823753929188257
66,0.003003324762253109
67,0.0033628519068392903
68,0.0030008792310522543
69,0.023178628197064996
70,0.002997228011169718
71,0.0057838372743156665
72,0.00564777870233247
73,0.00303153560311284
74,0.004719121881323611
75,0.0030664612469927825
76,0.0030160004860564148
77,0.0030296544151991412
78,0.0030629974584160872
79,0.0033831591332129465
80,0.00419020354766226
81,0.002993555986556945
82,0.0037333970058497533
83,0.02299421468812877
84,0.0030501168552690794
85,0.011753163847858197
86,0.0031418252385369736
87,0.004267542113990081
88,0.002984210933228021
89,0.003391117449150181
90,0.0033943498397547554
91,0.0030013479104104104
92,0.003386114171331397
93,0.004765981703747073
94,0.002971408285831784
95,0.003382130841016415
96,0.003051639347197789
97,0.04017785552712386
98,0.051977406970849176
99,0.0033666722497765235
100,0.004145221965020576
