1,0.00016459969752356376
2,0.00016780448114541314
3,0.0001682772792876102
4,0.00016100643077877842
5,0.00016025224033322792
6,0.0001602861219159387
7,0.00016013194595753354
8,0.00016140210537930454
9,0.00016182397406604634
10,0.003182877531182292
11,0.003331915227657175
12,0.00016075499928194163
13,0.00017515931163420302
14,0.0031154967797959792
15,0.00016762613312604202
16,0.0001708394140429785
17,0.003267874833269567
18,0.00016428738289111882
19,0.000155611222855744
20,0.00017731367162353417
21,0.0032896098521997376
22,0.00016318763456937797
23,0.00017071976364501338
24,0.00017244467394235584
25,0.0031291635801123157
26,0.00016272532391261603
27,0.000165339699823581
28,0.003574537457504234
29,0.00016552427126977954
30,0.0032462530557001144
31,0.0001672653552979824
32,0.0030575076404410666
33,0.002981667143476376
34,0.003339121926086349
35,0.00016398241350559813
36,0.00017120516479493612
37,0.00015276765939744406
38,0.003118889646563458
39,0.0033185755451713393
40,0.0030540511889583072
41,0.0029554023666582404
42,0.00016700781168332051
43,0.0029661973631902603
44,0.00016439725798253314
45,0.00016784689381542514
46,0.00016972268813666465
47,0.00015694556398628687
48,0.00016859846179787913
49,0.00016279490474241961
50,0.0034044238677499797
51,0.0001556176791139893
52,0.003171833622438587
53,0.0001678790370327374
54,0.00016453329979845138
55,0.00016804221560969126
56,0.0001668000916935013
57,0.0001558764191822986
58,0.0001644460036278757
59,0.0001759880896123217
60,0.00016305475921926795
61,0.0034409861937299033
62,0.00016162542225226114
63,0.00016684754849868058
64,0.00016596509431509093
65,0.0034237650698666433
66,0.0033638649098424924
67,0.0033843246758392164
68,0.003363080997532605
69,0.00017319733518866045
70,0.003077874417069952
71,0.0001634103811078137
72,0.00017280205879368306
73,0.003443797758521913
74,0.00017142599760706025
75,0.0001703735911060129
76,0.00016871810052551282
77,0.0034042737998034316
78,0.00017163495523776307
79,0.002975314820066805
80,0.00016146132631188358
81,0.003209806502873837
82,0.00016657534607861466
83,0.00017262958503862311
84,0.0001688693952083883
85,0.00016156025899201055
86,0.0001763727927015263
87,0.003520228504635087
88,0.00016883523404757688
89,0.00016023703432932815
90,0.0001650941048121117
91,0.00016794760359417854
92,0.00016635709573110095
93,0.00016460646734327893
94,0.0001738126670380662
95,0.00017207999972220262
96,0.00017036086402006788
97,0.00018358143316484619
98,0.00016666863958613449
99,0.00015713526963079803
100,0.00015366379568765873
