1,0.0001633725033523519
2,0.00015679206538445333
3,0.00017246710419499875
4,0.00016423310111403583
5,0.00016112275434926413
6,0.0001583727153879346
7,0.00017471240750343355
8,0.000167306584484347
9,0.00017321721775995756
10,0.00016859700036402973
11,0.0035447570696238275
12,0.003370951705359701
13,0.00016786509306680622
14,0.003010445689497717
15,0.00016235759685854858
16,0.0031750499816518923
17,0.0001619260834902887
18,0.0031615589659784904
19,0.0001599106234162357
20,0.00017135998410124908
21,0.0032080769789618758
22,0.0029795405354856616
23,0.00017124818546390027
24,0.0034930702493238485
25,0.003034273152173913
26,0.000160848809437898
27,0.003330938786899167
28,0.002973344773333329
29,0.0030005775134688216
30,0.003345258532965869
31,0.003338897915343915
32,0.0030311723576056473
33,0.003352357485876093
34,0.00016362602529211497
35,0.0029682412804503126
36,0.0030713618678142873
37,0.0030011923703519468
38,0.00016724188565242655
39,0.0032193155961925293
40,0.003002672768076734
41,0.0001605429994387034
42,0.0030588994930588055
43,0.00017551702800011078
44,0.00307107326685237
45,0.0001586312933957135
46,0.00016340987633336223
47,0.00016563782220176774
48,0.003128423194878789
49,0.0029490600497920085
50,0.0033800805399127128
51,0.003073167765061403
52,0.00016369469706764342
53,0.0001672329293806363
54,0.0034646167222335705
55,0.0034355138784216144
56,0.0029253140959409596
57,0.0001754147086547903
58,0.0001668679210128844
59,0.003236524864233767
60,0.0030813614480158474
61,0.003371335073285398
62,0.0033813722190428504
63,0.0030938434325181565
64,0.003012810673311805
65,0.0001600592311472361
66,0.0030786131042735043
67,0.003379925149742795
68,0.00016161008519996662
69,0.0034251900070455614
70,0.00016242698412417415
71,0.0034925758373683313
72,0.00016250376574110086
73,0.00339710766723356
74,0.00017113539717723372
75,0.003201175247913979
76,0.0001771335978095318
77,0.00016920661938036707
78,0.0030303644840922062
79,0.00017131146834267633
80,0.003467032731248987
81,0.00016351096088435376
82,0.0031204427070632822
83,0.0030094256365451825
84,0.0030207765242958834
85,0.00016665715617196792
86,0.0031399360910151688
87,0.00312354639057373
88,0.0033464292458491693
89,0.003388383108983588
90,0.00016940331859659213
91,0.00017525290169295043
92,0.003213054546705316
93,0.0029604850681774534
94,0.0029890886242148872
95,0.0033486634584692244
96,0.0029519253812650766
97,0.003319509682495279
98,0.0001651707235370584
99,0.0029793579062606912
100,0.000162487417203762
