1,0.0029824959367353706
2,0.00015988261084572776
3,0.0001599034551991976
4,0.0001653444143257744
5,0.00016186956165589836
6,0.0001729848160333388
7,0.003392145379174033
8,0.00015710324738577134
9,0.00015997249223061811
10,0.0001592133450663995
11,0.00015811364186101097
12,0.000165211379155355
13,0.0001652872005308127
14,0.003388606873951731
15,0.0033436849542054113
16,0.002924045232817558
17,0.0029708016399599396
18,0.000167493329201887
19,0.0032361576674731387
20,0.00016049862289285277
21,0.003266284960615346
22,0.003348331980600528
23,0.003368126076488241
24,0.0033729341270414804
25,0.0033976560310302727
26,0.0029451398568080826
27,0.0029896872716429156
28,0.002961217685672607
29,0.0033806539149176733
30,0.003030585403688775
31,0.003380651043235104
32,0.00340613877490336
33,0.0029908235513181184
34,0.0030428800981663275
35,0.0030112659039548025
36,0.002907917416580876
37,0.0033562044664043247
38,0.003088747995399503
39,0.0029711360383464615
40,0.003031223710247349
41,0.002980389194415056
42,0.0030343662614072445
43,0.0030172048099590975
44,0.0029999110047696747
45,0.003007498493249759
46,0.002947216972169783
47,0.0030514872309228176
48,0.0034169334800684763
49,0.0030554335967162578
50,0.0029627892835272502
51,0.0033926692200166213
52,0.003411651594971661
53,0.0030141626001640486
54,0.0030506265411066945
55,0.0030270252008546433
56,0.003369432860923463
57,0.0029787882147355163
58,0.003311721679215798
59,0.0029310793064944475
60,0.0029572250073746226
61,0.0033568979687271664
62,0.0030060788883411386
63,0.0029457428567949084
64,0.00296233554997346
65,0.003043925876321692
66,0.0029688494128720187
67,0.003334869166717688
68,0.00339872513853549
69,0.0034089412686201834
70,0.0034021032483986763
71,0.002981503287207872
72,0.0029682166380946553
73,0.003389187010127697
74,0.003039152288839524
75,0.003021567730357609
76,0.003423213898377455
77,0.0030325132870599896
78,0.0029942936510819742
79,0.0029950874811273277
80,0.003073801318537859
81,0.003148375562863648
82,0.0029449924435508814
83,0.0033978280981640514
84,0.0029352036419229843
85,0.0030153898313513695
86,0.0033158397956686656
87,0.003409194516295913
88,0.002969467752379719
89,0.00335372249178494
90,0.0030047659045417704
91,0.0033715792590178185
92,0.003001580105412886
93,0.0030300837246431257
94,0.003021796461598365
95,0.0029946196648445865
96,0.0030100653501064383
97,0.003377207142350521
98,0.002966459522054306
99,0.002984073139440742
100,0.003001888001838799
