1,0.00016095124660939742
2,0.0001584343431673715
3,0.00015758066658048733
4,0.00016585422881465134
5,0.0001676485384311524
6,0.00016697274568522276
7,0.0001735527574193896
8,0.00015699295975172764
9,0.00016438990021631425
10,0.00016633453988641514
11,0.003208387149844008
12,0.003049384593433372
13,0.003040194105763742
14,0.0001656972339304531
15,0.000169595331518769
16,0.00016177377744946617
17,0.00017746068973886566
18,0.003234959179079523
19,0.00015632714602433907
20,0.004945544014740364
21,0.004312652848147016
22,0.0029946916984860687
23,0.0030326644682450205
24,0.0029994749620026965
25,0.003355339179104478
26,0.006621329270103966
27,0.010652377063147343
28,0.002945873488342705
29,0.004080722353325416
30,0.003026189638576099
31,0.004360643794547398
32,0.0033559734815961713
33,0.00016684484654557068
34,0.003351641437550156
35,0.002962227010822021
36,0.0033596410311867715
37,0.0030204354922439896
38,0.003010207004527163
39,0.003007810573170732
40,0.0030817110287745895
41,0.003017079089237321
42,0.0030557113918806963
43,0.0036406719844829676
44,0.0031026292911211133
45,0.0030355265125289726
46,0.0036616550008582898
47,0.0001590663418834725
48,0.00015775648878648435
49,0.0001598773829765785
50,0.007412219076176424
51,0.0033585892548373816
52,0.003328736352758554
53,0.006181506044362291
54,0.02393854362745098
55,0.0030252496050706974
56,0.0033686968523853025
57,0.002957288351189395
58,0.0033422784392106025
59,0.0029678676866627405
60,0.00017097743832557045
61,0.004574394779806869
62,0.03117765848375452
63,0.059091660310734456
64,0.002992592347266124
65,0.003022948508494666
66,0.00413968013856635
67,0.0030172750391200347
68,0.0029467594469500284
69,0.0030335410052910053
70,0.0030184653343910176
71,0.003544327494417676
72,0.00306806056774307
73,0.00678396293010171
74,0.005695380168825162
75,0.0030218292873824405
76,0.0029744246160905478
77,0.0030192668391669803
78,0.003002600627497502
79,0.002933783751691891
80,0.003325074114011633
81,0.0030575626899523945
82,0.006652148879402349
83,0.010814402318548388
84,0.0030710122313999215
85,0.0036274364667551588
86,0.014485893569055526
87,0.0030425524469712083
88,0.006001121674463237
89,0.0030099309982151963
90,0.006020882935654214
91,0.002958267500331257
92,0.03577807405482042
93,0.01067823698312934
94,0.003612175360200844
95,0.0030362984046228246
96,0.03258412511627906
97,0.0029733357292526506
98,0.003092800634063862
99,0.0030147508479769257
100,0.0030209092443272685
