1,0.00016570814290479965
2,0.00017683548221886127
3,0.00016249190210239372
4,0.0034129981450666523
5,0.00017035956362886043
6,0.0033294065074704637
7,0.004748838528581167
8,0.00015547138803459468
9,0.0001615196781332436
10,0.00015673035781519593
11,0.00016383590650596906
12,0.004050330457176768
13,0.0001633182362998971
14,0.00016717962763300234
15,0.012364710861572285
16,0.0001679786896624528
17,0.0001713524931540514
18,0.00016321377275630239
19,0.00016519731619790657
20,0.009244270535527614
21,0.003427390045996837
22,0.00016695066077525167
23,0.010974215897934951
24,0.00016841971086661988
25,0.00015901515887553196
26,0.008362544643445246
27,0.00016308476646336757
28,0.0001700501284203936
29,0.00016768997997314652
30,0.00016797596063654734
31,0.005161851246372807
32,0.003542785810711666
33,0.003062648600500527
34,0.008199154532392894
35,0.00017268116620669356
36,0.0038993878692959046
37,0.003008120451564549
38,0.004160048539185822
39,0.003087263923239572
40,0.025624276448457488
41,0.004298519265399457
42,0.0029645868535335997
43,0.00017427389483454976
44,0.0030283160297907108
45,0.004244431568544402
46,0.008290675781657113
47,0.003640914330417735
48,0.003597287346930059
49,0.0030064087301073877
50,0.003057924588862785
51,0.003019813321167883
52,0.003054127729867606
53,0.031141270818505335
54,0.004241412268213376
55,0.006169925427933514
56,0.006153049469397829
57,0.002985701632275947
58,0.0034201356127309458
59,0.036954012654614656
60,0.0036141578176382663
61,0.00300255764245738
62,0.006204450361809045
63,0.003022998040306627
64,0.002958325105051631
65,0.0030800380510546677
66,0.0029171809724493646
67,0.002967369513786261
68,0.02495786677679883
69,0.002984830380641988
70,0.0036107343126702725
71,0.0030265879097743525
72,0.0001602752204244421
73,0.0033374451796667924
74,0.0033961461455564333
75,0.003358916007029877
76,0.0066954306704858895
77,0.013961774908256881
78,0.01033164598243331
79,0.032640911800172256
80,0.0030318470145275223
81,0.022004179760289462
82,0.0029770342649975217
83,0.0030220535651665687
84,0.002992445575332099
85,0.0030356989655950252
86,0.0033626700088761436
87,0.00302339259026033
88,0.003390029959870458
89,0.005118820231607629
90,0.003025383452868852
91,0.0030557578154119017
92,0.003008821928322039
93,0.0029968548502590986
94,0.04111612001078749
95,0.00016484563922178493
96,0.0036643875856278863
97,0.0030396748451585213
98,0.0033887329780638814
99,0.003132496507721135
100,0.0098179196054254
