1,0.00016387259739240434
2,0.0001784437870961151
3,0.00016512625448410835
4,0.0001606331668722757
5,0.00016862668751577907
6,0.003450920924607272
7,0.00016232347187727778
8,0.00017336554490350706
9,0.00015989672286095014
10,0.0001654971360579375
11,0.0001625469910733725
12,0.003350675089179548
13,0.00016559317151365564
14,0.00016161783978294825
15,0.00015439714696128967
16,0.003393672056986929
17,0.00016922979485402726
18,0.00015666808175091685
19,0.003388465989925203
20,0.0029960762615762106
21,0.003007404106922727
22,0.0001680158888909647
23,0.003226840354745426
24,0.002954275518191496
25,0.00015861567573170692
26,0.00016211459377190042
27,0.00017263905153799738
28,0.00016838428658123012
29,0.0001591773224163487
30,0.00017055092810531032
31,0.00017357267580999798
32,0.00016462971705446977
33,0.00016568519617404996
34,0.00017472717557520415
35,0.00016098751321728363
36,0.00016560561714332208
37,0.0001621870959727875
38,0.00017113618589647983
39,0.00016029328931771808
40,0.00018103395950527584
41,0.00016441761891081776
42,0.003212360856281571
43,0.003336158667646853
44,0.0034070931140042227
45,0.0029348821616871704
46,0.00294074264876766
47,0.000159754885160299
48,0.0034745315089350108
49,0.00017380902329833475
50,0.0001708887289332118
51,0.00017466861936203584
52,0.0034828901637994894
53,0.003383154779332616
54,0.00016190342181264715
55,0.003357235438069134
56,0.00016644640208882765
57,0.00016261028357999048
58,0.00016443984093820818
59,0.00016005065253306655
60,0.0031617651627548855
61,0.0030447192679289325
62,0.0001657177733058983
63,0.00018009710531797162
64,0.0001659684461257995
65,0.003603758312520457
66,0.0001686067268952051
67,0.00017574086091438123
68,0.00017508760238268365
69,0.00016370973132236484
70,0.0031654572237921922
71,0.00016371755364952213
72,0.00016896628870380234
73,0.0034583705610845366
74,0.00016614204451858964
75,0.000162017598286282
76,0.0001717795234914037
77,0.00017256343421042308
78,0.003418047923444408
79,0.00016191867824717404
80,0.0033936925832562964
81,0.003126786581657979
82,0.00016258977693060634
83,0.00016009840640880677
84,0.003450337511086028
85,0.00016526278207177638
86,0.00017344047248503834
87,0.0001654634187046305
88,0.00016220795307777318
89,0.00016324136392574385
90,0.0036949710816198255
91,0.0001579170693918593
92,0.003345156507848312
93,0.00015628794169412702
94,0.00016616831024819585
95,0.0001645789514355847
96,0.003184289836644313
97,0.00016281886046327494
98,0.003213438693930672
99,0.00016390128587256492
100,0.00016810471960780035
