1,0.00015823719116723412
2,0.00015804060152634747
3,0.00016768799810547367
4,0.00015743924131839224
5,0.00016694846812623083
6,0.000163399496432104
7,0.00015890810263176014
8,0.00015004885908996161
9,0.0033919605518650995
10,0.00015726905662658244
11,0.004485335284991352
12,0.00015627510207216088
13,0.00016353657919004674
14,0.00017294770179403167
15,0.00015746275002349216
16,0.00016389185878553703
17,0.003451245993071593
18,0.00015879535999425323
19,0.00015976580864950727
20,0.0036990605133894175
21,0.0001665944194689312
22,0.0001717494954171719
23,0.00016192499732731476
24,0.003654978132414483
25,0.003363504810873005
26,0.007492679458785567
27,0.003313932548134611
28,0.003010769752859151
29,0.003031181731016731
30,0.003007010323266429
31,0.0030136427929614382
32,0.0037371793830294642
33,0.0001657396223576609
34,0.0031935471254943572
35,0.018624395615103536
36,0.0036530085249981145
37,0.003051922376894823
38,0.004753164288508557
39,0.00015469006827134054
40,0.0032749489186974998
41,0.0030228861436377825
42,0.0029747247631138913
43,0.0029949626468710093
44,0.0030728807913794325
45,0.0029528203465658473
46,0.0030779782492757436
47,0.0030237710006914323
48,0.0029880131632182747
49,0.0035033920669153657
50,0.040539056256800876
51,0.004901861410683632
52,0.003422349037788663
53,0.00017135276025463246
54,0.004362520944136715
55,0.058288612499999996
56,0.0033794974329699463
57,0.025941572918201913
58,0.002969833091365227
59,0.003333305757767025
60,0.003034237659225627
61,0.014883490473864192
62,0.0029729568827953873
63,0.0029637851187468414
64,0.018336928601440577
65,0.003005070042940136
66,0.031593779465095194
67,0.0034209561992363763
68,0.006986137251174234
69,0.002985169499171423
70,0.005325635624042851
71,0.0030152785838206
72,0.004169578428938495
73,0.0037049726908090774
74,0.033243516855524076
75,0.0029945896539878827
76,0.0035485764301470585
77,0.0033503389500452864
78,0.002983351215405339
79,0.05006878232758621
80,0.0029525547724138733
81,0.0029219722127762937
82,0.0037336417474234736
83,0.003009808775382693
84,0.003050237946314716
85,0.0030316145045506983
86,0.014013367186793307
87,0.0030500976195576247
88,0.0001654557184810023
89,0.0037037398847468254
90,0.0029453786980017595
91,0.004172094692370872
92,0.032924707012487994
93,0.0033495297939035813
94,0.006036938131609871
95,0.003332272517190048
96,0.019246823534855028
97,0.0035917159474114237
98,0.00661627309736808
99,0.006579050167609468
100,0.0036573579555757027
