1,0.00016285465466588686
2,0.000166556806065351
3,0.003524799321700664
4,0.0029692278377198454
5,0.0030288511292148965
6,0.003344482658113102
7,0.002976267595906323
8,0.0029514482711004747
9,0.002952618229295426
10,0.00016822173260271666
11,0.0030339846642562333
12,0.00016058648467234596
13,0.003059527978548982
14,0.0030275765469249573
15,0.0029614488904685377
16,0.0033549338201058205
17,0.0033712283477283895
18,0.00016500703710416187
19,0.003198059765414183
20,0.003352922636104413
21,0.003332246551365589
22,0.002966044981004884
23,0.002964221620461237
24,0.0029903634530975666
25,0.0029986172022839265
26,0.003081211936430318
27,0.0001699262999229452
28,0.00016209585200239007
29,0.003384867858704818
30,0.0029168100211511344
31,0.0030062969480643925
32,0.002983138425590733
33,0.0029397318384523584
34,0.003321312815771546
35,0.0029494452863781766
36,0.0030167469323085223
37,0.0029269215607140224
38,0.0029343050090506213
39,0.000170283480483431
40,0.00310618956123433
41,0.00296199455320977
42,0.0029301858411639892
43,0.0001625557103494352
44,0.002988986636771301
45,0.00016442076541506304
46,0.0001547176160025829
47,0.003337626996410707
48,0.002965866667833906
49,0.003360141158707865
50,0.0029686832854864433
51,0.0029743924280713225
52,0.002954298909370586
53,0.00016438823718954729
54,0.0031682406749103157
55,0.002982357585609016
56,0.0030156224987399195
57,0.0030119011555806087
58,0.0030274864194835974
59,0.003042381209964303
60,0.00016910314934077711
61,0.00016067127404902241
62,0.00315249886005162
63,0.00016074370820098397
64,0.0031873131061699272
65,0.003306383857273174
66,0.003324700726996528
67,0.003349821742381088
68,0.002929439196570853
69,0.0029770157391877322
70,0.003316571912212377
71,0.003414654663020987
72,0.00016171048794497037
73,0.0030486225900966894
74,0.002945293615482004
75,0.0030061517253044652
76,0.0029490570938368052
77,0.003026926147427753
78,0.0029252307763728267
79,0.00015358448210734302
80,0.003001040725273195
81,0.0001737109080383105
82,0.003239507838335595
83,0.0030289036114187276
84,0.003355377629035722
85,0.0033763762960045823
86,0.003370471217256231
87,0.002994701268948232
88,0.0029958720671486917
89,0.002998901427823683
90,0.00016303978419387728
91,0.003144159159781962
92,0.00016553753525457512
93,0.0030570056574811787
94,0.0001619343993863462
95,0.0033427442319848293
96,0.0001677642988933024
97,0.003253497524658121
98,0.003350548413087648
99,0.003024784546407001
100,0.00016678948347806474
