1,0.00016854053805579798
2,0.0001642605422349254
3,0.0001682095711376709
4,0.00016736932144663716
5,0.0001648748667961154
6,0.00016207823435405156
7,0.00342706506926095
8,0.0033654413873673533
9,0.003029776166827041
10,0.0029828333868081396
11,0.0030664424503954965
12,0.0030214639703199124
13,0.00016167301449033976
14,0.0031846195238071314
15,0.0033407086076651187
16,0.00015548208808553203
17,0.00297322176283649
18,0.003012360275993102
19,0.00016697791075710928
20,0.0001672054070367825
21,0.0031554136558644727
22,0.00016935503036711675
23,0.003061810677823727
24,0.00017195744046984054
25,0.0001704188954920467
26,0.00015455154120503592
27,0.00015893464921148406
28,0.00016451924461703752
29,0.00016679040562891462
30,0.00016480692317940348
31,0.0001577181025091337
32,0.00343670067228252
33,0.0029403241026878003
34,0.0001549642765243835
35,0.0001661212081829375
36,0.0001668282862344994
37,0.00332062107654714
38,0.0029566365129803946
39,0.00016468678448192459
40,0.00016891529041438493
41,0.00016438464017731153
42,0.00016724172677131944
43,0.003420937361609165
44,0.00016450643754788874
45,0.003009474296379211
46,0.0001625066349949509
47,0.000180378896453504
48,0.00016624469445934714
49,0.0033932699878885756
50,0.0001640736048038245
51,0.0034672500407797076
52,0.00016788071245175167
53,0.00016966103798897453
54,0.00016984647399351973
55,0.0031836199252240852
56,0.0033667401900808387
57,0.0001706613519113667
58,0.00017360066968682294
59,0.00016606973392539588
60,0.00016011148100972673
61,0.0036577689091135753
62,0.0029892463175589952
63,0.0030002682812365665
64,0.0001560150098054752
65,0.00016915823126103241
66,0.00015719074369660482
67,0.00016301925449237046
68,0.00016747774793950945
69,0.0033974184633668897
70,0.003354906118389465
71,0.00017516888056889277
72,0.00016914652231671593
73,0.0001599969616915456
74,0.00016180996166487982
75,0.0034470411693521695
76,0.0001570878125450677
77,0.00016543740413950433
78,0.00017345265429948533
79,0.003121885886152604
80,0.00015852759336897401
81,0.00015860118834255436
82,0.00015366299131501631
83,0.00016277391200854015
84,0.00016694733697484196
85,0.00016882703498635076
86,0.0001596071135621179
87,0.0001600894338714566
88,0.003361965585563674
89,0.002979747275441652
90,0.00018317420610307157
91,0.0001654314765942396
92,0.003435606427078933
93,0.0033432360946953703
94,0.003332293092272959
95,0.0030264775805039397
96,0.0033482556795202565
97,0.00015950249990492687
98,0.00017021801301671065
99,0.00016800836828111256
100,0.00017040725836744297
