1,0.00015847689901537013
2,0.00015919899904327873
3,0.00017579245899470412
4,0.00017075459387470683
5,0.00016424151328018355
6,0.00017232291648587667
7,0.00017777982780873067
8,0.0001641318499658249
9,0.00016843031642011942
10,0.00016892019702699083
11,0.00015991012792174203
12,0.0001696303694423684
13,0.0032031964672006824
14,0.00015900203267227707
15,0.0001739512995026945
16,0.003386061440087039
17,0.00016188107094894141
18,0.00016565077892955003
19,0.0001628832617001769
20,0.000159321952545792
21,0.00016781983995557126
22,0.00016223743058361526
23,0.00016958427261915172
24,0.0001659037129722606
25,0.00017716264565451295
26,0.0001696043648685935
27,0.00016596774754969794
28,0.00016179129531798884
29,0.00016322861922185304
30,0.00016071770783088226
31,0.0001667475572617755
32,0.00016067982899035534
33,0.00016372432117177097
34,0.00016883375943008055
35,0.00015605824304899555
36,0.003477047061131281
37,0.00016534123219564436
38,0.00015524379433607189
39,0.00016798278811684723
40,0.004068326400431219
41,0.00015754763527224978
42,0.00016276961070477088
43,0.00015913192481973896
44,0.0001672983654184918
45,0.0034975258455284867
46,0.00017209448598627086
47,0.00016868064483742558
48,0.00016462602976693942
49,0.00016260186442131256
50,0.0032005963278671974
51,0.00017051558083808901
52,0.00016786547993822144
53,0.00016224937703624616
54,0.004830493189370589
55,0.00016665876403787477
56,0.00016018641458719497
57,0.003687759960567092
58,0.00015714944001518603
59,0.0033576205455329547
60,0.00016969589903973416
61,0.00017278195169906715
62,0.00015944170957334905
63,0.00016531343564175444
64,0.003535202681459194
65,0.00017723859044360885
66,0.00015745864117081864
67,0.00016108295637986606
68,0.00422497531214577
69,0.00015727843817942312
70,0.00016009863944069499
71,0.0031542509637188204
72,0.0001646240130586136
73,0.00015609389484430832
74,0.003787633523327048
75,0.0029969706980110776
76,0.00016697985097056063
77,0.00016288290549616442
78,0.00017100988830244916
79,0.00016220403063793427
80,0.00017403263356773822
81,0.00016730997761793922
82,0.0035109685930377727
83,0.00015784274186501402
84,0.0001666407054456101
85,0.00016984120086824107
86,0.00015980922968511144
87,0.00017239704796461584
88,0.0001626733991182482
89,0.0001642604102025917
90,0.000161004337231607
91,0.00016921367890763476
92,0.00017885745368512976
93,0.00015806008270135438
94,0.00017151581955762919
95,0.00015696784568433833
96,0.0034651664208174486
97,0.00015947001835207034
98,0.0031387383231733495
99,0.0001612020605869023
100,0.00017783407612819482
