1,0.00016163912012771237
2,0.00016559978403262048
3,0.0001653756109995801
4,0.003168300987361769
5,0.0029778073931171823
6,0.0029581735623311458
7,0.002979396058091286
8,0.0029632739330762697
9,0.0033702210578842313
10,0.00015977408816754207
11,0.0033413406979081973
12,0.0033484376085967335
13,0.0029677996908667975
14,0.0033612557064614016
15,0.0030187689231262983
16,0.003028905752295297
17,0.0030498666339548574
18,0.0029765115197646157
19,0.003028882402674007
20,0.0029760854970470266
21,0.0001597305699849891
22,0.0032608853419373246
23,0.00016798617277645936
24,0.0034113614335039037
25,0.0033044192664143063
26,0.0029127137019230773
27,0.0029857926620206077
28,0.0030358970584510162
29,0.0033184445666234095
30,0.0029332634405016007
31,0.002952506900128119
32,0.002970676266730401
33,0.003032716952087743
34,0.0029439501989150093
35,0.0030012248621858325
36,0.0030188594286616154
37,0.002990525397670341
38,0.002956450041724727
39,0.002928712397001425
40,0.002998975182000753
41,0.003220791459490156
42,0.002967487833613849
43,0.0029795013285806864
44,0.003000588767404137
45,0.003361138026398491
46,0.003345642645524724
47,0.0029436191549720124
48,0.003044155431481716
49,0.0030525966111979667
50,0.0033785852644924986
51,0.003387084543458242
52,0.0033950136395340725
53,0.002988113465489977
54,0.00016032183721941594
55,0.003211792171342159
56,0.00016742690690019858
57,0.003074131179967514
58,0.00017188412123347565
59,0.0030063587221221344
60,0.003400798507995431
61,0.002932228105721788
62,0.002983219664842681
63,0.0029799464107896894
64,0.0029533494557041125
65,0.003344101208713985
66,0.002966251963978362
67,0.003042964881824552
68,0.0033664512324086873
69,0.002967068060062353
70,0.0029475104136452318
71,0.003365528414975507
72,0.0029431832209804907
73,0.0029743743347275266
74,0.002985691658288089
75,0.002996684456514874
76,0.0030236557914812457
77,0.002953166152946967
78,0.003351974553347206
79,0.00336520475966751
80,0.0033553897868748685
81,0.002997010056529966
82,0.0030331006283439094
83,0.0030220906075654466
84,0.00298911736966371
85,0.0029699517021011283
86,0.0029606967638447644
87,0.0029888113733122492
88,0.003370548328127219
89,0.0030284819004343004
90,0.0033631026072747936
91,0.0029902229453042392
92,0.0033464309575311846
93,0.00016649177177911574
94,0.0031419165778337243
95,0.003355527049932905
96,0.0030706683011134223
97,0.0030038219480243693
98,0.000159526011269286
99,0.003318042380987106
100,0.002986359099935938
