1,0.00016237287488991565
2,0.00017217582169431136
3,0.00015820043038512936
4,0.00016222084248748933
5,0.00016793862045782085
6,0.0001708066358559791
7,0.00016837572077153915
8,0.0001721651800244101
9,0.00016593752410718488
10,0.0001643720268184315
11,0.0035915225032092423
12,0.00015690509170522674
13,0.0001609048444044713
14,0.0035784218647196644
15,0.0029988307225405457
16,0.003370512596952909
17,0.00016610779193945973
18,0.0031254502546081476
19,0.00015819579956254527
20,0.0001717560073746768
21,0.00016497873163016103
22,0.0001605474549678257
23,0.0001661665088363133
24,0.0001669936272750522
25,0.003190308207213188
26,0.00016859123391831614
27,0.00017754114367609375
28,0.0001692514958801926
29,0.003191234906392617
30,0.003033735823954001
31,0.00016159858964618777
32,0.00015826322500033592
33,0.00016626299379247326
34,0.00016431200666769776
35,0.00321303744328678
36,0.00017327313611987323
37,0.0031806289037705385
38,0.00016098914324815043
39,0.0001667395169884906
40,0.00016660982088069108
41,0.00016167410889467477
42,0.0032773187580814158
43,0.003007617561463509
44,0.000170545379722454
45,0.00016509802658537274
46,0.00016461110535083203
47,0.0001582461524039241
48,0.00015406641226070513
49,0.003189997528531237
50,0.003012429163502911
51,0.00017149282905125216
52,0.003354226098356009
53,0.0001658640733256351
54,0.00015772400465598825
55,0.00016946008204469522
56,0.00016635326642712144
57,0.00016269944490845451
58,0.00017039357348354295
59,0.003342067303830708
60,0.00016011404639562654
61,0.0035966667423088885
62,0.00015713698911242984
63,0.00015310324277937972
64,0.003226138680550772
65,0.00017143738460016707
66,0.0001620237294678965
67,0.0001627824025963853
68,0.00017282416081802174
69,0.0031897515974025972
70,0.0033935856047819972
71,0.0029803915803108803
72,0.0001676494833981391
73,0.0001698195714723094
74,0.00017632608694859376
75,0.0038959831305225
76,0.0001719641849597299
77,0.0029502296962631543
78,0.00015665946563802067
79,0.0033907627342848906
80,0.0001640388921869669
81,0.00017701712212466202
82,0.003257922484450377
83,0.00016440659962105845
84,0.0001695855088251136
85,0.0001655267111923658
86,0.00016994289834607984
87,0.00016273728567489957
88,0.00016630491073039703
89,0.00015770696765272818
90,0.0034670972186712206
91,0.0030819442516066085
92,0.00016757525681538446
93,0.00015494095483668558
94,0.00016797104034883007
95,0.00016317608137441763
96,0.0001628631394924741
97,0.003562992431032414
98,0.00016174898775806013
99,0.0031302019706729825
100,0.00016228818823432517
