1,0.0001605877794445995
2,0.00016412748696340249
3,0.00015864181243622583
4,0.00015965581015892083
5,0.00016594806545780575
6,0.00015741899282126603
7,0.00017040336196157157
8,0.00015996919994830036
9,0.00015423933182366262
10,0.00016024748979432895
11,0.016994410647733247
12,0.003345770231092437
13,0.002984436988531354
14,0.003003892579362614
15,0.00016681901357083206
16,0.00015909496303221745
17,0.00015765507990056816
18,0.00016098635081264438
19,0.0556840837431694
20,0.00015495833560486062
21,0.00017182275309496453
22,0.003448076321293043
23,0.17017329981343285
24,0.00017131262695442117
25,0.00016487538321188509
26,0.007577606723093016
27,0.002985889256017505
28,0.0001614684638955193
29,0.02674820553375196
30,0.06061349247851003
31,0.00016439530054279753
32,0.08745113649193548
33,0.019526060192666252
34,0.00017323622296159483
35,0.0001736336135771097
36,0.02958158924870466
37,0.004854372858584563
38,0.00016127434652551592
39,0.0001641383101066833
40,0.039766409672131145
41,0.0033751739727508646
42,0.005615127869460412
43,0.5577364794117649
44,0.04325045778251599
45,0.005023467022153512
46,0.00017501447424452188
47,0.005129365499577525
48,0.00016872224267477874
49,0.3127020429054054
50,0.0031123993620789706
51,0.00016332483965325636
52,0.31429335625000004
53,0.31896657993197286
54,0.06736512393700787
55,0.04357834014084507
56,0.11039023827930178
57,0.00016863810168696284
58,0.03179895820578232
59,0.5983369018987342
60,0.02311721707232267
61,0.10341421354916067
62,0.06824369822866345
63,0.00016415242417916484
64,0.20177477258771928
65,0.08114350518518518
66,0.08266298173828125
67,0.2156272471830986
68,0.0029937686733842494
69,0.07035807820299501
70,0.15220456821192052
71,0.004291524127599576
72,0.5809393073170732
73,0.0030458981830932042
74,0.28040084761904766
75,0.127461954985755
76,0.15758192255244755
77,0.17181313236363638
78,0.08471956955252917
79,0.00789996693448702
80,0.5909103518749999
81,0.12074160081081081
82,0.0001697526768187172
83,0.025916449555375903
84,0.028000196174863393
85,0.00016886518405668732
86,0.05883971438746439
87,0.0001573739093896702
88,0.12638698196022727
89,0.08280193776091081
90,0.06096529948680353
91,0.0128165381049207
92,0.027265410730421692
93,0.005350656065400844
94,0.033463823976868326
95,0.1089748285012285
96,0.024913119271198318
97,0.0034204764415156504
98,0.10287888586448597
99,0.07930082892335764
100,0.0628417073551263
