1,0.00017505999161034956
2,0.00017123296462043938
3,0.0001691151370705314
4,0.00016772621115483785
5,0.0035052472404005354
6,0.00017415391850860985
7,0.0001636481498949391
8,0.00017832721574934164
9,0.00016642054424694192
10,0.0001626642490381037
11,0.00016917193078847713
12,0.0001578034854186569
13,0.003938905474092342
14,0.003383016883488206
15,0.00016689407198974569
16,0.00017286935388967066
17,0.00015802148779961762
18,0.0001646741187658851
19,0.00015976488900799497
20,0.00017106253359206678
21,0.0001589459640976592
22,0.00015165558845440567
23,0.0039960428405203035
24,0.002991044341576701
25,0.0029998048491647967
26,0.0029448371046756788
27,0.00016538580541718885
28,0.00016015390936267623
29,0.00016737515513342378
30,0.0001586080496822293
31,0.00016443801286965354
32,0.00015778697315940778
33,0.00016368383538313297
34,0.00016139415549486924
35,0.0035589478917879345
36,0.00015776609038218526
37,0.00017086446407229105
38,0.003197461715589223
39,0.0033565933657858133
40,0.00016442332201306343
41,0.00017145920245726685
42,0.0033983980952762855
43,0.00016322940945695912
44,0.00016043873575047226
45,0.00016357157404489264
46,0.00016776980632657152
47,0.00017076012308134804
48,0.00016080307091010607
49,0.00015476204296319853
50,0.00015772214636712844
51,0.00016302714281815175
52,0.00016534738881869988
53,0.00395332021294424
54,0.00017478605912736518
55,0.0001611868864955878
56,0.0001695234085363585
57,0.004049070344485946
58,0.00016308143505501787
59,0.00016848679761005586
60,0.00016522854514913388
61,0.0034800004334314683
62,0.0030438577939598155
63,0.00018011783433950114
64,0.00016561820380863268
65,0.00016971450416720704
66,0.003927343224885408
67,0.0037807133761454405
68,0.00016524372077208766
69,0.0029651773344494055
70,0.002995087008291554
71,0.00016430715277926947
72,0.00016612108218943034
73,0.00016809116746445201
74,0.0032226850813373655
75,0.003102028186511778
76,0.00015791717466054266
77,0.0029686992710918113
78,0.0001552584585250767
79,0.00017160951304278786
80,0.00016569265373861405
81,0.0001657692170687696
82,0.0001656804161025935
83,0.0048397435639658684
84,0.0001711371380397995
85,0.00015943780012564202
86,0.00017401149503908314
87,0.003398730342647518
88,0.0029112833231838063
89,0.00017781818064049057
90,0.003404234124377946
91,0.00016881798315360533
92,0.0001669910069367691
93,0.00016779367292697094
94,0.00016455302105368138
95,0.00017098790745114883
96,0.0033607676172271203
97,0.00015606000204777254
98,0.0049850262541420816
99,0.003007736852131841
100,0.0001693088880773821
