1,0.0001617460240347737
2,0.00016550564517935602
3,0.00016503510701099277
4,0.00016244010843817448
5,0.00016909040280361077
6,0.00016569179467272653
7,0.00016693332966083923
8,0.00016621510839035308
9,0.0032697139035921573
10,0.0001690638331748862
11,0.003231428664414628
12,0.0033723148009950246
13,0.0034356344610905996
14,0.0030565320868637
15,0.0030624532122345395
16,0.002967406443832556
17,0.00016933716296379102
18,0.0033660642311886587
19,0.0033654338577097506
20,0.0030088832294525554
21,0.0001649858955252939
22,0.00017237152518780613
23,0.003166335216232482
24,0.0033593060566371683
25,0.003048521815802323
26,0.002969025710951416
27,0.00016975337465119993
28,0.00017974788099264812
29,0.0032739300917574636
30,0.00016102075971066742
31,0.0032116363505951383
32,0.0030000956094034825
33,0.00017082961597593958
34,0.00016238103590328096
35,0.0001664213309065523
36,0.003476674392840593
37,0.0029787257343311504
38,0.0033899014849743127
39,0.0033471700189287713
40,0.0001638008305448081
41,0.00015851894942664097
42,0.00016488191189363108
43,0.0001583908877192867
44,0.0033728365071992567
45,0.0033442767682883394
46,0.00016782381018270412
47,0.003423106700399902
48,0.00016118773832082584
49,0.00016579077963093712
50,0.0034219191911441004
51,0.0030059876605661425
52,0.003003840603103103
53,0.00301052896166235
54,0.0030170540082122554
55,0.003356980409356725
56,0.00015607293695618478
57,0.00016381804551534666
58,0.000170785286660669
59,0.00016700811467217414
60,0.0037465261058495813
61,0.0029643393061427503
62,0.00016800981357684174
63,0.00016537315421029678
64,0.0032647841795209595
65,0.0001656232028159396
66,0.0001644695523396295
67,0.0035790906578423098
68,0.00296762146254836
69,0.003039914448379022
70,0.00016062595446764808
71,0.00016254914597855775
72,0.003069026402493322
73,0.0029783162131590524
74,0.00016858821218548154
75,0.00016353259441707714
76,0.0033423586100386105
77,0.000161844916617094
78,0.0001556583185350078
79,0.0037749507198026515
80,0.0029928395917204497
81,0.002982363280615115
82,0.0030535309391656203
83,0.0030057022053083526
84,0.0033550209858079164
85,0.0034197737971345074
86,0.00017234426457189838
87,0.003914630496384057
88,0.0030172406233173604
89,0.0033734549958569257
90,0.000160305763969525
91,0.00346051304546588
92,0.00017603784730727833
93,0.0001541524387986565
94,0.003491380774367622
95,0.0029793940326871913
96,0.003017818548336766
97,0.0029486988898826277
98,0.003371993126425314
99,0.00015997124187202657
100,0.00016568112103077559
