1,0.00016267836604463452
2,0.00017037856698798735
3,0.00016545737410248763
4,0.00016696676651018608
5,0.003509826412568892
6,0.00016281427384991917
7,0.0001596016239135601
8,0.00017220659038000074
9,0.0001750064691218525
10,0.003422197374223235
11,0.002987698658881631
12,0.00016675047528992687
13,0.00016808087185639928
14,0.00016559085010795754
15,0.00016153102199316274
16,0.0001717763300582524
17,0.00016311600149720778
18,0.00016338518521531175
19,0.003329731515129837
20,0.0033597269159911566
21,0.003361014535313239
22,0.00335495950805293
23,0.00015928232420769545
24,0.00016228397549884337
25,0.003085477937003406
26,0.003013802850291403
27,0.00016630879931829585
28,0.0001658104411046352
29,0.00015892163346731004
30,0.00015861026212906203
31,0.003241334556057919
32,0.00297617201049172
33,0.002925739958216107
34,0.0033972758788554445
35,0.0001619914063132599
36,0.00016545276455137193
37,0.0001582763403863347
38,0.003523214096360328
39,0.0033998920778122357
40,0.0030611761787819255
41,0.003011549817494877
42,0.003026660926679345
43,0.0033917942204110562
44,0.0033622617359239824
45,0.0001707255372710498
46,0.003421368889392909
47,0.003011593819530284
48,0.002994690973780371
49,0.003066319940691927
50,0.0030303406933076555
51,0.002961980984735666
52,0.0029633494307859994
53,0.0030175976491006624
54,0.003290243681138066
55,0.003021903443700621
56,0.00015799931990177537
57,0.00017081806606555536
58,0.003729375341203802
59,0.0034267689283404013
60,0.0030136303711212355
61,0.0034076141775806227
62,0.0001613818017660583
63,0.0001591549433469419
64,0.00017140978974412944
65,0.0033008091721905474
66,0.003056153881921077
67,0.0033324989050076722
68,0.0001628280548143636
69,0.0032480079557920764
70,0.003359132908339076
71,0.00300854491476925
72,0.0033475366840366515
73,0.003027823959608323
74,0.0030170707635983267
75,0.00298445404043605
76,0.00333431859709213
77,0.00016237016359286983
78,0.0032191077940701782
79,0.00016530692106083802
80,0.003430188693491047
81,0.002944145392213272
82,0.0029346317741740287
83,0.0033421375197756355
84,0.00015805560512412726
85,0.0032086166297601196
86,0.0029994521696660183
87,0.000169233704978854
88,0.004008456110085496
89,0.0001652634208661882
90,0.0031966029278164723
91,0.00343012973319911
92,0.003378978983534309
93,0.00016444593793614123
94,0.0032801849472878348
95,0.0033799747442958294
96,0.00016217014279222274
97,0.0034544571039168
98,0.0033666720269468465
99,0.00337893957132818
100,0.003382480229750241
