1,0.00385267813966436
2,0.003968639882025233
3,0.004092031542233871
4,0.004271480027341684
5,0.00441235276816609
6,0.0045154490377429
7,0.004637781984696318
8,0.005471956007637184
9,0.005462016442831215
10,0.00548344708507925
11,0.005489355279956229
12,0.005521344861490219
13,0.005530419279588336
14,0.0055598055600368755
15,0.006384330902961397
16,0.006442752390552313
17,0.006431727949774117
18,0.006455398196040475
19,0.006461188263601122
20,0.006460245040106952
21,0.006466345327327511
22,0.007039054503128183
23,0.007157414559179044
24,0.007162602168732126
25,0.007171316316793892
26,0.007229803424555106
27,0.007265691976237027
28,0.007274344424406372
29,0.007265623775172828
30,0.008080371091273152
31,0.008111110061997318
32,0.008144802933456
33,0.00815128833831116
34,0.008231529321774605
35,0.008228418948261236
36,0.008266696820661439
37,0.009031164494292025
38,0.009086688447111779
39,0.00911065421607378
40,0.009150733638077285
41,0.009202448742684907
42,0.009240386676875958
43,0.009256654239238753
44,0.009999335114503816
45,0.010118168971631206
46,0.010135755589218554
47,0.010172924213176667
48,0.010229542078414438
49,0.010237590328959836
50,0.010261597742757303
51,0.01082286967323187
52,0.011027581064751482
53,0.011065629839188504
54,0.01108858451313051
55,0.011131480348407063
56,0.011163210233310232
57,0.011175626116123062
58,0.01119604018539977
59,0.011956332900374208
60,0.012015919443267558
61,0.012029804093057974
62,0.012068012028949339
63,0.012095097090527208
64,0.012134934890335305
65,0.012131670788226748
66,0.012793139613654407
67,0.013043907793607167
68,0.0131862067495416
69,0.013266525947281711
70,0.013366115459070797
71,0.013441789445836815
72,0.013508133709423359
73,0.013760897339214572
74,0.013994529506535546
75,0.014149113740122917
76,0.014257809761422194
77,0.014334420430232747
78,0.014344134640379928
79,0.014395022380952381
80,0.014633203193406226
81,0.014858908131873691
82,0.015029023406885325
83,0.015093536287051483
84,0.015203045720855365
85,0.015272403717337927
86,0.015365019229627568
87,0.015485748718770018
88,0.01576034587947883
89,0.015903942145908644
90,0.015992383180513096
91,0.016097978545272975
92,0.016156774248496993
93,0.01624734462546187
94,0.016387021324525748
95,0.01669631000079307
96,0.016854609459930312
97,0.01698918170406436
98,0.017054938469675596
99,0.017144607596660887
100,0.017200045574120155
