1,0.00015112680005676174
2,0.003962760378890103
3,0.00015454248439750217
4,0.00015582590489260028
5,0.00016023124351420876
6,0.004773122298150656
7,0.00015470276637424694
8,0.00016587821381065996
9,0.0001552853609263685
10,0.00015779480203998692
11,0.0001475744299565363
12,0.00015734083289686273
13,0.0001624630978402065
14,0.00014858787203862235
15,0.04708545900383142
16,0.0001521804776287338
17,0.00015338349435670154
18,0.0001496881378726606
19,0.00016341295301081603
20,0.00016419816370404967
21,0.004152765883515161
22,0.003353232060032036
23,0.07029906197552448
24,0.008678765053667263
25,0.00015983838971153082
26,0.04017378372878933
27,0.0345833318877551
28,0.003336559340736085
29,0.020754341377556305
30,0.004518761218961625
31,0.00015253918572951877
32,0.0033884026251084893
33,0.006669460097607919
34,0.0323522507068803
35,0.0033586193165507346
36,0.022938938789025545
37,0.00015165453702365697
38,0.009358842892960462
39,0.011567997364655377
40,0.0033772079017514644
41,0.0033680212641158764
42,0.0033981824789350704
43,0.00331263793174625
44,0.00336135045849083
45,0.00015219520937522854
46,0.0053575361771536
47,0.021093330626267944
48,0.0001509427406398048
49,0.0033732446895065275
50,0.007162208937804698
51,0.0033659994807761088
52,0.006641865851769912
53,0.0033647158517699106
54,0.00015202953588298187
55,0.007786312343398649
56,0.00628846867946556
57,0.004918437185598377
58,0.0001474950219530105
59,0.053937761118881135
60,0.00337206388478582
61,0.041737204046563184
62,0.007167407654193167
63,0.005313355484400657
64,0.0033552389823008856
65,0.0034152424370644282
66,0.00015873715249742346
67,0.009449395324371713
68,0.00015033981478209638
69,0.015118926278054863
70,0.004473804633492252
71,0.02066316533873029
72,0.07251451238859179
73,0.003345906335173667
74,0.038233261001042754
75,0.0033677028550358193
76,0.008648009065787129
77,0.04328238669354838
78,0.003372715530329655
79,0.02070087468003413
80,0.003337505185092439
81,0.013425997193807021
82,0.017443409088269454
83,0.003538122616092289
84,0.03111702711941659
85,0.0036010650118729597
86,0.006684856844211398
87,0.0001549636061824604
88,0.004345069122271134
89,0.0001566114195989463
90,0.00755356674451191
91,0.0035165200660281525
92,0.003327989300611791
93,0.050171564449917896
94,0.004146000608293353
95,0.00398718147632312
96,0.004876451854830602
97,0.003450679786400854
98,0.004346773203202303
99,0.007206069126469882
100,0.0033551325050389853
