1,0.00015226456996758953
2,0.00015854493762107198
3,0.0001632541437946039
4,0.00014771893558146102
5,0.0001600642296843656
6,0.00015726577757316327
7,0.0001534174606787033
8,0.0001621360406856282
9,0.0001586620369245333
10,0.0001538250454261405
11,0.003647629077675848
12,0.00015200372775324162
13,0.00015461465381011268
14,0.00015512615260710561
15,0.0001599604008403642
16,0.00015745155697308348
17,0.00015442976076132504
18,0.0033018392818221446
19,0.0033128355505540165
20,0.003390290874351424
21,0.0033283896243230275
22,0.003328059125724915
23,0.0032818522452327257
24,0.0033399086149368167
25,0.0033229535137032054
26,0.0033275814408028634
27,0.0033239270790378006
28,0.0033073726799890493
29,0.003309759563309796
30,0.00015643706176887576
31,0.003329574114064231
32,0.0033365271941996812
33,0.00015043801708506136
34,0.0033367129117842136
35,0.0033442833505013055
36,0.0035166272908655587
37,0.0033316852898095835
38,0.0033233652502580317
39,0.00015845278931083724
40,0.003322097032967033
41,0.003324472361065439
42,0.003314358548790658
43,0.0033248196727575906
44,0.0001503718700359664
45,0.0033263482162615024
46,0.003310248486012068
47,0.003339148066298342
48,0.0033168216170477317
49,0.003554678770335629
50,0.003958247630912507
51,0.003314233944803418
52,0.0033372037114407075
53,0.0032977306593709134
54,0.0033306041845267377
55,0.003870547915999999
56,0.0033161906026886664
57,0.0033180709136281707
58,0.003325880094098112
59,0.003300906444042579
60,0.0033253600448740076
61,0.0032914638394704173
62,0.003328720706650007
63,0.003330643907577537
64,0.0033198327656770265
65,0.0035001912155814122
66,0.0033205801842051
67,0.003336301882658999
68,0.00015222411249332215
69,0.00015264062731365686
70,0.00015736020889935205
71,0.004046369218415419
72,0.0033290159828409326
73,0.0033096385360159306
74,0.003332943748185221
75,0.0034173604496047436
76,0.003308836652773982
77,0.004337327609397416
78,0.0033999160223518662
79,0.0032992733679370165
80,0.00335252558667257
81,0.0033307597844844036
82,0.003323476985989371
83,0.0033430614217976433
84,0.00015393342514638989
85,0.00015339011100418717
86,0.003390178384899234
87,0.0033230419776770137
88,0.0033949705400635375
89,0.003317649755929873
90,0.0033175896517696865
91,0.0033135651286884454
92,0.0033133791492329146
93,0.0033499954098360654
94,0.0033299601212036776
95,0.00016060189789601328
96,0.0001632526692140657
97,0.0033202463516330783
98,0.007499875730858469
99,0.0033574290011495183
100,0.003328487255641676
