1,0.00016050576906563512
2,0.00016242810018206804
3,0.0033199908243205776
4,0.00015935638132089474
5,0.00333149706997587
6,0.003327548485896018
7,0.00331266394396255
8,0.000162251523053545
9,0.0032935194747933027
10,0.00015085154337904092
11,0.00330879908505243
12,0.0033192007291666663
13,0.0033282449200441135
14,0.003315682555441829
15,0.00016342326473304633
16,0.0033346181341573503
17,0.0033200364836580066
18,0.003283230808733505
19,0.0032957723458904116
20,0.00016413385680995185
21,0.003305827869529315
22,0.00015973139569615323
23,0.00015361668889477112
24,0.00016308991585012534
25,0.0040756532545287065
26,0.0033304216733799725
27,0.003387808162192472
28,0.0033134355599011935
29,0.0032911662929438388
30,0.003327621003200223
31,0.0032904458847593954
32,0.0001502166086570056
33,0.0033114649690508934
34,0.00331945615522228
35,0.003314395266373747
36,0.003315022774455214
37,0.003316640625641025
38,0.0033188708806818176
39,0.000150758046286514
40,0.0033169313497523395
41,0.0001545093011572357
42,0.00015179847526757665
43,0.00334206578541529
44,0.003319483598791707
45,0.00015474175528096802
46,0.003322982682705752
47,0.00015706212695882783
48,0.0033002276136993897
49,0.00016110154869182155
50,0.0033245337342772707
51,0.0033312760644165014
52,0.0033193810203378145
53,0.00015895513456670827
54,0.00015719864389806287
55,0.003408010755605202
56,0.0033315939363472466
57,0.0033100768354152967
58,0.0033312816569296823
59,0.0001539800082798381
60,0.0033008554529914535
61,0.00015821517533292197
62,0.0001586410146583222
63,0.0001646733500905106
64,0.0033227760066302917
65,0.0033060051579382015
66,0.0033245880792384156
67,0.0001609940568402436
68,0.003329519508650519
69,0.00016092540217342577
70,0.0033177874075848847
71,0.00015971800439159992
72,0.00015489495953228662
73,0.0033230890155269244
74,0.0033272902577605313
75,0.00015625211043517566
76,0.00016358188592238563
77,0.00015708199497070592
78,0.003298584703508652
79,0.003337494426958434
80,0.0033146366671293723
81,0.00014757066146042942
82,0.00015409033933926237
83,0.0033238484065934064
84,0.00016500872561986854
85,0.000163081928565113
86,0.00015397050676956494
87,0.0035997967672541536
88,0.0033280777387493916
89,0.0033270026218405243
90,0.0001626647917520842
91,0.003309120520668546
92,0.003327590462146972
93,0.00015419741235126396
94,0.00015947781595846788
95,0.0032900481449907935
96,0.00015234428708386287
97,0.0033136676328007647
98,0.0033543788794001255
99,0.00015205894584263737
100,0.0033275456328542663
