1,0.00014811065905346565
2,0.000159991615389694
3,0.0001566123854395978
4,0.00015837746625543066
5,0.0001546627047868471
6,0.00015448106985135052
7,0.00015677428541876676
8,0.0001553043398242121
9,0.000163897663503897
10,0.00016177235546370618
11,0.00015768981686561215
12,0.0001567045819984966
13,0.00015927441650524278
14,0.00015115155852083115
15,0.005676615930874237
16,0.00410934473825161
17,0.00016113503232475802
18,0.00016089008013995065
19,0.00016070117061327513
20,0.0001586960776841868
21,0.003269024649103865
22,0.003382389275746581
23,0.00015445676674630496
24,0.0032820863127115633
25,0.00015759945637504362
26,0.00016030119153414408
27,0.003251144515237325
28,0.003272617919212123
29,0.003276611489698891
30,0.00016093140708250362
31,0.003276646149611177
32,0.004021613650281364
33,0.00328056327173913
34,0.00396885217675941
35,0.00015659791109068607
36,0.00015397533765419192
37,0.00015107040005692512
38,0.005550901731474688
39,0.003281291173105398
40,0.00015713474129224776
41,0.003258206371571929
42,0.0040238376971608834
43,0.0001582196178474362
44,0.0032840953245424523
45,0.00016309582232107724
46,0.0032739566905488327
47,0.00015674498477292074
48,0.00016036851553233737
49,0.003268837676438653
50,0.004356097255219583
51,0.00015547991984047466
52,0.00015974542882172288
53,0.004605019870820669
54,0.003295305084803487
55,0.003291501176510708
56,0.00015460095725670125
57,0.006832660093309057
58,0.00328347791247383
59,0.004819298649051356
60,0.0001589509744581062
61,0.003981301579337008
62,0.0034962842732011007
63,0.026834863211554795
64,0.0058157140268778485
65,0.0033817954139638705
66,0.0033001867601893157
67,0.003260175257131102
68,0.00016174113756295522
69,0.04248242293526786
70,0.0032616003724016524
71,0.005093880236344538
72,0.0032989248808388935
73,0.004309683563768501
74,0.0032752804244518844
75,0.003274235724109477
76,0.014203642819460727
77,0.01583364128171763
78,0.0003944959396870876
79,0.0041130618388262735
80,0.004194899524187154
81,0.004400531062693688
82,0.00327062283662235
83,0.0032575359769867734
84,0.003263268973884027
85,0.0032528894529141933
86,0.005921441435184751
87,0.003770726142467886
88,0.0032907113262870776
89,0.0032802505562040786
90,0.005825356768138612
91,0.0034046561144747954
92,0.00327743735656021
93,0.003402097314586995
94,0.0043624726584332455
95,0.0032760554308516356
96,0.018600343480328435
97,0.009055212360074626
98,0.0034603180014326643
99,0.0032920623313601317
100,0.00670170412577747
