1,0.0001475716947015123
2,0.00015982559878883435
3,0.00015436211079595014
4,0.00015356591233425487
5,0.003353957247421537
6,0.0001527890440509204
7,0.00014757491007305403
8,0.00015362709362306407
9,0.00015667552843667753
10,0.00015755514213543374
11,0.00015863985638747222
12,0.007773130031002467
13,0.00014752578196337187
14,0.0001612183631167521
15,0.005816642938036969
16,0.00016479925036176488
17,0.0033726937399228877
18,0.003753246032053267
19,0.006676679404073768
20,0.00015102731873966035
21,0.008094249899715864
22,0.003359110523596529
23,0.019661737850127956
24,0.0001501724894457777
25,0.0001565900754615281
26,0.01408469250582072
27,0.0033893739005710372
28,0.04270971304100229
29,0.00015594092924928155
30,0.0001554187588476668
31,0.00015830000710586415
32,0.06081065569908815
33,0.015257310028855319
34,0.003980504204573397
35,0.0033381625060928907
36,0.003345885098919602
37,0.003558103588499154
38,0.008959669381348106
39,0.01970142664500406
40,0.018989627055599062
41,0.00016332172118836003
42,0.005345752546015651
43,0.006222744638963704
44,0.004173929682785966
45,0.036631533210912906
46,0.0033631474062667723
47,0.0033519859970388695
48,0.057845926064610864
49,0.00015078265274981665
50,0.03561856611611612
51,0.0033684469394820657
52,0.032610814750762974
53,0.004910844653515427
54,0.005358454515808093
55,0.00016230338262910793
56,0.005785035671570386
57,0.003343978378977714
58,0.0207767646529563
59,0.05766820196793002
60,0.0723336156360424
61,0.02043736388888889
62,0.003373359492034656
63,0.034190987762237765
64,0.0035404763225287193
65,0.004378850483593962
66,0.007636336202551582
67,0.00397192298737498
68,0.003377646018312986
69,0.054169717472375686
70,0.0033363876180627374
71,0.00015468271509206578
72,0.0033865034075549554
73,0.006958042264638348
74,0.01880492132324408
75,0.0033549312806859834
76,0.003361820163934426
77,0.00015918899675783086
78,0.004303884829366217
79,0.011177383260318191
80,0.0033651742426347975
81,0.00014818568656547795
82,0.014810754644057436
83,0.008791659692028986
84,0.003960272533311535
85,0.042561843829296425
86,0.0033689614938755457
87,0.02710682862596633
88,0.003400319247818744
89,0.06906034021739131
90,0.0033598747492811563
91,0.01630497244842562
92,0.00015397833937079908
93,0.007176978262799645
94,0.0033731672438053507
95,0.00980664865575096
96,0.03505220875763748
97,0.035307790556660036
98,0.0033486608489202946
99,0.005828605
100,0.2622969902298851
