1,0.0001517967695630041
2,0.00015895885126843406
3,0.0001602075890334939
4,0.00014822200948814228
5,0.00015869572769457223
6,0.0001518815387983135
7,0.00015581208543313967
8,0.09143965495169082
9,0.00016482430582452726
10,0.00015371356466319913
11,0.007655709713719843
12,0.0001640211284200924
13,0.00015126335091551115
14,0.06470998480707395
15,0.00015832486836041303
16,0.003451131284259984
17,0.00016219695329573966
18,0.00015728383233143487
19,0.0001653388870870353
20,0.16425564581818183
21,0.00016486342093605314
22,0.1078317376884422
23,0.007608152217435377
24,0.019961255627101993
25,0.04880674955919395
26,0.0001615354254701123
27,0.0001560565845448336
28,0.00015723744179288384
29,0.00015597712709011072
30,0.4559748123809524
31,0.00015470508306305388
32,0.00015978869320972802
33,0.00015169242462993837
34,0.0001611813004656727
35,0.00016185166446508212
36,0.00016672632865937748
37,0.05963890510204081
38,0.045761787995198075
39,0.4259158304545454
40,0.1409183971608833
41,0.004937894595969875
42,0.003368494262466097
43,0.034059635056925996
44,0.0034881639574192618
45,0.0820603964566929
46,0.013882972416261094
47,0.0032725121469691838
48,0.05693724776223775
49,0.016959500174825174
50,0.37415014603174607
51,0.00910200847447811
52,0.17721028365758756
53,0.00015695947697985064
54,0.16887895
55,0.003277256140835347
56,0.011742834088156939
57,0.09952829779069769
58,0.08709822826086956
59,0.0032470514423721996
60,0.40958325263157896
61,0.01885990138190955
62,0.34586183222222217
63,0.004456307834990354
64,0.00015233474035671282
65,0.1099673423664122
66,0.15459008811188812
67,0.1094902320802005
68,0.11389043756476684
69,0.11993463200549452
70,0.2519107565934066
71,0.004368738417110369
72,0.00015567469131371142
73,0.006799716033637
74,0.4498406133333333
75,0.00015383205319261688
76,0.19201509504310346
77,0.0032471211989692126
78,0.825594350862069
79,0.0001649032466002608
80,0.29800110870967744
81,0.007170874149408285
82,0.6556237972222222
83,0.028937087357259375
84,0.4545255547619047
85,0.24564773710526322
86,0.02939725105842506
87,0.0032827007813316976
88,0.017281871287434192
89,0.00822409937234945
90,0.10647353576732671
91,0.12129404819444445
92,0.34242538185185184
93,0.22553483
94,0.056223499014084515
95,0.04185333682033097
96,0.004884589557281161
97,0.4216107380530973
98,0.03549078847656251
99,0.014568361768237765
100,0.14330057907348243
