1,0.00015392361278179976
2,0.00015590751080558319
3,0.00015801515480583147
4,0.00016571412535730596
5,0.00016077675321310824
6,0.00016043436860765258
7,0.00015874606290449043
8,0.00015713362923509123
9,0.12727447854838708
10,0.00016257489233721225
11,0.00015952487413210462
12,0.00015106780708357554
13,0.00015540075699984284
14,0.00016375943253951934
15,0.00016150000507700118
16,0.00015742591528737133
17,0.0001600831616483885
18,0.0033092506954102924
19,0.00015186848345700898
20,0.00015389435146973994
21,0.00015889152293854843
22,0.03261238326923077
23,0.00015442974611309013
24,0.00015510245228855284
25,0.004976518618387262
26,0.00015459070292738727
27,0.00016141690393737276
28,0.006710969129470474
29,0.003828498518957346
30,0.00015720523728440268
31,0.2512472458791209
32,0.013829881353591162
33,0.009459213969584714
34,0.0001547601400806252
35,0.00016359959137309438
36,0.004452302836843714
37,0.05203110581395348
38,0.033940609617321246
39,0.000153420303201676
40,0.003772326414653157
41,0.004319525161754133
42,0.018971702970922884
43,0.3073034003289473
44,0.0060373932614873095
45,0.0001596465003365537
46,0.13353698081570997
47,0.00016227724638807423
48,0.00015828594184026356
49,0.00015183929475135851
50,0.06284534176090467
51,0.0033098121068859195
52,0.0047563305127681
53,0.00015678724554137326
54,0.0001534897204885792
55,0.7663513222222222
56,0.01990899047227926
57,0.0001594965674199597
58,0.003393372643240192
59,0.029914540521978023
60,0.018881186540880498
61,0.16586543450184502
62,0.043038441707021785
63,0.03162783664479849
64,0.00015853172229922166
65,0.16809037180451128
66,0.0035619913918739877
67,0.0001564475815561733
68,0.2173362247596154
69,0.00015464939795609598
70,0.022647947401617994
71,0.017671291838489186
72,0.00015684495741784748
73,0.003289024726164475
74,0.005727414519367029
75,0.029199081089193824
76,0.30171829771241826
77,0.16050844121863803
78,0.37203932913385823
79,0.23516885177664973
80,0.017556002005021817
81,0.10485134682926828
82,0.00016209327703881667
83,0.16109808853046595
84,0.02332423577604715
85,0.06032746648936169
86,0.02231786567679558
87,0.005306955327286635
88,0.05854092955927051
89,0.04559823702337023
90,0.02671706711790393
91,0.11701223364611259
92,0.00015814259185837904
93,0.22065055480769233
94,0.08540189818181819
95,0.3525206712121212
96,0.285333551863354
97,0.043797780541871924
98,0.004901954634121689
99,0.07506563827838826
100,0.010907466209946653
