1,0.00016634437367855535
2,0.00015622723148054352
3,0.0001552404113019985
4,0.00015910768218375178
5,0.00015682213377588694
6,0.00015739156756774877
7,0.00016255655798892376
8,0.00015547387230313702
9,0.00016490020176253184
10,0.00015679100573064972
11,0.00016075425362447644
12,0.01383400499476074
13,0.0032861120065789473
14,0.00015872520039932574
15,0.003295719897959183
16,0.00016060383543539132
17,0.00015463224792398465
18,0.00015760229641540265
19,0.0001651376076366848
20,0.00016099886450320752
21,0.00015877543100950778
22,0.008856772899926956
23,0.003983213486193294
24,0.0032650023967372164
25,0.00016063376206266629
26,0.00015668994255555209
27,0.003352430864669493
28,0.00336881644141006
29,0.00015513710554755045
30,0.00015689939947535582
31,0.003264584886022386
32,0.02687158884228188
33,0.0032798082025144405
34,0.006263603547014059
35,0.003519329519035164
36,0.0001558439334618874
37,0.009103587465814663
38,0.00014820498748860868
39,0.0001541523371954298
40,0.024998377293609084
41,0.0001668390911789356
42,0.0035569340513564238
43,0.00015316146346283174
44,0.0001507656960204972
45,0.018136009012715032
46,0.005884987839805825
47,0.004344054528318823
48,0.07073208735042734
49,0.004368870452700875
50,0.0032995065654273154
51,0.005290591814713897
52,0.00015879096956544685
53,0.0075575762309130585
54,0.0001600477133015368
55,0.10016275160919541
56,0.007900939410231345
57,0.0032886683839372355
58,0.0864516224385246
59,0.011932169682812884
60,0.06323198196457329
61,0.019078893777491536
62,0.006348467352016762
63,0.01766155654154519
64,0.0032839801290278996
65,0.00016780042304769273
66,0.0032948948734565797
67,0.00015559403470786253
68,0.00015488861889550602
69,0.06405513148148147
70,0.005067370676186989
71,0.016572331693989067
72,0.00016091119302521546
73,0.005372694072307863
74,0.044777148874407584
75,0.01741953711414214
76,0.061854543433544296
77,0.0032864023866511663
78,0.0049197013292744795
79,0.0033085266427840326
80,0.054013342748618784
81,0.1454127726973684
82,0.03750942891949153
83,0.017305467463562964
84,0.05171169758064516
85,0.007341685660205935
86,0.04019722161366314
87,0.03640364061538462
88,0.10854175634715026
89,0.0034961332684404064
90,0.003282423360768314
91,0.23319015329949233
92,0.003395517290671537
93,0.019071697367387033
94,0.003284730511631226
95,0.0067211798125
96,0.014197492273924495
97,0.01809100113721104
98,0.032497741617356996
99,0.003971626504934211
100,0.0032807731086061135
