1,0.00015676838671231682
2,0.00015171153414621815
3,0.004302451252471984
4,0.00015073071236257015
5,0.0035419456396597647
6,0.00014918448200552833
7,0.00015106882262595024
8,0.00015396174133073908
9,0.0001612176456239964
10,0.00015939187502464803
11,0.0001597459946761757
12,0.006375662743549237
13,0.00016122575091945878
14,0.04089734478021978
15,0.00016243505387171481
16,0.00014825244124474281
17,0.00015865291417475473
18,0.00015196472456337028
19,0.0001485929666995256
20,0.05691324866468843
21,0.00015978367235723517
22,0.03038113589065256
23,0.004480043241832017
24,0.019863327149810282
25,0.00494259577170254
26,0.00015137929501999502
27,0.003336231841375486
28,0.00015317696101448174
29,0.003339525311418685
30,0.015167929247914559
31,0.0001553290243282263
32,0.29845293548387103
33,0.00016435099755881809
34,0.05411581542776999
35,0.00015428884144841543
36,0.00015500504695137968
37,0.00015440480820372827
38,0.00015389679572827848
39,0.0001585138890623788
40,0.00015022501286245912
41,0.010291637859042552
42,0.9457475843750001
43,0.10348785346062052
44,0.009451125029239766
45,0.00015156531027322022
46,0.2851006052147239
47,0.02788204399488927
48,0.00015333636350524054
49,0.0049317044008537455
50,0.29510171993670886
51,0.00015691670317824786
52,0.1359765276923077
53,0.470523808910891
54,0.19963777380952383
55,0.0001564169765861346
56,0.19123628262711864
57,0.004360910033369409
58,0.4097323171052631
59,0.12301668901408452
60,0.00015105437993894212
61,0.271759779239766
62,0.0041647663968308645
63,0.03216560772900764
64,0.013122577925463251
65,0.3801178076612903
66,0.14667401233552632
67,0.12825044631268437
68,0.0052778822540269915
69,0.04968545441919192
70,0.17436316068702293
71,0.0033405722286573517
72,0.003970848505445911
73,0.003953187462334066
74,0.0550478804558011
75,0.01024821877641589
76,0.2203389620772947
77,0.0643528416252073
78,0.003921402901713546
79,0.11721549973404254
80,0.16993137999999997
81,0.1951577709051724
82,0.0033516925596054794
83,0.045588377677496995
84,0.08006921009433962
85,0.019889267999179998
86,0.15931429715302492
87,0.1066987650485437
88,0.06408460582677165
89,0.021630848179046615
90,0.00573732467740026
91,0.32584232500000004
92,0.00015639646105618346
93,0.061745263423831076
94,0.3174694070945946
95,0.042952038965517234
96,0.28967112375
97,0.10244019427207637
98,0.003937584420172162
99,0.09167779279569893
100,0.017233790131956393
