1,0.00015452942337804645
2,0.0001539420144867681
3,0.0001482151926378075
4,0.00015480803436716323
5,0.00016381791795784894
6,0.00016368984573368264
7,0.0040500015352060185
8,0.00015432094483514925
9,0.0033344716791018753
10,0.003316101205859995
11,0.0001600625258740981
12,0.0001516175946085562
13,0.0033275743649361475
14,0.003313062297678903
15,0.00016032990813824916
16,0.0033313016695652176
17,0.0001672172187453056
18,0.0033209249044807215
19,0.0033090006649389627
20,0.00333841794513855
21,0.0001535667993573724
22,0.00016758732985809442
23,0.0033367529646482316
24,0.0001584022057313741
25,0.0033339867903704216
26,0.0033234108025328654
27,0.0033482693961952026
28,0.00016277273891030923
29,0.0001479593362539465
30,0.0033747144139350082
31,0.003312526885030437
32,0.003316454219904689
33,0.0033481916712600596
34,0.00332026376151821
35,0.003311006493115612
36,0.003310495198186439
37,0.00015851534500134547
38,0.00015851508152853918
39,0.003505106233261339
40,0.0032986112375043095
41,0.00015628434743333454
42,0.003313069845681379
43,0.0001507388148081808
44,0.0032968917664876773
45,0.003319015536625742
46,0.00015543196187901707
47,0.00015785946590995132
48,0.003324144079223138
49,0.003321057215963731
50,0.00014781126757248896
51,0.00015875570153481327
52,0.00015025243822312887
53,0.00014783305263571143
54,0.003327836476568717
55,0.0033171162099364456
56,0.00015162091353584177
57,0.003334517413057169
58,0.00015530044186995437
59,0.003304755025438619
60,0.00015299264641281443
61,0.0001640189270151575
62,0.00015488503445025968
63,0.0033056338630553447
64,0.003345597012296215
65,0.003322366837087191
66,0.0001538317532886747
67,0.0001623726241965566
68,0.0033166113226863222
69,0.0033058525523012553
70,0.003316950800331172
71,0.00016746584295304834
72,0.0001523417882332021
73,0.004255812585405534
74,0.00015778020941768206
75,0.003326282044982699
76,0.003318118287937743
77,0.0033354164632031624
78,0.0033082526873580618
79,0.00015212352902399518
80,0.003338156961284101
81,0.003336648369828003
82,0.003286161528701735
83,0.00015958206454082482
84,0.0033428459462312623
85,0.00014856393083064788
86,0.00015909911126169124
87,0.00015978153116444327
88,0.00015087097720426298
89,0.0001587541092134334
90,0.00015825428223526145
91,0.0001568235022708868
92,0.00016114340963925122
93,0.0033308450528285274
94,0.0033194669708657616
95,0.0033261610940076972
96,0.0032883873338358225
97,0.00015539842464976233
98,0.00014750201680191566
99,0.003342575057423262
100,0.0001539360589432834
