1,0.00015187879958277907
2,0.00016282210250218292
3,0.00015438300496339457
4,0.00015891705807563386
5,0.0001574109525438559
6,0.0001570772707412274
7,0.00016105275793169255
8,0.003317956140558724
9,0.0001573794143725584
10,0.003299132116989722
11,0.0001579152902785591
12,0.00015902414360299404
13,0.00015685744983471697
14,0.003290051702156517
15,0.0033052287405886376
16,0.00014808798755135683
17,0.003341364931734701
18,0.00016304734653239266
19,0.003318205034556228
20,0.00015334680401680773
21,0.00015098836149871447
22,0.00411619417050569
23,0.0033104043693009126
24,0.003329821340114993
25,0.00016038763224893922
26,0.00015567759276818
27,0.0033379467791939373
28,0.0033222003582994556
29,0.00015352581815769053
30,0.003343601715909889
31,0.0033642056331569664
32,0.00016233800184954338
33,0.00016054578718327847
34,0.003350641387895365
35,0.0001571103586479852
36,0.003299713258552219
37,0.00015199402081973758
38,0.0001623502534103827
39,0.000166983465027247
40,0.003334228601680205
41,0.0033086037566466405
42,0.00015378032942351742
43,0.00015158942827299795
44,0.0033187223596509306
45,0.0033315823626412187
46,0.0033191230667125485
47,0.00021544938133284664
48,0.0033302010460832692
49,0.00015023736374602476
50,0.00016228016062700516
51,0.00015311464119312625
52,0.000151993292974416
53,0.0035569932416267946
54,0.00015042390771562457
55,0.0033197500311138773
56,0.00016090383970878127
57,0.0033339944136209164
58,0.0033082177612246294
59,0.0033462485003431714
60,0.0001563638034538942
61,0.0001542632570870151
62,0.003341952087146276
63,0.00016219813270724535
64,0.00015548232757083144
65,0.00016402359808638455
66,0.0033298236248624873
67,0.0001530963790140151
68,0.00015757809369624606
69,0.00015847071334151638
70,0.00015619895040264723
71,0.00015810850835889687
72,0.00015312428711509334
73,0.0001513353282344971
74,0.0033552248162529467
75,0.003342937053072626
76,0.0001599798035726828
77,0.00015396650918204512
78,0.00015949846734421858
79,0.003341598166594544
80,0.00015547708215400515
81,0.00016152640074211503
82,0.00015642584250388824
83,0.003921584751916096
84,0.003325835491148907
85,0.0033366723020947144
86,0.0001627060801545939
87,0.00015094139335598082
88,0.003349475868321942
89,0.0001561872107834372
90,0.003326233842992477
91,0.00016380413007913492
92,0.003386592686673811
93,0.003329149062120253
94,0.00015459571357836108
95,0.00016195459524258505
96,0.0033549685174379426
97,0.00016421777818406073
98,0.003332328286838834
99,0.00016925393506702374
100,0.00015525470918489946
