1,0.0001551604321208546
2,0.00015523991276989433
3,0.00015082009624906175
4,0.005437306369426752
5,0.00015403862615151581
6,0.0001669907424323841
7,0.0001567560492892974
8,0.003353768179556272
9,0.0048735525565042695
10,0.00015583799293496933
11,0.003345061120707525
12,0.00015713050099027496
13,0.030379110685302073
14,0.00015719924680380706
15,0.005783691918708906
16,0.0034569431574814386
17,0.004754401568473678
18,0.008857915315068493
19,0.00015791686153004817
20,0.00016338644419602887
21,0.00015484627958484222
22,0.0033630617620801252
23,0.00016274188229376595
24,0.005362184810476295
25,0.00015694762171035757
26,0.0001538148381823289
27,0.00016106590119924127
28,0.0033608788052470256
29,0.00015413456217182656
30,0.013180821807065217
31,0.0001523316227596102
32,0.03141800461538462
33,0.0001540017500524354
34,0.000156624359462235
35,0.00015415611692730155
36,0.003903219091275439
37,0.00015006089252507897
38,0.00015925055023663793
39,0.0001533986795281215
40,0.004962634957776214
41,0.0033561904682792593
42,0.0057512128440911255
43,0.00016287615103893362
44,0.0033576060121976578
45,0.00015826109029020924
46,0.0033986972441222025
47,0.0034190491573632942
48,0.005540756948415876
49,0.00015011461661292418
50,0.00015069721163751907
51,0.0033640396478530166
52,0.008148777676920491
53,0.00015370786937746585
54,0.00016089246073721728
55,0.00837857858130292
56,0.003393824215325887
57,0.00015416508329788926
58,0.00016960802721707508
59,0.004879484083375189
60,0.0001581553744398619
61,0.00016391717439005133
62,0.00015239537953698753
63,0.003306109736517085
64,0.009224439459665145
65,0.00015433355304620352
66,0.00016314657985498193
67,0.011002330850464656
68,0.00015829032549302848
69,0.014538774081755338
70,0.0033527366420315406
71,0.000153638249057452
72,0.000161714661199539
73,0.01670580781996903
74,0.00015877422452579632
75,0.00015112680465523712
76,0.00015058122823121258
77,0.00014810012446899422
78,0.0001591601883667219
79,0.018792062804775023
80,0.00015349365341650346
81,0.0048380763017478725
82,0.0626390235340729
83,0.00015465609640615715
84,0.006173126721938775
85,0.004331221786609381
86,0.0033489170151958735
87,0.00016059619137748086
88,0.028760370960884362
89,0.0066640670880857514
90,0.00015951548194084684
91,0.0033661053607599357
92,0.003319394674124898
93,0.0033671172638664896
94,0.00015131666817660202
95,0.0001667983884679035
96,0.000164023473383373
97,0.006395619520482727
98,0.006604169119925628
99,0.008318327826385315
100,0.05301872070422534
