1,0.00015164823139723118
2,0.00016169845112053708
3,0.0001513129549410955
4,0.0001503134999002593
5,0.0001655716811625203
6,0.00015543304807409623
7,0.00015477025915716064
8,0.00016011218180966621
9,0.00015852187728160216
10,0.000153875704472104
11,0.005789248475967175
12,0.00014752174848990145
13,0.00015300757063889828
14,0.00015423075583314373
15,0.0001551075050963031
16,0.0033073205445205483
17,0.00496347196744805
18,0.00015453515605608344
19,0.0033090387754400436
20,0.0032911267651089425
21,0.00015131711720474245
22,0.00016024464221063074
23,0.00016078161157093498
24,0.0038937503805479877
25,0.00015030408176712373
26,0.00014749027478235042
27,0.004423183789080302
28,0.004937207968654589
29,0.0033276886665748327
30,0.003316254872925524
31,0.00015483570403472522
32,0.00015936506785702798
33,0.00954262070948903
34,0.003336005812643675
35,0.006257628788826352
36,0.005823198189800337
37,0.00015747176410999027
38,0.003551049153598124
39,0.004373777522147894
40,0.00398444083806234
41,0.020220178806841887
42,0.00015047485773577357
43,0.007275226018643813
44,0.04215151434195726
45,0.0033108174452954045
46,0.003333295188601322
47,0.00399779861191202
48,0.009376623486753046
49,0.006720389385086255
50,0.010626575027382257
51,0.003305038669933973
52,0.0033206111474619465
53,0.046922462924281975
54,0.003319595522952172
55,0.0033098839102982803
56,0.07018817874564462
57,0.004534988798989804
58,0.003330958205418679
59,0.0159757845358761
60,0.0033268796477291156
61,0.04044949360655738
62,0.0058146073720259555
63,0.08025264578544061
64,0.0033133938788972987
65,0.0033287144359597366
66,0.0054808737351443116
67,0.09176193400852879
68,0.0033020211199506207
69,0.003335464451927869
70,0.003335872287829586
71,0.01051083547443674
72,0.0033407115028646983
73,0.00867281970293486
74,0.006988498998847594
75,0.004942233201883038
76,0.0035590019560261784
77,0.00330741125341016
78,0.003318498002204463
79,0.0033310898504051527
80,0.003316084297119055
81,0.08553981526639344
82,0.0033080864973718347
83,0.0033273164068965523
84,0.0033502997629505683
85,0.0033469531652427047
86,0.003341535799349165
87,0.0035566890472342617
88,0.005343891038203237
89,0.004492070953022143
90,0.00333085505662186
91,0.009301794468546636
92,0.0033330453713968956
93,0.003359362840933118
94,0.00333711403357281
95,0.0049983711287169465
96,0.0033325122619456853
97,0.0033109241614184015
98,0.0035025267366136027
99,0.0046165345409476585
100,0.011732739563327182
