1,0.00015315288138616383
2,0.00015098308010875065
3,0.0001584699724281887
4,0.00015655982566396237
5,0.00016184918044633823
6,0.0042735825626249455
7,0.000156661360779122
8,0.00016012596845443178
9,0.0033788249036815067
10,0.003972163134169331
11,0.0033522058325788705
12,0.0033473237471407778
13,0.00016067602417072776
14,0.0001519466254704667
15,0.007102453776767381
16,0.00015468248643904267
17,0.0033651673523902026
18,0.011940122211573425
19,0.018879081895791152
20,0.0001556119750939331
21,0.003364965964900111
22,0.0033594398175104735
23,0.0033463066308659947
24,0.00015500838740342346
25,0.018042851230492197
26,0.036768511150353185
27,0.0033723474854661347
28,0.00015697742457654955
29,0.004697458692077005
30,0.00015587998380315885
31,0.00015720981834404816
32,0.009222210237972064
33,0.00016071663567929586
34,0.013468280788003354
35,0.00015656583464407616
36,0.00015235595411096042
37,0.003698748084847349
38,0.003355311987812566
39,0.003976377981801787
40,0.00015799214222641036
41,0.0033774143100333514
42,0.00015418299460007788
43,0.00016020077664666844
44,0.00015471477962197402
45,0.006648946663469443
46,0.00016400415745269553
47,0.0001558716412049559
48,0.0052240064500484965
49,0.00533616560642747
50,0.0001580962216962525
51,0.003367243092862625
52,0.011772462034496277
53,0.0033626766522029377
54,0.0033682455922384312
55,0.057154696153846156
56,0.00015891091829682384
57,0.00015268384756845116
58,0.0001557856692413992
59,0.0033692925290575546
60,0.00016043070430548352
61,0.05062894595115682
62,0.00015654546261135549
63,0.004862749773242631
64,0.00015277538812440142
65,0.0033486660164499275
66,0.004925256270962496
67,0.0033333738354037264
68,0.000162983867479254
69,0.00014760866723888437
70,0.016826466209373697
71,0.019305568427780147
72,0.02166975171673543
73,0.0033369443141592924
74,0.0069749137973225865
75,0.003367716810524851
76,0.00015730057398870203
77,0.0001598434099502801
78,0.009162374787535413
79,0.0001513275400557215
80,0.04342363352668213
81,0.00015378827235725993
82,0.00015699111665754258
83,0.03148110063176895
84,0.04996347029950084
85,0.00015966574558367092
86,0.00015393580134162577
87,0.0033609052124903734
88,0.02114843103714582
89,0.00015219143388017965
90,0.004350784113998023
91,0.009184655393641182
92,0.00016057767427179112
93,0.0034016730970386597
94,0.00016203093248151225
95,0.00015532626228921155
96,0.0001569891188757447
97,0.0001512563037136075
98,0.0060979480249087935
99,0.003490403387631541
100,0.007219302590827874
