1,0.00015653968131400714
2,0.0001639495512767795
3,0.00015432656379592153
4,0.0001479375376688121
5,0.00016124739581830597
6,0.00015489647710270992
7,0.00015362437864710626
8,0.0001516059530248618
9,0.00015786192776461475
10,0.00392833933074539
11,0.00015486932992089345
12,0.0032875363645683826
13,0.00015118912869565622
14,0.0033255355019493177
15,0.0001597024415552402
16,0.00015171215379025869
17,0.00016108390545341666
18,0.00015698312969724754
19,0.0001550601705239478
20,0.00015398225301894314
21,0.00016604904865953735
22,0.0001625208766670952
23,0.00016310009190777773
24,0.00015073135509349576
25,0.00015575175004572454
26,0.00015736389878793887
27,0.000154844439830136
28,0.0001506613832543444
29,0.003313815487796446
30,0.00015758294164444124
31,0.009425510369860978
32,0.00016434080376222148
33,0.00016131528875298407
34,0.00016416237784515786
35,0.005614357685750818
36,0.00015060434897075982
37,0.00015113367295513757
38,0.00015163016787063526
39,0.005495045468357776
40,0.00015408680443806694
41,0.00015911900751051602
42,0.0033357245326891567
43,0.006709405684808198
44,0.0001550769868301544
45,0.00015119119026623515
46,0.00015141553288898954
47,0.00015240989574872668
48,0.003338316887645881
49,0.005816226797307045
50,0.008864087961608777
51,0.0033319985592755214
52,0.00015580658388955875
53,0.0001544547707648923
54,0.003308254445664105
55,0.00015454745529197667
56,0.0001587311045421164
57,0.00015984447824240216
58,0.0001541468270817081
59,0.0062560252738755
60,0.003321632446589975
61,0.003360562191109556
62,0.00014920712456769594
63,0.00015610033838636868
64,0.000164342789538886
65,0.0001551533780645988
66,0.0001501396878810721
67,0.0001586090668949748
68,0.00016426741853541287
69,0.00016133291955599665
70,0.005492726883996613
71,0.00016717885819398927
72,0.000154529757464613
73,0.005662538945532599
74,0.00015830516780366302
75,0.0001584335475493468
76,0.00016055490020621467
77,0.00015549975345066972
78,0.003328315656898255
79,0.00015188087635060736
80,0.00016428523295265474
81,0.00014830916016609315
82,0.0001574546946138363
83,0.0001523235345612614
84,0.00015068823410943947
85,0.005326284111015052
86,0.003334798771337186
87,0.00016197640272378792
88,0.010292383460640783
89,0.00014924893251896002
90,0.00015959962354700156
91,0.003341449319255349
92,0.005819973056155507
93,0.00015312948151116805
94,0.00015437145744724568
95,0.00015827801393454176
96,0.00015672735838264504
97,0.0001537492216685831
98,0.00015657263592781063
99,0.00015397078370502795
100,0.00015173959779969242
