1,0.0001504214129217051
2,0.0001493248820673592
3,0.00015470401529678768
4,0.00015588735222233458
5,0.0001533887987890583
6,0.00015145729684188085
7,0.0001501777624117066
8,0.00015690381304629333
9,0.0001597930465197279
10,0.0033105723206426053
11,0.00016069270028944643
12,0.00015812210178052367
13,0.00015649472909809087
14,0.00015546053900268984
15,0.00015479176593767544
16,0.003316255374522274
17,0.00015985412821256328
18,0.005549737726024261
19,0.00016048705667771177
20,0.0035454215623856567
21,0.0037944806834194463
22,0.050699962145748984
23,0.025581242240663903
24,0.00016352144327196527
25,0.046330340279465365
26,0.018878640031446542
27,0.00015891579444194718
28,0.003970060377590302
29,0.005630082062311091
30,0.00016258567028359713
31,0.04479711735074627
32,0.00015492407299187252
33,0.006265813936225148
34,0.023399091548873596
35,0.01918793441455696
36,0.006224737952503209
37,0.017404025878813345
38,0.0033483443883940995
39,0.00015072415449830662
40,0.022048779545454544
41,0.00015673422778067242
42,0.009271361381880736
43,0.00015879193229299343
44,0.011160547335786862
45,0.006290016397905759
46,0.006773562279843445
47,0.003977683024286184
48,0.0033205872089029326
49,0.003335775687757909
50,0.00015489927603092786
51,0.012326824593289274
52,0.0001527286643680475
53,0.00016118676122184146
54,0.010987687349985934
55,0.00015327504643293305
56,0.00015466321416336478
57,0.006661337883636643
58,0.004553854360328085
59,0.13140427692307693
60,0.003300787968024051
61,0.00016348130901100812
62,0.00014837705634369587
63,0.0725588733102253
64,0.00016336686125898928
65,0.008250620355563117
66,0.00015116010643100042
67,0.00015353998644514243
68,0.038889209358288775
69,0.0001616953897063548
70,0.0041531710993820805
71,0.006430264910418049
72,0.0639619041867955
73,0.0001593412933291341
74,0.0055031089862796236
75,0.006163728536895674
76,0.00015500749170015726
77,0.003326725782548476
78,0.0001565969036239259
79,0.00015020909433974036
80,0.003948715100204499
81,0.04417168795454545
82,0.004881282736418513
83,0.0036458084623478136
84,0.00015043847736302885
85,0.0001556574492774235
86,0.0001609568589471985
87,0.00015708234488321138
88,0.011537480445668736
89,0.00015063249760419775
90,0.006105850345435837
91,0.00016264090411033952
92,0.0071168526733254986
93,0.003311784292960449
94,0.00332487592477356
95,0.0033338143029592324
96,0.055090767200557104
97,0.00443137741964938
98,0.00015369187865127187
99,0.05159798184176395
100,0.03928139989316239
