1,0.00015445491512117274
2,0.0001601280800860394
3,0.00015789699240302866
4,0.00015344802816113216
5,0.00015847862841262056
6,0.00016465775891864144
7,0.00015671400146818925
8,0.00015135966138078098
9,0.00015558125634583845
10,0.003269837542596426
11,0.00015908929904340414
12,0.00016408756051765452
13,0.00015387916004303354
14,0.00015629639444550146
15,0.0001584868140830434
16,0.0001509327970605004
17,0.00015170754564211578
18,0.00015115973054452266
19,0.00015361950378074872
20,0.00016073538788608101
21,0.00016030117788051707
22,0.00015880080431443478
23,0.00015158914103947132
24,0.00015389778582790162
25,0.0001543780555517771
26,0.003998378719815901
27,0.0032857105152143845
28,0.0032576520589037367
29,0.0001613549246241717
30,0.000151880886829327
31,0.0033350540365469443
32,0.00015463396877263638
33,0.00015224845555359597
34,0.00017022486003630553
35,0.0001577773292512132
36,0.00016281335451745084
37,0.00015187564022034765
38,0.00016664643390933143
39,0.00015940002830647804
40,0.00015778186035196378
41,0.00015819785675963912
42,0.00016471124862531392
43,0.0032595558855585834
44,0.00015845807801269607
45,0.00015912968808637403
46,0.003258990301724138
47,0.00015372056561184806
48,0.0001583355500088268
49,0.00015905318535629334
50,0.00015172195817520534
51,0.00015383789448272138
52,0.007647179437581042
53,0.00016541821980582097
54,0.00015091286591829096
55,0.00015049429169874482
56,0.0032709824409823795
57,0.003246382128919392
58,0.00015975451599439027
59,0.0001515532333699079
60,0.00015573051141575946
61,0.0001503120653888948
62,0.00016478899406137593
63,0.0001586756294918407
64,0.004970911754168044
65,0.00015078328881263777
66,0.0001606768241003669
67,0.00014803944062021285
68,0.00016117257026212854
69,0.0032958135716614147
70,0.00015557810245427482
71,0.00015512209403403438
72,0.000156212199831722
73,0.00016129901489628476
74,0.00015100940134854708
75,0.000154176184611207
76,0.00016153941166365768
77,0.00015466585762655263
78,0.00016779585431754877
79,0.0032582451527314784
80,0.0001676157570270438
81,0.00015436142687076453
82,0.00015957873210497968
83,0.00015735670288470561
84,0.00015503048026520655
85,0.00015661802897262535
86,0.00015181145086896932
87,0.00015447950753022134
88,0.0001666501696851398
89,0.011951137097772277
90,0.003278911068289872
91,0.00015721949897750512
92,0.0068933702825500496
93,0.00015736272364277328
94,0.0001615907569479246
95,0.00015847541772034585
96,0.012900955305851065
97,0.0001636926735648482
98,0.0001562308988183471
99,0.0001600480802936429
100,0.0001554040943819494
