1,0.00015716589153587078
2,0.00015090287134084218
3,0.00015994193640453495
4,0.00015294443945259602
5,0.0001522509016746472
6,0.00016913463139580747
7,0.0001542937236337565
8,0.00015094683198026208
9,0.0034176418304581444
10,0.00014821733346099647
11,0.08417092848484849
12,0.00015840603690903975
13,0.00015306850782856237
14,0.00016329706513323715
15,0.011990175540123459
16,0.021143171851361903
17,0.005272511279626005
18,0.00015605659755897408
19,0.006664166838275674
20,0.00016216222765829191
21,0.008733925935925124
22,0.011959890458579881
23,0.0033407264075954956
24,0.00015358733470221544
25,0.0001584800919655931
26,0.19242381455696203
27,0.005492141933476638
28,0.00016076782144399906
29,0.0730738057996485
30,0.0033315147019913663
31,0.178219383531746
32,0.08286885127201565
33,0.06840964915254237
34,0.00015851525886988044
35,0.007311325342878672
36,0.00016036612968841702
37,0.004921247613001524
38,0.00015915932866570416
39,0.10608323626237622
40,0.003348924164334375
41,0.09738317849099098
42,0.003349287215751525
43,0.032383366237350504
44,0.00016290674588351312
45,0.007216164659530181
46,0.0053381718289665595
47,0.07742856034798536
48,0.0033247671390765374
49,0.003552872840501136
50,0.55514402
51,0.00446294685828877
52,0.011861569054021024
53,0.0033532763841576077
54,0.0001639224949591726
55,0.017560766092289723
56,0.007717336645962731
57,0.00015131629519020678
58,0.003348261465623237
59,0.012361835635992864
60,0.008397847061373094
61,0.13761333349056604
62,0.005568096113155474
63,0.054891652754820934
64,0.00015602612890781967
65,0.0033493038365478003
66,0.007546110057515934
67,0.1484878001644737
68,0.12267717955182073
69,0.00015728093679271608
70,0.020009725199468087
71,0.0001487650977806329
72,0.004571703301575323
73,0.00016006562686636495
74,0.00015467389995885316
75,0.0001548102820767968
76,0.00015665663277974218
77,0.00016174005668804397
78,0.004131697229885937
79,0.07917252157598499
80,0.00016139871521678295
81,0.21381542232558137
82,0.02235623988847584
83,0.00015392262671799377
84,0.0033355839232250407
85,0.16694865666666667
86,0.00537752743063263
87,0.06847617958333334
88,0.010227545990241888
89,0.11326472207792208
90,0.1184929427027027
91,0.00015313388702564902
92,0.004379293682783551
93,0.033102350193236714
94,0.005260620316909051
95,0.03778107283505155
96,0.00015066044557210365
97,0.09491807605790646
98,0.00015310761716819747
99,0.00331667192323738
100,0.20880483073394498
