1,0.00015420068490346877
2,0.00014824537055465028
3,0.0001508564244700332
4,0.00015855514988279544
5,0.00016753681613704123
6,0.00016237130560997146
7,0.0001557025264781987
8,0.00016155360459480116
9,0.00015037438213780794
10,0.0001570520881410468
11,0.00016280730955087628
12,0.0001499533415028131
13,0.00015336698937883648
14,0.003895211179534046
15,0.00014758244549124754
16,0.0001547045896446908
17,0.0001641687824291745
18,0.0036867654646324547
19,0.00015738894992066053
20,0.00015474471230078328
21,0.003359485033847442
22,0.0001517010611449253
23,0.054840859159779626
24,0.006653368012337217
25,0.0001528870796456061
26,0.00015955437340589907
27,0.0001515364863036014
28,0.0001506097903603476
29,0.003342156045209457
30,0.0052786881455654825
31,0.00622071123155869
32,0.00903166986964618
33,0.0033515596172514206
34,0.0001475472801153493
35,0.003318939837112967
36,0.02230218127874885
37,0.031864550534499506
38,0.016214871691654514
39,0.0033186692614495944
40,0.0043645342240447
41,0.003504834398265269
42,0.00015145694192562884
43,0.00015866407699512003
44,0.024335040708928935
45,0.0037685246122664776
46,0.0033530406543582783
47,0.010378845688917416
48,0.008798998457910016
49,0.043634076136363636
50,0.007009529148597862
51,0.004338534136167922
52,0.0057890609928229675
53,0.023788454355908203
54,0.0033574602482172107
55,0.005338247547564059
56,0.05628419818577649
57,0.022105360779985286
58,0.0033436895945500493
59,0.00604518551745636
60,0.0043697719245548725
61,0.0033286855950181355
62,0.003338436004561476
63,0.03943743828382838
64,0.0033404381157868955
65,0.00340829871181191
66,0.006767254393071658
67,0.003413405144207038
68,0.017577582270438936
69,0.04292856688388626
70,0.003305554856233538
71,0.004256436379068873
72,0.0071878385408457686
73,0.00017099191478118575
74,0.003321767425736462
75,0.010135118268226448
76,0.0956420790249433
77,0.003979754953623902
78,0.039619277896512935
79,0.03497329262371615
80,0.014219989569293875
81,0.061489365156249996
82,0.0058224480303577875
83,0.007983716178165652
84,0.01964172792865829
85,0.12627736766381767
86,0.020019365497317376
87,0.005254637874024284
88,0.12201061377840909
89,0.004724147737291638
90,0.00040378248197991745
91,0.006700441102271094
92,0.0068886199263817624
93,0.012328307867310625
94,0.003340343321598675
95,0.0033207796705833743
96,0.11078665339425586
97,0.00015503589797328865
98,0.0033205110770608086
99,0.01573361150729335
100,0.012225794543850805
