1,0.0001596785247782059
2,0.0001622169877748134
3,0.003324452206881966
4,0.0001605133271550525
5,0.0001519375438241703
6,0.003301874826902518
7,0.0033412660789601057
8,0.003329766838019303
9,0.00016452349630996312
10,0.0001498674446664526
11,0.00015274021102082276
12,0.005263911918730987
13,0.0033326267188188625
14,0.00015246925970354965
15,0.0001589036329206214
16,0.0034314964821630803
17,0.0033311943833056476
18,0.004334225172382914
19,0.0033301504205922056
20,0.003328775067977411
21,0.03638344650924024
22,0.00016223667480617465
23,0.00332403264346513
24,0.0001668248189850734
25,0.00015737361992394083
26,0.00846172864619679
27,0.00016392172159017314
28,0.003971121441434067
29,0.004150351619694106
30,0.005733836947505629
31,0.018170691389859505
32,0.0053387671035242295
33,0.003973666481252575
34,0.003404344247009148
35,0.008989663704595996
36,0.0033391915312843035
37,0.0033512922531769304
38,0.0033487267506419603
39,0.0033467242059336826
40,0.008307167228977565
41,0.005357634832762998
42,0.005541265381099303
43,0.004867009137412236
44,0.00015699561092742575
45,0.003779778821830107
46,0.005129991494981511
47,0.003397320051422936
48,0.05688962180616739
49,0.0033444447812390624
50,0.005410082106499607
51,0.003334201830917539
52,0.0712524372193437
53,0.0033292785418249636
54,0.003331309691678638
55,0.009288125684997125
56,0.003315778956873905
57,0.003510808306790212
58,0.037533642348008385
59,0.0033327390030554616
60,0.016066228734680353
61,0.0035580160508337623
62,0.005817259656497718
63,0.0033344561680198797
64,0.042571860818713454
65,0.0062727550064599485
66,0.020670895544893767
67,0.0049007239374053504
68,0.0033502224387967597
69,0.003967077691050265
70,0.010775697656597067
71,0.0692419043801653
72,0.056432209180790956
73,0.003812941122304422
74,0.05499920131761442
75,0.003945911682128906
76,0.0033301457160510783
77,0.003334851198687284
78,0.004687600678733031
79,0.006324263535011083
80,0.003350991090293562
81,0.003328869813148789
82,0.005830160577965081
83,0.0033506488362197422
84,0.008215716946992864
85,0.0034460172526690398
86,0.021360621422280936
87,0.0033237642448260673
88,0.003873297245069074
89,0.00436286850666907
90,0.00015994735186946563
91,0.00015438007455143436
92,0.006911132086251381
93,0.004694240313226175
94,0.005858194325076069
95,0.0033379066850220264
96,0.007298394872760127
97,0.007131473008979832
98,0.003930555452116895
99,0.007213040936058065
100,0.003358814636521739
