1,0.00016021091611728743
2,0.00015636920905410495
3,0.000160497253180985
4,0.0033089263714246235
5,0.003305200297310378
6,0.0001509783784461153
7,0.00016101788238627915
8,0.00015046406570482353
9,0.00330387038804945
10,0.00016488011269890864
11,0.005727322067336091
12,0.003964496777351717
13,0.0032969847243880944
14,0.0032721278621768595
15,0.0001509227859769876
16,0.0033202873964208617
17,0.0001537774814007472
18,0.00014736803065668107
19,0.00015712880491520193
20,0.003316053018527514
21,0.0033097751278860776
22,0.003402776673270129
23,0.00015941165312442104
24,0.00015814966638894504
25,0.0001514050003488763
26,0.00015256524335565547
27,0.000160524611356488
28,0.00015328507959561275
29,0.00015969388931948492
30,0.0001585754718016239
31,0.0001551799571018485
32,0.00016149111532241757
33,0.00015926769322593013
34,0.00014900765402452943
35,0.003939442262691483
36,0.00015453241263265223
37,0.00015910449464092447
38,0.00015841617838541666
39,0.00015068655975316502
40,0.00015763779793268542
41,0.000156299884647273
42,0.0032834326504042753
43,0.003283682721639657
44,0.00016101513021728726
45,0.00015973699226760977
46,0.00016230404946629184
47,0.00015693772514469316
48,0.00015421888488920116
49,0.000155108509920955
50,0.00015445171189692542
51,0.00015494218346399054
52,0.0001597401463667889
53,0.0033355680641785844
54,0.00015551197688834075
55,0.004137506395051195
56,0.0033083171970357448
57,0.00016075129894457408
58,0.00015680476784438164
59,0.00015414156850680145
60,0.004804877797021633
61,0.003289458376801648
62,0.00015436862497272022
63,0.0001567011857659058
64,0.003948967411113823
65,0.003322243228792295
66,0.0001507136568105668
67,0.00015194288341487255
68,0.00016472783239475312
69,0.00014955725356611554
70,0.00015455080032148423
71,0.00016262012725708344
72,0.0001625289022686381
73,0.00016041965177310632
74,0.0001603630446019397
75,0.00015699891615557717
76,0.0001586685615263569
77,0.00016296550967427075
78,0.0001579442235864782
79,0.00014999340262052615
80,0.0032898604002736917
81,0.004742170136852395
82,0.00015358589353046866
83,0.0001477078123389792
84,0.0033249561087522255
85,0.00015681792910932226
86,0.003309781704467354
87,0.0032759402595492287
88,0.0001520708989565395
89,0.00015593588664647743
90,0.00015032479426229002
91,0.005633822396286626
92,0.00331718763614763
93,0.003342139113009819
94,0.003331044865979382
95,0.0001655064727487945
96,0.0032917644684635388
97,0.00015644687174887892
98,0.00016567472720636594
99,0.0046940524551560055
100,0.00015298148143350326
