1,0.00016654367921151313
2,0.00015074714330863504
3,0.00015923994355162722
4,0.00015396460817840516
5,0.003763394623405642
6,0.0001577478752296115
7,0.0001644257509142458
8,0.003308869503991016
9,0.00015015088498612918
10,0.00015939545297246705
11,0.0033007841644021748
12,0.0001517791081126053
13,0.00015415827338817066
14,0.00014781176565486473
15,0.00015637098366400991
16,0.00016616426938021998
17,0.0033196657553609603
18,0.0033520068630175045
19,0.0033396444597101047
20,0.00015899633630824997
21,0.00015235432040446983
22,0.00014745148390864178
23,0.0033910496386979094
24,0.0033191957298296035
25,0.0001649887094679631
26,0.0001537171386696269
27,0.004339038301497624
28,0.00015043288018961934
29,0.003504089798725746
30,0.0001660659808797658
31,0.0033091138343473454
32,0.003325451905431768
33,0.0001476320780111897
34,0.0033225731293592626
35,0.00015544449451084275
36,0.00015475957732133223
37,0.0001564346137627365
38,0.004066697607269056
39,0.00015334202678057211
40,0.0033286183767493416
41,0.003316229361992494
42,0.031225062781278127
43,0.00335619459328151
44,0.015105642198691996
45,0.00015817886361607262
46,0.0033267939827454403
47,0.00015270979289558798
48,0.00015631197439137503
49,0.0035230806224972695
50,0.00015388338279074697
51,0.00015106904907664104
52,0.0001616471217070965
53,0.0034136330921284855
54,0.0001545572721156972
55,0.004463891410313568
56,0.0033255394769315144
57,0.0033259445557850737
58,0.00015393301353138674
59,0.0033407953558236276
60,0.004662624693482106
61,0.00015542594154106665
62,0.0001492325820759783
63,0.0033491740976423954
64,0.00015106534819686577
65,0.00015333621499290972
66,0.005639796844557392
67,0.003337243173246117
68,0.0034157466014234877
69,0.003340009143640582
70,0.003346192387831643
71,0.0001581555453579618
72,0.004849841572491828
73,0.003815978962694791
74,0.00015435939500304445
75,0.00015847425006622503
76,0.0033746119796387976
77,0.00016324199823029931
78,0.00665237876815566
79,0.00016678900164907425
80,0.0033411460158531492
81,0.0033195400625869263
82,0.0001523389415737477
83,0.00016067650237165798
84,0.0001550893797870026
85,0.00015357075842633517
86,0.0001556933957115385
87,0.00015428586056742425
88,0.0033188800458556237
89,0.00015713953476935184
90,0.005595283589773254
91,0.00015719943555033713
92,0.0001570800871653213
93,0.00015274681577160594
94,0.003281314589896795
95,0.00016084922401596435
96,0.03127174724724725
97,0.0001659579763215009
98,0.00015041696034355083
99,0.00015737952768718933
100,0.0001537997019163894
