1,0.0001632184029735826
2,0.0001608058841558914
3,0.00014816218657789956
4,0.00017303347642657534
5,0.00015659850990378297
6,0.00015130213918910102
7,0.00015674583082042216
8,0.00016099951700700632
9,0.00015850483334352023
10,0.00015401354930874112
11,0.0033592899922720255
12,0.00015870193653787413
13,0.00016325256893283947
14,0.00016073656585874278
15,0.00015355843127534495
16,0.0033461133724145557
17,0.0033088949662496312
18,0.00015660332006189754
19,0.004155361538792363
20,0.00015858809431460217
21,0.00015651936671239137
22,0.00015343900868538122
23,0.00015155655250620852
24,0.00015175381658721638
25,0.00015745133382789317
26,0.00016364066964116297
27,0.00015067182476733517
28,0.00949867818210354
29,0.00015662057297905358
30,0.0033314480648430934
31,0.0001662862026271767
32,0.003336866299468195
33,0.00016049146862456783
34,0.00015751513546242806
35,0.004374542323670188
36,0.00015303074417543866
37,0.0001572133368306167
38,0.00015828431002628225
39,0.007903683910058839
40,0.0001561626366577939
41,0.0001553967709371434
42,0.004328934887043487
43,0.0001492532185859833
44,0.00015039435954561112
45,0.004004435117084432
46,0.00014836312473359326
47,0.03854061819196428
48,0.0033095387164973063
49,0.04723398658536586
50,0.00016448599089031408
51,0.004788712898273149
52,0.007609825768265915
53,0.00015842884656842748
54,0.00015828184675514595
55,0.0038117127271033264
56,0.00015248891608374128
57,0.00015691367149783664
58,0.0001503402655471363
59,0.00353803694933224
60,0.00821077489844279
61,0.006260528749194069
62,0.0033335070771995296
63,0.0033239942859136255
64,0.00015102410491821892
65,0.009257998416030535
66,0.00015461833245643405
67,0.00015207279047700924
68,0.00015599629297965113
69,0.0001539693531910231
70,0.0001608616353754111
71,0.0033485556497544876
72,0.0001480701398757625
73,0.0001530609794716594
74,0.00015133467518966623
75,0.004802739150896661
76,0.02960556994047619
77,0.00015609530545931388
78,0.00015200976096569477
79,0.003558791732833407
80,0.003317211491947795
81,0.0033088909527121003
82,0.008781054416033171
83,0.00038045412789789
84,0.0002958170546531117
85,0.0001646201909241714
86,0.0065136542352741455
87,0.0001553812015206761
88,0.00015226959129410267
89,0.00436764879467561
90,0.0001539050076438918
91,0.00015108573688016853
92,0.0001608526193234282
93,0.0033744466445762124
94,0.004726683544488841
95,0.00016282584400525388
96,0.005426391975100942
97,0.00016353616851103167
98,0.0001535421955419589
99,0.0033949690694902173
100,0.007820275382879252
