1,0.0001600727991284207
2,0.00015614208248751412
3,0.003936943392713366
4,0.00016122965079759633
5,0.00016558876693215305
6,0.0001587598714939736
7,0.00015413006112885913
8,0.0033545050172825394
9,0.00015990914256998337
10,0.00016621673281941941
11,0.00015913027106336414
12,0.003306029552352049
13,0.00014904745327693476
14,0.0033034763085588678
15,0.00015811882082135485
16,0.003278312982919886
17,0.00333272139169864
18,0.0033315959395396767
19,0.003313631635120199
20,0.0033108838848331856
21,0.00016009024533856722
22,0.0033330305594050894
23,0.003408206148924202
24,0.0033033928087635635
25,0.0033404531169821785
26,0.0033238905219587487
27,0.003338491843552091
28,0.0033433016963912497
29,0.004749365262891002
30,0.00015687654893930706
31,0.003306926722245094
32,0.0001523998207155286
33,0.0033509748400358114
34,0.0033176359177215188
35,0.00015219227879494343
36,0.0033418867163970026
37,0.0033283072559645295
38,0.0032910724272777166
39,0.00015900578226115953
40,0.00015650818695495962
41,0.004010915376442017
42,0.0033577013240267684
43,0.0033154376555223465
44,0.0033101550678234525
45,0.0001628474829041919
46,0.003309349715139304
47,0.003307223848253275
48,0.00331127875698324
49,0.003325971633377411
50,0.003337844578647786
51,0.003327357413985235
52,0.00015364827433160395
53,0.0032984835899036126
54,0.00015116368807160252
55,0.00016746492418336456
56,0.0032996115045758768
57,0.0033111782436162874
58,0.0033072528278260877
59,0.0033207930629449395
60,0.0001606166168046992
61,0.0033255413686935835
62,0.0033195193067270105
63,0.0032919633620689657
64,0.0032936395048623474
65,0.003309685308650567
66,0.0033113535664530507
67,0.00015486125108489672
68,0.003328173215034232
69,0.003317538422409588
70,0.00016347197098746133
71,0.003290645687054306
72,0.0033079700532038635
73,0.003329424484536083
74,0.00016251788663965174
75,0.0033553915611520806
76,0.003328267628092801
77,0.0033301458906938326
78,0.00015529196835712075
79,0.0001641329991096294
80,0.003962744199371261
81,0.0001551088712640373
82,0.003337537163839471
83,0.003319097436783197
84,0.003321208419005279
85,0.00411159071311251
86,0.0033087759641647545
87,0.003307584171130339
88,0.003324053823489105
89,0.006462186247415577
90,0.003284825144171359
91,0.0033129862757244133
92,0.0033857094297765414
93,0.0033542603175164415
94,0.00016084903797122324
95,0.0033149148249947812
96,0.003294359790757906
97,0.0033048279655172406
98,0.003320128856474474
99,0.00014871324957389367
100,0.003335436807925151
