1,0.00015763895039406348
2,0.0033533446020953305
3,0.00015594194322988758
4,0.003341698663472887
5,0.0001526533794209156
6,0.00015718625643613613
7,0.003949841885162602
8,0.0033295994680851066
9,0.00015289845958637
10,0.00016008328472577745
11,0.00015830748655316573
12,0.00015038157045536033
13,0.0001616038168041198
14,0.0033479875545246833
15,0.00015431278767247608
16,0.00016162469941991556
17,0.0033570299590363114
18,0.0033591530184904094
19,0.0033507537773569025
20,0.0033395294886915503
21,0.0033551108951873163
22,0.00015834363624283698
23,0.0033452147399044125
24,0.0033494045927633417
25,0.0039775640191897655
26,0.003367286114503603
27,0.003348611763478261
28,0.0033548658825573313
29,0.003360961706071628
30,0.003361344399666482
31,0.003778762313869182
32,0.0033558333599666506
33,0.003371447240180744
34,0.003355291488316609
35,0.003367496275395034
36,0.0033524134411620234
37,0.003377435692253768
38,0.0033693496518348307
39,0.0033627216001334372
40,0.003336685697399528
41,0.0033582570900645447
42,0.0033449550038545097
43,0.0033634305399403153
44,0.003354665458257075
45,0.003369130704205673
46,0.004866854597413015
47,0.0033418856508773145
48,0.0033533243744728702
49,0.0033558121383888257
50,0.0033638495244469493
51,0.0033406607781722004
52,0.0033469835525857866
53,0.003356381083702883
54,0.003364136872734876
55,0.0033608847145232814
56,0.0033207997823984526
57,0.0033727314861111113
58,0.003365966863382571
59,0.00392131434462683
60,0.0033416019638128854
61,0.00336170321738164
62,0.0033666384152316957
63,0.0033605773670603036
64,0.0033656957480581945
65,0.00334130739684086
66,0.003857917506969334
67,0.003325206905186608
68,0.0033573153267905617
69,0.0033281818327974273
70,0.003445128371546568
71,0.0033557841458289562
72,0.003337365242389881
73,0.0033576577496170447
74,0.0033588465355812694
75,0.003356733903517866
76,0.0033503980412658584
77,0.0033201054868225925
78,0.003323579988168975
79,0.0033644004530767073
80,0.0033510282593547493
81,0.0038397895335022967
82,0.0036382684662714794
83,0.003344167572526484
84,0.003346544373472949
85,0.003315566481907551
86,0.0033681640012488724
87,0.0033526224823537632
88,0.003365466969914063
89,0.003362407187543935
90,0.003353610241681261
91,0.00338374100493653
92,0.003335748459141275
93,0.0033682312272397645
94,0.003328442250486517
95,0.003349886920449
96,0.003353808769209079
97,0.0033304371684464338
98,0.0033301914943866377
99,0.003345041838778753
100,0.0033867854256446482
