1,0.0001547386094754291
2,0.0001544291029367545
3,0.00014750602572748283
4,0.00016128199618365617
5,0.00014763035730940474
6,0.00015576464911910506
7,0.00016208567360815983
8,0.00015672725499373227
9,0.0001534481773155027
10,0.003322383570324115
11,0.00016299965290426694
12,0.0033259311051083915
13,0.0001568130321008857
14,0.0001646571438632171
15,0.0001756512852477182
16,0.0033214520533241003
17,0.00015515175672507628
18,0.00015029138708007092
19,0.0037726155678851183
20,0.0033417772444106035
21,0.003335572547302033
22,0.0001566889232792721
23,0.00015040729636871158
24,0.0033309306617188045
25,0.0033366229336468313
26,0.0033297797415575464
27,0.003324906500119134
28,0.003328415566684962
29,0.0033272243844566715
30,0.003316609115889263
31,0.00015824825887940708
32,0.00015465283576078935
33,0.00015781862149316853
34,0.003328891217895609
35,0.00328762571310743
36,0.003347916409660611
37,0.0033108431152042337
38,0.0033252235503672036
39,0.0033225969197564877
40,0.003317498678307682
41,0.0033468366699562955
42,0.00016967781467514353
43,0.0033074313206934085
44,0.003326680752919911
45,0.003324781938386985
46,0.0033336685541279195
47,0.0033521203243616284
48,0.003283296756944445
49,0.0033415862016469454
50,0.003326612563851375
51,0.003318004518610081
52,0.0033442071348863166
53,0.0033254536082828836
54,0.0033281312135112593
55,0.003310988066883611
56,0.003321345294403218
57,0.0033142987663330554
58,0.0032960432846565204
59,0.003330265757043981
60,0.003296711229290244
61,0.0033208880487782494
62,0.003332682184985117
63,0.0033028920807346993
64,0.003332302478902954
65,0.003336736010111504
66,0.003328806542851067
67,0.003341566413575927
68,0.0033036647402238497
69,0.0032937066098445954
70,0.0033361474325350263
71,0.0033148077547024684
72,0.0033227654026775073
73,0.003284961075496147
74,0.0033204141493055556
75,0.003337946468401487
76,0.00332449315622193
77,0.0032978220865051903
78,0.003361571805896806
79,0.0033490721578289845
80,0.003337010370411079
81,0.003329781650806785
82,0.00332065755078312
83,0.0033435884095344296
84,0.003315091277939747
85,0.003289148635693734
86,0.0033940137341016085
87,0.003343860592086736
88,0.0033327962799365035
89,0.0033188593176033576
90,0.0033243983452692404
91,0.003338638724597057
92,0.003315628663301294
93,0.003336371814369036
94,0.003327917425083241
95,0.0033194849375
96,0.0033211291325018952
97,0.003322455161334899
98,0.0033379904083339143
99,0.003289825599391971
100,0.0033337618637594613
