1,0.00015856468359545136
2,0.0001644941806594072
3,0.00015491786715678173
4,0.0001541150229744314
5,0.0001574074760868131
6,0.00015506884801100022
7,0.00015821719836936062
8,0.003317521960408248
9,0.00015336305054527538
10,0.004279362569474135
11,0.00015278109929633022
12,0.00015597522848213969
13,0.004629265702183511
14,0.00016231666253255613
15,0.00016298550941831738
16,0.000164662848012133
17,0.00015310084722942006
18,0.005202235574929886
19,0.003478056777151935
20,0.012485858422675305
21,0.003497223443474497
22,0.0001632054366426481
23,0.0033439217616041076
24,0.003456593990710968
25,0.00016198977361862342
26,0.0001592889007630119
27,0.003359045523478261
28,0.00015892346172531791
29,0.0033351085135135132
30,0.00015578187639496692
31,0.01733261461236156
32,0.00016435806732682795
33,0.003348478703062214
34,0.015133102065361968
35,0.00016128454290006955
36,0.00016057266620062173
37,0.005741057383066903
38,0.0033322352718561216
39,0.003345914634060767
40,0.012530219651162789
41,0.0035551533793711436
42,0.00396911205203731
43,0.011998675686371507
44,0.0041898361591695505
45,0.004910002575650238
46,0.00016137237680932348
47,0.00015774013125485593
48,0.003371198210023867
49,0.00015669194402149868
50,0.06603240663349917
51,0.007562665635712059
52,0.009793558074283408
53,0.00622058790715568
54,0.01871489596793071
55,0.0033328390666666663
56,0.003350868674281759
57,0.0034196678938053096
58,0.004907911266322502
59,0.00015896793640225731
60,0.0033390086111876553
61,0.0001552346970985175
62,0.004527475452003727
63,0.004343141950978631
64,0.00978169790195683
65,0.0039260864978561604
66,0.00016049207147478438
67,0.0033219426755447946
68,0.00440268191605342
69,0.009611585760934098
70,0.014791678604084122
71,0.0034990683606439033
72,0.005429778277678171
73,0.0036280006353240158
74,0.0033848807808017907
75,0.00015286910740819023
76,0.0033918193702558337
77,0.055635567634854784
78,0.004898197661616161
79,0.00016274431845111144
80,0.00332393959655599
81,0.009519710433418316
82,0.00333632133072002
83,0.0033333316153729316
84,0.003301199374871196
85,0.0033377999480141405
86,0.0033348938683156006
87,0.00016240273456730173
88,0.004886887511171405
89,0.0033179856197723847
90,0.008362614805239572
91,0.00015202618070479147
92,0.006214141679477325
93,0.0033134510422801475
94,0.0033403084972980462
95,0.003961320247629945
96,0.0001585921244431096
97,0.0038140910414201177
98,0.0343088859223301
99,0.003362942854633598
100,0.0033269391919800526
