1,0.0001544602192521006
2,0.00017295336920774052
3,0.0001546603909000632
4,0.00015566040967099695
5,0.00015934317962874376
6,0.00015635630501598832
7,0.00015602720199600541
8,0.00015654089035772365
9,0.0001516901702064421
10,0.00016487035870530576
11,0.00015431957919882728
12,0.00015829591480034125
13,0.004796498433986712
14,0.00015849410198910435
15,0.00015523524491788495
16,0.00016142194558735692
17,0.0033621792812672394
18,0.00015403795554987866
19,0.00016632278971292689
20,0.00015163862485332807
21,0.000164853801384175
22,0.00015912212879995246
23,0.00016189798953871324
24,0.00015543936130093565
25,0.019599195713708047
26,0.00016477747834545888
27,0.0032961091845234132
28,0.003522306398069612
29,0.0032713796391232544
30,0.00016550929923280728
31,0.00015720369710066392
32,0.0001633690185077986
33,0.00015157097181060688
34,0.006503977317661729
35,0.00016174116743730238
36,0.003634176173191599
37,0.00016418133141824173
38,0.00015747958851826293
39,0.0001536788065954388
40,0.0001526633160312874
41,0.00016707096076279415
42,0.00016187151288041995
43,0.0001543048667939115
44,0.00015593995898973608
45,0.0001600472123176661
46,0.00015859787322989474
47,0.08435299818181818
48,0.0001556429364587759
49,0.003273425406572643
50,0.0001604640959592857
51,0.00015584266234354574
52,0.008995366240266964
53,0.0251788429788961
54,0.00015565641425998588
55,0.00015498560274881856
56,0.02074372648464164
57,0.017463783412121524
58,0.0043651520331800565
59,0.00015176305857468887
60,0.0001537273403996063
61,0.01074298745849015
62,0.00015549901944667392
63,0.07901068750000001
64,0.036949016316316315
65,0.00015648013006793667
66,0.00015078246416987912
67,0.00016081127226357897
68,0.00016690278032698125
69,0.00015435423318819544
70,0.015715724274513336
71,0.03407977027695352
72,0.016690248763876137
73,0.00015773343283435453
74,0.005787049910383558
75,0.0001585128169066115
76,0.02174108905797102
77,0.003953860281781903
78,0.0067569510682865515
79,0.00016606194305554233
80,0.0001549605979398769
81,0.09114941156316916
82,0.00015849543745722304
83,0.1383526820872274
84,0.0001584592518749037
85,0.003871948000957624
86,0.0051201996993036495
87,0.006755945327559716
88,0.00015183531455381405
89,0.038896731632653066
90,0.00016394022774675733
91,0.003478815793277918
92,0.0001557904502125842
93,0.016006666737739872
94,0.132284003125
95,0.003269731427501192
96,0.00016477977681967598
97,0.003277296083122565
98,0.018635031979703044
99,0.00015176511401693857
100,0.09495989875846501
