1,0.000157140228556037
2,0.0001527158984264973
3,0.00015732401649735803
4,0.00016521431765113303
5,0.00015741598810169435
6,0.0001620360045146727
7,0.00016572785898330374
8,0.00015881662790882042
9,0.00016080610869537217
10,0.00015950751199396798
11,0.00016142442285334662
12,0.00016481796867311792
13,0.00016109327515331895
14,0.0001614443516762397
15,0.007308665090513853
16,0.00015150501613622066
17,0.00015495731613261488
18,0.00015358114327472603
19,0.00015751394832332335
20,0.005114426461390426
21,0.00015570305713547052
22,0.00015639199536605553
23,0.005805689934052758
24,0.00015973150819475972
25,0.0001649755242165735
26,0.0034774987699921107
27,0.00015077628162024452
28,0.0033062530073113532
29,0.00015598059909313015
30,0.00887315260750229
31,0.004470386565167921
32,0.005793676041168022
33,0.016725290747760163
34,0.0001587511589935901
35,0.05834923587443945
36,0.00016076952962251046
37,0.0033097646833193787
38,0.0057059172905187154
39,0.0034235387172052902
40,0.00015809566435662597
41,0.000159924638438482
42,0.00016072925318995592
43,0.00015984997230598266
44,0.006976459503174332
45,0.008805429334271923
46,0.00016326635379217973
47,0.04349195710928319
48,0.0001614069365009285
49,0.00015712070787561735
50,0.038659999835526315
51,0.0033020794847263037
52,0.09356107439024391
53,0.006306793357189329
54,0.0033178017599558283
55,0.003317051485863658
56,0.0033011551586482214
57,0.052032573178807946
58,0.0058138789220981875
59,0.04833406525974026
60,0.1279937502932551
61,0.03786332442244224
62,0.00015512513777575472
63,0.03514377226804124
64,0.011203112175198345
65,0.0067691165828794855
66,0.11931611317934783
67,0.003351394561048741
68,0.019125266134122288
69,0.01915843761332412
70,0.00340272355878187
71,0.03001136471647164
72,0.003914693793325809
73,0.00015839203358424404
74,0.0033730855724339774
75,0.0032851590747574144
76,0.006415045818446473
77,0.06070011621417797
78,0.014030511529894665
79,0.003315209677197803
80,0.12715583269230774
81,0.0049207846705308115
82,0.09372139699331848
83,0.0217095643048726
84,0.10989804452926207
85,0.003319503794428434
86,0.01722118556252365
87,0.0033193516062062934
88,0.02965389267979452
89,0.004352207204494382
90,0.01426860054395766
91,0.0032926103500915934
92,0.026265893364726026
93,0.0033196354098023067
94,0.0034093387539823015
95,0.003313988306396384
96,0.03292405867647058
97,0.02121993606736658
98,0.05038228259705489
99,0.0033175400207468876
100,0.047771133024691353
