1,0.00015369391944797692
2,0.00015866861211495886
3,0.00015355726777642754
4,0.00015755390422300675
5,0.00016142936429361731
6,0.00015288273595987677
7,0.012560117814276687
8,0.00015111691004154803
9,0.00015653680025715162
10,0.00015738939156318836
11,0.005152067756205456
12,0.01739070388749552
13,0.00015722935093274702
14,0.00015416547664653753
15,0.003767596312271703
16,0.0001559094289095428
17,0.004026485665642389
18,0.004623724625869792
19,0.00015631747471923482
20,0.00015772759765560508
21,0.0033531294550077383
22,0.06402917020766774
23,0.00014913067192118227
24,0.00015078735477117242
25,0.006706935521395928
26,0.0224456846740638
27,0.00016166304316496126
28,0.0034178983358066567
29,0.0001506467564000663
30,0.003324348825471224
31,0.00015165058492410248
32,0.016876615575555053
33,0.00015513678567537605
34,0.04266892640000001
35,0.00015591927424003234
36,0.0001549765794283467
37,0.00015461624429728216
38,0.028608465735692812
39,0.0035616036634429486
40,0.10401879628297361
41,0.06067435769817073
42,0.004910669040153737
43,0.005276425674793209
44,0.0001597882354707313
45,0.0001531100494262883
46,0.0038124351374773497
47,0.00015541081719208435
48,0.005329562062843954
49,0.004325195632973503
50,0.00015389868056407742
51,0.0033380676509548518
52,0.09272481346578366
53,0.0001530444290181403
54,0.03864575447450572
55,0.02320182398899401
56,0.00015688162359705688
57,0.0033644591269565215
58,0.015082994916044779
59,0.00015427833731057776
60,0.000155037867835438
61,0.0001534294475115095
62,0.0001546925143689727
63,0.00016340765530404298
64,0.00015621500051764414
65,0.055669719574468084
66,0.00015762142160340544
67,0.004004876247727649
68,0.1066351355721393
69,0.02886128373287672
70,0.007181315793368858
71,0.019039571229379416
72,0.08974761086021506
73,0.0001585523873586883
74,0.009894905059327622
75,0.015265685454567262
76,0.004368443704938716
77,0.00600962334036481
78,0.0001535996797689909
79,0.0033137920616763323
80,0.0053173829480990505
81,0.000147494990117584
82,0.018807492480905085
83,0.004521100759259228
84,0.00016169906693386238
85,0.0033320365693832606
86,0.0694353030647986
87,0.0034178759058873776
88,0.0033655071105296664
89,0.0033852307311203907
90,0.00015429719897809416
91,0.0033386500069089403
92,0.0001583011509670505
93,0.00015893776289486197
94,0.005459523152744291
95,0.18000190579999997
96,0.00015099017329310381
97,0.06714646245874588
98,0.005314137207009858
99,0.04472106081395348
100,0.003369038114265686
