1,0.00015980196148868166
2,0.00332240548776284
3,0.003293205406628604
4,0.00015797713673479168
5,0.0001530019255873632
6,0.00015407541763525843
7,0.003307969604641467
8,0.00015849372429719473
9,0.003342639455735446
10,0.0033242278780914606
11,0.00015144751134287608
12,0.003318418643535326
13,0.0033456921156509696
14,0.0033233734757147776
15,0.0033212929162357813
16,0.0033320092035337145
17,0.0032814443578013447
18,0.0033288061211207785
19,0.003333124803996392
20,0.0033230138894624547
21,0.0033236912701153395
22,0.0033101809695843657
23,0.003299073811969324
24,0.003304970261415127
25,0.0032780498192729996
26,0.003314957304258241
27,0.0033140090706140954
28,0.003328542034449363
29,0.003327405946057805
30,0.0033151461191236378
31,0.0033179635714771704
32,0.003327853665637716
33,0.0032798101551337016
34,0.003324252688252009
35,0.003325144507953998
36,0.00331875543740106
37,0.0033174300907013775
38,0.0033048266397922932
39,0.003322917902600996
40,0.003323043643594753
41,0.0032932951319232444
42,0.0033498341689297407
43,0.003332266220062478
44,0.003316993073189063
45,0.0033177095205147718
46,0.003313198917559589
47,0.003333401755404999
48,0.0033373263591091433
49,0.0033241547498008787
50,0.003317362630065717
51,0.0033297715414231997
52,0.00332938899701119
53,0.00331841583863683
54,0.003334423264683448
55,0.0033201471305545995
56,0.0033309369801176117
57,0.003326489377329533
58,0.003336064387733669
59,0.0033172099902905893
60,0.003339508541320022
61,0.003314749019943313
62,0.003311005966340185
63,0.0033226534769017022
64,0.00331491863248694
65,0.00331976343073221
66,0.0033423640832059647
67,0.003323670771378708
68,0.0033192918259243873
69,0.003328757785359802
70,0.003323460429426743
71,0.0033337881567328917
72,0.0033545375148187873
73,0.0033347614548207283
74,0.0033361425336511505
75,0.0033321996942958384
76,0.003321944171070013
77,0.0033184142090511353
78,0.003309312384147186
79,0.003317654142134792
80,0.003319599265664677
81,0.0033304816747404846
82,0.0033104344748388866
83,0.0033204897572754024
84,0.003315235242704924
85,0.0033285262182423986
86,0.003316750722001763
87,0.003320123045290054
88,0.003335846040771044
89,0.0033290308447287164
90,0.0033194229500798445
91,0.0033052306883561648
92,0.0033335706157686705
93,0.0033121531747666117
94,0.003315158427466283
95,0.0033327130954850306
96,0.0033357175168064307
97,0.0032888501538987686
98,0.0032944171596822796
99,0.003325731768259198
100,0.00330816033972371
