1,0.00015093790925854755
2,0.0033143143538535446
3,0.00016650124648465476
4,0.00015576924463519314
5,0.00015819490636073986
6,0.0033636848963329155
7,0.00015109966264516291
8,0.0001601586356412018
9,0.0001547555384991993
10,0.00016704740268708973
11,0.0001569363667871869
12,0.0001594544069021439
13,0.003321819656152845
14,0.00015438137304204413
15,0.00015603646790186192
16,0.0033377879181383753
17,0.003303720241341696
18,0.00016377268400152314
19,0.0033389110994544694
20,0.00016477875827131623
21,0.0033343088349112016
22,0.003341743778530917
23,0.003328777324263038
24,0.0033243582268722466
25,0.0033492535543972494
26,0.00015974423370459983
27,0.0033252929140619634
28,0.0001653704426549036
29,0.0033423345395189002
30,0.003319682616707617
31,0.003317354769177369
32,0.00015429273604640717
33,0.003346029972206781
34,0.0033454527268989708
35,0.0001568938781821733
36,0.0033335709211526504
37,0.003337419038354642
38,0.0033298434199584203
39,0.003355285375411098
40,0.0033779821595915803
41,0.00015607697605946443
42,0.003337274633502397
43,0.003359939404955177
44,0.00016749925683284928
45,0.0033486331042144
46,0.00015292047027040548
47,0.0033471921391304347
48,0.003362283064459564
49,0.0033629522582653204
50,0.003352819625810048
51,0.0033492053058242293
52,0.003357710568710506
53,0.003377770257381303
54,0.0033369791781577497
55,0.0033588601093279134
56,0.0033238440764989667
57,0.0033498602047924214
58,0.00015343863342471423
59,0.00015046291481930996
60,0.003750651563407478
61,0.0033320257131842714
62,0.0033426983202337057
63,0.003361670107896028
64,0.003349037186174282
65,0.003367965594934918
66,0.00335028371167144
67,0.003376979327530535
68,0.0033336241680475007
69,0.00015700270268071564
70,0.0033595243589743594
71,0.00335038538526852
72,0.0033602467718294128
73,0.0033363156778187385
74,0.00016569984111652008
75,0.0033754739964973724
76,0.0033654686541858
77,0.0033161422433893436
78,0.0033396082516903543
79,0.0033555171309976087
80,0.0033489424579641386
81,0.0001555661759016324
82,0.003365119107167808
83,0.003321022459300312
84,0.0001512110494739892
85,0.00015810997267903392
86,0.0033661023721867187
87,0.00015535228052785034
88,0.0033703631280615817
89,0.0001570062224325065
90,0.003334669620078604
91,0.00015946566227004164
92,0.0001554308143767061
93,0.00384764824742268
94,0.0033502848363230267
95,0.0001579398409584837
96,0.00015655678397054158
97,0.0033529648826619964
98,0.0033478282392491944
99,0.0033627606727650904
100,0.0001597346238765951
