1,0.00015638711323195958
2,0.00016653018437562685
3,0.00016260965348721814
4,0.00015127344568722294
5,0.004829543207299631
6,0.0001527751470161694
7,0.0001588659748808951
8,0.00015161630229009566
9,0.0001517247250401609
10,0.003291484351249572
11,0.003289309402215565
12,0.003330269991673027
13,0.0033460047089100644
14,0.00015989616853208206
15,0.00015677243200155994
16,0.00015582953920141707
17,0.00015900839349644954
18,0.0033224166090204755
19,0.00014738437121988602
20,0.0001488774288313971
21,0.00015275201011829097
22,0.003339788996192454
23,0.00015496022404835324
24,0.00015184958190265235
25,0.0001551112268769361
26,0.00015206952572202747
27,0.00016034690536173652
28,0.00015417231742704515
29,0.0034158667766191393
30,0.0001581902725371283
31,0.0001628182460113745
32,0.00015646715857642275
33,0.00016649728746522511
34,0.00015357928152394122
35,0.003851377507766308
36,0.0001594188023145608
37,0.00016039212515038892
38,0.00015873821174273758
39,0.00015304523526246636
40,0.00016295767129017227
41,0.00015511861492636502
42,0.00014740729224029846
43,0.00015620222068680458
44,0.00015297015638182477
45,0.00015653603501717794
46,0.00015419655116985178
47,0.00015415510411547617
48,0.003307567961365988
49,0.00016039839300519592
50,0.0033225008750775165
51,0.00015845345735142092
52,0.003320489816373369
53,0.00015858365592038223
54,0.00016023791017455254
55,0.0033122935322562916
56,0.00015492600979545728
57,0.00016655507820452216
58,0.00016069187619691716
59,0.0033151035618969407
60,0.00015577376564671264
61,0.0033318587421078192
62,0.00015863157696041722
63,0.00016246634945513003
64,0.00016090161329095328
65,0.003805583215483144
66,0.003317935450747114
67,0.00016149694095695055
68,0.00015039471698490855
69,0.00015421110647950674
70,0.003318728897950792
71,0.00015081309975205988
72,0.003301902376010487
73,0.004750358646211155
74,0.003320636385148344
75,0.000157374025242871
76,0.0001571979718321043
77,0.0033227696418636995
78,0.00015373901316362442
79,0.0001611213299125168
80,0.0001536623570787669
81,0.00015112151372621849
82,0.00015447630050178333
83,0.00015124672702091323
84,0.0001585357458644894
85,0.00014987440528830238
86,0.00015051264341349138
87,0.00016955682872167713
88,0.00015954549925499878
89,0.007477864929056137
90,0.00015066769380114593
91,0.00015527729559566695
92,0.0001599072473348195
93,0.0001670367850939633
94,0.00015484692769468863
95,0.0001524549970893178
96,0.00015384396273663005
97,0.00015122482283776273
98,0.00014800326154654623
99,0.0001611025156330523
100,0.0001625448811830215
