1,0.0001616594711124856
2,0.00015198646050167765
3,0.0001566531691403864
4,0.00016357260553143347
5,0.0001560145882536901
6,0.00015068362250049338
7,0.003324075998049189
8,0.00015509120846078582
9,0.00016016212151002753
10,0.00015051620521454534
11,0.00015695812180269546
12,0.00015592622810284596
13,0.0033347522349669798
14,0.00014773706243166273
15,0.0033435014228539307
16,0.00015801392665081818
17,0.00015632160813529094
18,0.000147149566598471
19,0.0035941539074739654
20,0.0001520184982901991
21,0.0033245111485789005
22,0.00016605853729108984
23,0.00015926948326270272
24,0.00015538585621647583
25,0.00015518437186482585
26,0.0033249114362434583
27,0.00015900981257006911
28,0.0001556870526008372
29,0.003346573911377413
30,0.003330204248141008
31,0.00015544965021363228
32,0.00015627684014133474
33,0.00015680320495801511
34,0.0001557130804131829
35,0.00015495638056606706
36,0.000157779040146199
37,0.00015591092051562248
38,0.00015117537129954843
39,0.00014777342959201192
40,0.00015359421875260257
41,0.003336187089562666
42,0.003323756996992797
43,0.00015967202081466672
44,0.00015522771247848354
45,0.003315750095217944
46,0.0033203151114715693
47,0.0033377050621317614
48,0.0033280768771457
49,0.0033277884345713294
50,0.00015499566948423834
51,0.00015877643828067598
52,0.00014744844228278784
53,0.00015251394228932194
54,0.00016102636312270943
55,0.00015556914962959895
56,0.00015071171966853398
57,0.00015648236347099123
58,0.00015084763717309073
59,0.0001594386441671138
60,0.00015364462574816597
61,0.0036735875034828646
62,0.0001566468112914197
63,0.00015406413493070816
64,0.0001635629397807509
65,0.00016503584056754437
66,0.00015642915978857427
67,0.000157323413174841
68,0.003332782413434903
69,0.00015176057657182606
70,0.0001548375121267377
71,0.00015422587173491412
72,0.00016356618130110583
73,0.0001585123235590136
74,0.00015443722370502962
75,0.00015153976981017626
76,0.00015535970772981796
77,0.000150852308258553
78,0.00016145162241987818
79,0.00015942791402384285
80,0.000149801908236983
81,0.00016060313691368332
82,0.00015812184488569534
83,0.00015554989304830192
84,0.0033207439491772547
85,0.00015684235631330858
86,0.00015709879717096972
87,0.0001580598033700481
88,0.00016283478079108158
89,0.0001555686786883142
90,0.0001518593783042457
91,0.0036305916413653513
92,0.003333855387569833
93,0.00015883388314785375
94,0.00015221950461625423
95,0.00016083030300489918
96,0.0033394328038097894
97,0.0033223173238659865
98,0.00015825329974952323
99,0.003348672161881702
100,0.003338150665241968
