1,0.00015416938323719912
2,0.0001543888109559959
3,0.00015091806890116266
4,0.00015604715862900444
5,0.0001502756587260864
6,0.0001537922053914297
7,0.00015028386043112663
8,0.0001572567264063491
9,0.00015699973470487355
10,0.000158932475299407
11,0.004673038667992048
12,0.00015587956851720802
13,0.0033467709267615414
14,0.0033496923734177226
15,0.0001525021476746623
16,0.0001480402174660056
17,0.00015480837866385853
18,0.003351154103513306
19,0.003366218916731189
20,0.00016106675912913102
21,0.00014824355863152211
22,0.00015847962625326924
23,0.0001549948912073072
24,0.0001528393045290581
25,0.00015653294173421968
26,0.00015906892681232635
27,0.00015644773641798805
28,0.00015525375347877753
29,0.00015011866224308107
30,0.00015227315178732609
31,0.0038898369471728547
32,0.0033569755854140223
33,0.00336825267377815
34,0.00015530095578122254
35,0.00014918404178338728
36,0.00015568831086657295
37,0.00015824285718989327
38,0.00014855295762245118
39,0.003360825019537791
40,0.00335430219541278
41,0.0037944555538160472
42,0.000161738589215768
43,0.0033514782486498396
44,0.0033495678230162024
45,0.00015037395487475474
46,0.00016013999371954277
47,0.0033645854237408035
48,0.0001566179508625534
49,0.0001601217836725971
50,0.0033416316226310694
51,0.0001574910744494281
52,0.003353827456426638
53,0.003360233455882353
54,0.00016460441989044964
55,0.00015904963688182002
56,0.00016132057006534455
57,0.00016148145621706095
58,0.00015123440189306858
59,0.00015762113196655068
60,0.00015611742233755197
61,0.00015377387937398965
62,0.00015758572533468792
63,0.0001599494552562787
64,0.004157464743074145
65,0.0033667219845306944
66,0.0001589886490486258
67,0.003327292054250052
68,0.00015703461241182285
69,0.00015112252425790175
70,0.0033597580656648386
71,0.00015175465533588287
72,0.0033522121717877097
73,0.003361577169428711
74,0.0001563207754094891
75,0.00015789721223257643
76,0.0001588573493876473
77,0.0001567060454505855
78,0.0001590336680503995
79,0.00015385892670943002
80,0.000159717302342472
81,0.0033603372444444444
82,0.0001634693857520641
83,0.00015130534728386436
84,0.0033592674563777325
85,0.00015376734824730238
86,0.00015689832257290666
87,0.006405995827438951
88,0.003356859260903341
89,0.00015792811249298427
90,0.00015126607993652306
91,0.00015597047511899887
92,0.0001568687246774721
93,0.0001636094763146458
94,0.003356702080467416
95,0.00015636803982525322
96,0.00015527873306316894
97,0.00015876795161819975
98,0.00015873250273172124
99,0.003350327042165321
100,0.00015969936463160273
