1,0.00015965325496526808
2,0.00014981716419295278
3,0.00015219568877470105
4,0.003291747157772622
5,0.00016187639698424502
6,0.00015053891236835844
7,0.000161773301019859
8,0.0001502160201022314
9,0.0001603373220886549
10,0.0001597543916527357
11,0.00015947409147225517
12,0.0033111365868800442
13,0.00015257307375908066
14,0.003308996776320355
15,0.003305823120043752
16,0.0033131344846680966
17,0.003321000200680909
18,0.003329226568391489
19,0.00015173711955755403
20,0.003322884581681618
21,0.0033301093006607926
22,0.0033213560911191818
23,0.003294491068749147
24,0.003294385258720337
25,0.003332875006957974
26,0.003331426697005489
27,0.003327213311331133
28,0.003323646834264432
29,0.0033216992564925997
30,0.003316225457534246
31,0.0033115271177002847
32,0.0033019787105463085
33,0.003323115758605569
34,0.0033234271612230712
35,0.0033228176912474157
36,0.0033232711657293617
37,0.0032930063637417587
38,0.003318948679994427
39,0.0033518656631608672
40,0.0033199502236597625
41,0.0033009256045762833
42,0.003310177756550218
43,0.0033245188062827227
44,0.0033181920193512456
45,0.003325929269137513
46,0.003277944774762642
47,0.0033218458897418
48,0.0033188954102242652
49,0.003309400395833334
50,0.003311293094780896
51,0.003326033444071512
52,0.003298685537161698
53,0.0033031807095652167
54,0.003307960192866031
55,0.0033137982479691584
56,0.003313373863791924
57,0.003308826319401551
58,0.0033221422023109386
59,0.003312899026258206
60,0.0033165050912584053
61,0.003295890987182983
62,0.003290334480038414
63,0.003309452087089169
64,0.003300812777510481
65,0.0033199468685264468
66,0.003317068184632318
67,0.0033075531642021167
68,0.003305567858118258
69,0.003326219130827485
70,0.0032997523987133865
71,0.0032863490748928645
72,0.0033734311955385156
73,0.003304726680398215
74,0.003309748366322976
75,0.0033143934049812344
76,0.0033151283944670017
77,0.003335626186259794
78,0.0033191675909402876
79,0.003303759160756501
80,0.003311240891178097
81,0.003307216965455422
82,0.003292020996837442
83,0.00332772263717008
84,0.0033114169151688454
85,0.0032979852528672105
86,0.0033130086985172984
87,0.0033183469030797722
88,0.0032841291103565366
89,0.003321707093473451
90,0.0033088383782665662
91,0.0032954376039019025
92,0.0033238311815661815
93,0.003305929235757193
94,0.0033123391651484744
95,0.003333323656445763
96,0.0032820023102822417
97,0.0032734597395550733
98,0.0033581056897514653
99,0.0033109910332785545
100,0.0033042092631862504
