1,0.00015573693256849117
2,0.0001525504444435058
3,0.0001593491351213082
4,0.0033055196671047593
5,0.00015544405005845402
6,0.00015629494203244285
7,0.00015513167762720332
8,0.00015189433916930068
9,0.00015758464835335644
10,0.00016466979135626512
11,0.00014788824757314503
12,0.00015030818938129172
13,0.00015352865729491508
14,0.00015698891448999295
15,0.00015323427278471013
16,0.00015016364464857414
17,0.00015777644330236545
18,0.00015166066599653735
19,0.003868784069861083
20,0.0001579828408316307
21,0.00015648271955413725
22,0.00016281595593401247
23,0.003308054616107806
24,0.00014947723905703124
25,0.0033228564671613837
26,0.0033175615189700047
27,0.00014771744373057456
28,0.00016190831484572723
29,0.003315862293152392
30,0.0001630490167406645
31,0.0001664423028788155
32,0.00015575582029278125
33,0.00015934287805449945
34,0.00015566575655262595
35,0.00015086735127032848
36,0.00015633539732715117
37,0.00015678275064915504
38,0.0032983884188531893
39,0.0001610856737962351
40,0.00015236780084816612
41,0.00016071505227252888
42,0.004080579462931122
43,0.0033229409954407298
44,0.00015621629790749607
45,0.00016021064256281726
46,0.003310291319732621
47,0.0001558695147208717
48,0.00015635062521397646
49,0.0033956224311217317
50,0.0033112814722395505
51,0.00014740700338582217
52,0.00015170681553235518
53,0.00015985437096976458
54,0.003335171555887333
55,0.00015034668334523
56,0.0032694690899189977
57,0.00016049701461773476
58,0.003319404744685514
59,0.00015724604224897162
60,0.0001519869909112258
61,0.0033244762731728097
62,0.0034158950635593223
63,0.0032846593681842965
64,0.00330453409215956
65,0.003313257995558554
66,0.0033019813280441533
67,0.00015032341446691807
68,0.00015787341681395268
69,0.00016030177301642012
70,0.00015002732122166112
71,0.00015330125449665381
72,0.00403695598298067
73,0.000153814003909551
74,0.00014916190973136278
75,0.00016660595787631593
76,0.003323638139919967
77,0.00015423606931878146
78,0.0001511364239426959
79,0.000156528638885629
80,0.0032893034545082526
81,0.0001539222314041129
82,0.00015525896903122063
83,0.0033097225631892597
84,0.00015167239975300066
85,0.000161423872607296
86,0.0032990838191919885
87,0.00015497934814992325
88,0.00015151361545175814
89,0.0033025564576652793
90,0.00016239216167216817
91,0.00015811341436713355
92,0.00015770115377340647
93,0.00016070514200595162
94,0.0041363718406476355
95,0.00015672454901288977
96,0.00015202582241166594
97,0.003308024336862788
98,0.0033200367624706367
99,0.00016240103899781545
100,0.00015040187209714394
