1,0.00016060613637218857
2,0.0001503975109131044
3,0.00015432270234615484
4,0.00016667826829506321
5,0.00015401525694568236
6,0.00015415971762007161
7,0.00015168919198709752
8,0.004303895493455907
9,0.00015776316921676072
10,0.00015197901936369587
11,0.00015822231334028164
12,0.00016541378758374865
13,0.00015556065470052663
14,0.00015963526498719927
15,0.00016108021651544782
16,0.00015250442420395582
17,0.0033600938332980744
18,0.0001525183746666454
19,0.006694333549634129
20,0.00015104604061421496
21,0.01268749504445607
22,0.00015045564347335264
23,0.00015398435736468612
24,0.003395169567514264
25,0.003342031674366513
26,0.00015571106304980586
27,0.010741188394241418
28,0.010056613103877255
29,0.0033525585329445265
30,0.03749079826530612
31,0.00015110678248366152
32,0.0033626887694354953
33,0.0033276818378152433
34,0.003317041799215038
35,0.006021382117105919
36,0.00015869732145215218
37,0.0033431743180100323
38,0.003992859799637203
39,0.0033642180441927133
40,0.04931568175324675
41,0.0033777731992190225
42,0.0033120137259648637
43,0.00015719612159329144
44,0.004838041190559878
45,0.0336627127576055
46,0.033352399852071
47,0.006233459394290123
48,0.011097552309627258
49,0.0033755449119418986
50,0.015275765648614607
51,0.0033315300657894738
52,0.003356220214255706
53,0.01574384855613238
54,0.0035555505832294033
55,0.0033551878238966978
56,0.00015450821272832305
57,0.004366081034327011
58,0.003354617849679577
59,0.00015428155759111663
60,0.006448637990163499
61,0.0033615177144474756
62,0.047087774411400246
63,0.003362939846783139
64,0.00883477954089998
65,0.0039451930557820895
66,0.003562128207956468
67,0.009002881965843697
68,0.00014746486012640913
69,0.0033665077555356747
70,0.0033201253088098286
71,0.040397194499449944
72,0.03141573169934641
73,0.009176544552676373
74,0.006759321690868471
75,0.0033691803037692466
76,0.016153993234055752
77,0.0033507604832585434
78,0.03116189958333333
79,0.006099084581497796
80,0.020990077469670715
81,0.003381515501139259
82,0.004923964102303867
83,0.00015686741713611527
84,0.004358910128181983
85,0.0033670354372650046
86,0.006238906931394002
87,0.003350719151945901
88,0.003376898006922733
89,0.008499504960560912
90,0.04607772027511961
91,0.029433473353040543
92,0.010410557080025746
93,0.003344873121704745
94,0.004000312267657993
95,0.022347562991087404
96,0.005881727194357366
97,0.01453118189448441
98,0.07579124805555555
99,0.006125443211669614
100,0.00015765037925710444
