1,0.00015160685748686516
2,0.00015446369861369882
3,0.00015497716232731548
4,0.00357548568119891
5,0.00015719294630046465
6,0.0001542066291202503
7,0.003586258816131126
8,0.00015490172326244092
9,0.00016278036961656786
10,0.00015039891497350998
11,0.0033385788402457758
12,0.00015141194406106527
13,0.00015692028202815068
14,0.0033040961185651706
15,0.003980368709810387
16,0.0032860527949882972
17,0.00015485095680814484
18,0.00016265664250347006
19,0.0001531401112874059
20,0.005070544608868438
21,0.00016260289985935397
22,0.00015133486163686205
23,0.007624856834249806
24,0.00938233288863109
25,0.0001559003659552388
26,0.0033904087116693573
27,0.00015578737017182397
28,0.00014948902791249723
29,0.00016326527693747992
30,0.0032889909423541594
31,0.00015030677089704624
32,0.00016179556042189252
33,0.0033226739757625835
34,0.003318901646962345
35,0.00015653066772960985
36,0.004577013229737388
37,0.03688004363543788
38,0.009833234187601299
39,0.003349530847176079
40,0.00819938256128487
41,0.00015557115851276036
42,0.0033568707937200013
43,0.0001582143894281281
44,0.003972916906887233
45,0.00014753054997761463
46,0.005649896386946388
47,0.00015993380050688386
48,0.0001577844820761159
49,0.003944616268389824
50,0.0033880513845937587
51,0.00726417795924483
52,0.00015319430081355345
53,0.00015909870852061554
54,0.00858069296211048
55,0.035713704254254255
56,0.00015414399127977393
57,0.0033476566753575976
58,0.00580233797483523
59,0.0034310060017026106
60,0.0033821179011050487
61,0.0033237397868987255
62,0.009896734924520605
63,0.05056368564935065
64,0.00016007374622378868
65,0.00015897264623387556
66,0.009438475
67,0.0001575674449852789
68,0.0033356241282104827
69,0.00015729425739425976
70,0.00015399932753571062
71,0.0001473024875928419
72,0.0001595229053895617
73,0.0001485167424902909
74,0.0033352719137076793
75,0.00015218780251494536
76,0.00015981342679333976
77,0.00015477013875142868
78,0.000151851705614982
79,0.0001524828737193753
80,0.01316563158751696
81,0.00016596677981416347
82,0.003471477258052945
83,0.0034010769206281833
84,0.0001504563770180139
85,0.00015855990814035923
86,0.00015118733150491244
87,0.00015753207276022785
88,0.003334453205218618
89,0.005095214775351668
90,0.003980549839967172
91,0.0054950148097826085
92,0.032943694284341976
93,0.0033525613838816023
94,0.003995270456236053
95,0.004553472994451237
96,0.0033027510266159694
97,0.0033445013436566896
98,0.017990061823573017
99,0.00017193410826176104
100,0.0050918619829090715
