1,0.00015912016197236814
2,0.00016083147376355424
3,0.00016021291166122537
4,0.0001581844136065016
5,0.00015741582852985803
6,0.003320521090080133
7,0.00015819598358500988
8,0.00015795486029276977
9,0.00015472031137863925
10,0.00015776054028568686
11,0.003352020277662374
12,0.00016768214430496533
13,0.0001505066434750724
14,0.003357780973358506
15,0.0001532846554869951
16,0.00016020154745912998
17,0.00016186706629126203
18,0.0033837839099978774
19,0.00015729686030501494
20,0.00015991171719859998
21,0.0001533580449583303
22,0.00015335546704640403
23,0.00016281180392178026
24,0.00016932779524807826
25,0.003345592670577554
26,0.0001516654793491694
27,0.0033610664682679437
28,0.0033302678864353306
29,0.003365984405492054
30,0.003337965991367307
31,0.0033588862675311857
32,0.0033529718537060205
33,0.00015760231493505423
34,0.003340869933450088
35,0.0001599314953448984
36,0.00016042120195312764
37,0.00369980748237018
38,0.0001590659209500189
39,0.00014752560820871564
40,0.00015978880056427268
41,0.00015459634611118017
42,0.0033238564517243763
43,0.00337063381294964
44,0.0033600534046557017
45,0.0001484572003852146
46,0.00016465906897759585
47,0.00015602573296905818
48,0.00015835704825378156
49,0.003337740461882468
50,0.0033702738566697204
51,0.003322750311936781
52,0.0033629330832577295
53,0.00015554796137339056
54,0.0033439830513378004
55,0.0033682942172612836
56,0.003345044115625215
57,0.0033376579426369394
58,0.00015376900985109498
59,0.0001587670707872644
60,0.0033415143308570786
61,0.003951584664002609
62,0.0033722728869313118
63,0.0033336998426683447
64,0.00016127983054841616
65,0.00016348844991798776
66,0.0001550925039314207
67,0.004017543271717293
68,0.0033535220523251735
69,0.003359807704701682
70,0.00015393613054994192
71,0.0033666485272407735
72,0.00015684163225627664
73,0.00015531794782644036
74,0.00015321240500827682
75,0.0033528479702112928
76,0.003362639658464149
77,0.003373651072519355
78,0.0033679489274806448
79,0.00015871026157842873
80,0.003381585969622042
81,0.003365967922722439
82,0.003357559540844679
83,0.003338318243833478
84,0.00016559520743450514
85,0.0001562548025286317
86,0.003359534809460313
87,0.0033584022470033777
88,0.0033584183752632165
89,0.0033666276552686675
90,0.0033537757781236105
91,0.0034188902881271735
92,0.003365912689842553
93,0.0033346775056751748
94,0.0033382717677275337
95,0.003340839490513001
96,0.0033458787570001076
97,0.003364278522711292
98,0.00015725259362763414
99,0.003374634742130931
100,0.0033623742200041876
