1,0.00015344781749331558
2,0.00015276522092371218
3,0.00015562715098170585
4,0.00016237817057656613
5,0.00015522254625573365
6,0.00015968753022606126
7,0.00015125498042966025
8,0.0001497764736716926
9,0.00015216284364717123
10,0.00015075013347295378
11,0.00015656508622240243
12,0.00015520669007134652
13,0.003862962179923155
14,0.004012840884027841
15,0.004322092767968611
16,0.00015791152869543362
17,0.00015199679337975772
18,0.003435622438111481
19,0.0033548104439643156
20,0.00510377424808836
21,0.03218313770197487
22,0.010138899581939798
23,0.00015853503701324684
24,0.00015885136256893318
25,0.00014822722202917615
26,0.003335168878395147
27,0.00016138467577011642
28,0.00015591764107726676
29,0.00016505671042681683
30,0.00014814015618904087
31,0.00015073140505576134
32,0.003408735395673315
33,0.00016231762881896943
34,0.00015615553149014936
35,0.00015447242453823823
36,0.004056259294827544
37,0.000160923230338211
38,0.00779636443902439
39,0.00016311296003198198
40,0.003314192255375164
41,0.00016101741663121028
42,0.003399834038136786
43,0.005256462922993493
44,0.00015031092081048628
45,0.0001638212965275365
46,0.0033240278383599273
47,0.0001511403864560333
48,0.00015143742988560862
49,0.0001623306675154309
50,0.00016276712175424595
51,0.00016431941013680414
52,0.00015512210616632402
53,0.004751082327881696
54,0.003984318343195266
55,0.00016480296222165264
56,0.0033152147969264544
57,0.004902770624557142
58,0.003922679372830737
59,0.004334014470017081
60,0.0039414962678687455
61,0.0033479710705914796
62,0.00015598164315412782
63,0.00015700226987870952
64,0.0033152518995633188
65,0.0001593851812120412
66,0.00016286962719120875
67,0.00015455837148296156
68,0.0001520617289785411
69,0.00014759605908231977
70,0.00015738856309761685
71,0.003907723092006033
72,0.003315179219213011
73,0.003310524565037282
74,0.00015730909907612966
75,0.00015989995812783835
76,0.003365381279110184
77,0.00015061775922088296
78,0.0001613702045920212
79,0.0001657648391138982
80,0.003335418316240517
81,0.00015365119008720158
82,0.004477577214434835
83,0.0033451632634962864
84,0.0045729276257431345
85,0.0039021246638756943
86,0.00016160566545432543
87,0.0032905949081916117
88,0.0055676734682147365
89,0.003992287788208169
90,0.0033429992880291133
91,0.003453492828628458
92,0.003349311876051598
93,0.003326193778499379
94,0.004548480701425356
95,0.00780867892575294
96,0.00015472596663686854
97,0.0001582766374720466
98,0.0033218223024137575
99,0.00015633377815518936
100,0.005329337365414194
