1,0.000158759424566555
2,0.0001534830215483246
3,0.00015645300861328972
4,0.00016404525475670115
5,0.00015702674631152896
6,0.0037737494182578588
7,0.00015761027073003483
8,0.00016060780905459388
9,0.003325186179130818
10,0.00015448319455789341
11,0.0033292516332358267
12,0.00015905290267558193
13,0.004337800892216642
14,0.00016239416894821176
15,0.003348821762490307
16,0.003301012661207779
17,0.006716806029697474
18,0.02408237806244996
19,0.004326303783349692
20,0.0032869271006838656
21,0.003347681946373992
22,0.004353398282855598
23,0.0033318895684442003
24,0.0001668265947352667
25,0.00015497379587214914
26,0.003930203399042751
27,0.01847121540365575
28,0.007582438150581102
29,0.004885923780733576
30,0.00334035137751715
31,0.049341387041719344
32,0.0033465638545326776
33,0.0033247168886934974
34,0.003349561397901757
35,0.0001580820536192852
36,0.00015381228844027863
37,0.006511253935472435
38,0.022677506273062732
39,0.0040161567275884885
40,0.004348327745794728
41,0.007554048731122529
42,0.005788472630005977
43,0.0001526322027775548
44,0.00016184784167933423
45,0.00015261080232716837
46,0.0033368929820604817
47,0.00015577839231298697
48,0.003330982390871167
49,0.03638635691919191
50,0.0072250923741435805
51,0.019506616071428572
52,0.00015348858095897257
53,0.003326772730739893
54,0.0001629602937966258
55,0.0072778110177124
56,0.00015564799849618674
57,0.003351667246627464
58,0.0034902438482052756
59,0.00015356567738600136
60,0.00015655954717588443
61,0.0360309528028028
62,0.0033414618172413796
63,0.00015493629349688453
64,0.01134625834500461
65,0.004920307648076532
66,0.0001584871246332107
67,0.003308182442497262
68,0.006260085915129628
69,0.00671741809735127
70,0.01339998608119304
71,0.0033344355162160293
72,0.006698728338176284
73,0.0001548643828205698
74,0.004905373462161068
75,0.04020675242718447
76,0.00016057280571668778
77,0.004161246215774065
78,0.004348256444364551
79,0.00015187029867503736
80,0.0033439454459833796
81,0.004741787750611247
82,0.0033325241768759873
83,0.01508689931528167
84,0.00016073264538441075
85,0.00015444583720743184
86,0.00015769057078611023
87,0.0044794237710593125
88,0.024065115842905795
89,0.003328877326338887
90,0.00015886620123246694
91,0.00015957484047492046
92,0.005386471388827064
93,0.01128829737148174
94,0.003791754320939335
95,0.003989317452014169
96,0.00998943885343763
97,0.005767544486827989
98,0.007772064170137778
99,0.00015228155593075967
100,0.0033074849634319396
