1,0.0001554814726652256
2,0.00015709735409885454
3,0.00016270669725908468
4,0.00015477429610984722
5,0.00016107248294216825
6,0.0001589843976869062
7,0.00015528055197959134
8,0.003746605407677221
9,0.0001572190338091322
10,0.003335720725549869
11,0.00015480266674884692
12,0.00016122273958378837
13,0.0001599100443116654
14,0.00015711745254062376
15,0.00015908302538704934
16,0.00017016295208815936
17,0.004834364711452209
18,0.00016426535611306777
19,0.00015846018873707314
20,0.0033248469259321936
21,0.00015761451230716353
22,0.0034174698622394914
23,0.0033384419895215777
24,0.0033333643719806764
25,0.00016174636687865245
26,0.003324273806194505
27,0.00016000370229905236
28,0.00015515827741702741
29,0.005634094918013722
30,0.00015471823442906856
31,0.0033164397054756636
32,0.0033209435345720796
33,0.0068894576250710625
34,0.0001544568815380121
35,0.007411425889793624
36,0.00015381224214250586
37,0.00015751004509930708
38,0.00015977698890618075
39,0.0039952629132653066
40,0.00332962684088839
41,0.01537655457858048
42,0.00015282839136404036
43,0.004335604785522789
44,0.00015948852893628627
45,0.0033213177653011717
46,0.00015346699093454698
47,0.00015964536957906164
48,0.0041536321471445726
49,0.0001607153486353077
50,0.00015580635151546643
51,0.00015432958941547168
52,0.0033186238723228426
53,0.003332281374739379
54,0.0001534171660661331
55,0.0036337939492835166
56,0.00015977703756993872
57,0.0033169520474655326
58,0.004287628953753924
59,0.0033883943158635244
60,0.0033197846746753695
61,0.0033383241850348526
62,0.003337643726950108
63,0.00014994341787213312
64,0.000159000004512381
65,0.00015899347704588195
66,0.00015771854373337454
67,0.004203464696485624
68,0.00015637002676081575
69,0.0035592749275362317
70,0.00015899423455677104
71,0.00016191621680350097
72,0.0052531721800433825
73,0.00015563866554037624
74,0.0001525162550905605
75,0.0001584601044686429
76,0.0001600915922848759
77,0.005290294835184206
78,0.0001559972446675439
79,0.0037592531955324593
80,0.0033433619670870723
81,0.0001584717124963271
82,0.00016699932490154816
83,0.00015950228414846797
84,0.004299356826964363
85,0.0001527496263730457
86,0.00016781901413321252
87,0.00015708723647765875
88,0.0001618362059645545
89,0.0001581556729028194
90,0.0001530574323000487
91,0.00015511521533900416
92,0.00015734364493156486
93,0.00015695751255906333
94,0.0033929704401631272
95,0.008585932044247787
96,0.0001636771058322702
97,0.0001561626981248413
98,0.00016017519649224948
99,0.00015859335310710205
100,0.00015348492812909274
