1,0.00015031078372156826
2,0.0001508049586493174
3,0.00015342636235784852
4,0.00015397100598909676
5,0.00015778229877163222
6,0.004359085705042139
7,0.00015389036772608632
8,0.0033489692490690937
9,0.0001474378809719617
10,0.00015677181545379078
11,0.00015453374093471706
12,0.00015476650091471718
13,0.00016017856810839707
14,0.0060767120806209315
15,0.0001543903525428529
16,0.005118146521555813
17,0.00016005394212531681
18,0.0033366712611183893
19,0.0033364369306620183
20,0.0033048359189620474
21,0.003942301453228039
22,0.00015226664143370188
23,0.00015420096330482836
24,0.00014747845449440623
25,0.00016368890902457655
26,0.00015063700857677057
27,0.0001630734360335286
28,0.00015185247766971808
29,0.0033569545740517424
30,0.004322489500760491
31,0.00377878701754386
32,0.00016132075727502102
33,0.0033272271518812123
34,0.0001541966516263893
35,0.0033372696201832835
36,0.003943023448667966
37,0.00330441450752394
38,0.003314347787672186
39,0.00016062651192175946
40,0.003308107658711053
41,0.00016078013519959706
42,0.00015027081427207114
43,0.00015392780466757315
44,0.00015421981097800004
45,0.00014985883637851533
46,0.010202303409821497
47,0.003333458951941054
48,0.003330115439961443
49,0.0033863581967787117
50,0.0033429702683128713
51,0.00015785974983649446
52,0.0033470511720096524
53,0.00016256151038913512
54,0.003329923437716023
55,0.0033313531342199654
56,0.00015966249686890258
57,0.009151150189875366
58,0.003953617892449925
59,0.0033277912432944715
60,0.0001622987318889187
61,0.003339566353344049
62,0.003296263282949108
63,0.0001686965916642932
64,0.0033363444681595517
65,0.0033173307847151143
66,0.00015642082633923944
67,0.014545718895348836
68,0.00015922336674237185
69,0.000157850263439546
70,0.00016267655279449553
71,0.00015774884892942503
72,0.0001640728185544157
73,0.00014972313467440985
74,0.000157686219693623
75,0.00015989475598018196
76,0.0001550532558018727
77,0.0001543710464031865
78,0.000155509743307235
79,0.010249494332036316
80,0.00015757831189336683
81,0.00016117208216594173
82,0.003334831962253086
83,0.003345006023544339
84,0.0001511832255210226
85,0.004427561909547738
86,0.0001546350214403934
87,0.0033491975490196075
88,0.003376496974355391
89,0.003812679219757747
90,0.005735778881400024
91,0.0033298042764295104
92,0.005149428910229201
93,0.00015642036108864656
94,0.00015412008332083075
95,0.00015935528751211356
96,0.00015920880331291896
97,0.00015390436774430328
98,0.00016147536527855218
99,0.0033335589991705834
100,0.0033415505809099764
