1,0.0032961578719191646
2,0.003292109504019621
3,0.00015821751493339168
4,0.00015149652861566926
5,0.0001584301049322479
6,0.00016513532816005017
7,0.00015150689197082143
8,0.0001631484341786123
9,0.00016061912129066523
10,0.00015562068931896845
11,0.00015781057632713774
12,0.00015483219411721754
13,0.000151391594043383
14,0.0001559766777104653
15,0.00016587036656196417
16,0.0046932533176498965
17,0.00016025431439920884
18,0.00015179926509976036
19,0.0033109671105759006
20,0.00015728124799481433
21,0.00488308143634166
22,0.0001572229437065482
23,0.00015174813679817294
24,0.0033250300853242317
25,0.00015858654156117096
26,0.0001662332795841712
27,0.000155826004966563
28,0.007800598328511732
29,0.0033098933572159677
30,0.014635004605263154
31,0.006456627711758889
32,0.023152067534639272
33,0.00015679757875978876
34,0.00015798925631053352
35,0.0001566314875963223
36,0.00015087140737725803
37,0.012994172752308079
38,0.00015854802907683878
39,0.0043717487684210524
40,0.0001480072082748037
41,0.0001556189859859539
42,0.00015702920919452934
43,0.0033144496059782616
44,0.00015467386124431393
45,0.004864227741514361
46,0.006639508833009653
47,0.007155519362455725
48,0.004940127151743831
49,0.003304659465585933
50,0.00581798909232801
51,0.0034037858690300344
52,0.003520368028107158
53,0.003314410564889719
54,0.0033166800345184673
55,0.04546053690191387
56,0.0032891121571458036
57,0.005309606635667396
58,0.00015550836967356094
59,0.0033144966630008943
60,0.004358876591338796
61,0.004721810501493476
62,0.0034478189746070306
63,0.0032848708086920648
64,0.00330637447091801
65,0.0062395304562982
66,0.003463713482142857
67,0.05619325874277457
68,0.10677357004889976
69,0.03959117560462671
70,0.03659210549338759
71,0.03822710517948717
72,0.02210720883826879
73,0.016655807348901097
74,0.006662830240219629
75,0.006452754123985633
76,0.0045937612158832445
77,0.006945868712436431
78,0.005733542559101656
79,0.004357355894528438
80,0.009462521611328123
81,0.004002045959096157
82,0.003434182838682193
83,0.006134320070957933
84,0.0032899741821267605
85,0.006803296471661055
86,0.006815295432150901
87,0.011187635347014066
88,0.00535532667218543
89,0.008356414758050627
90,0.003312659219703574
91,0.0038355453042171065
92,0.020022172100701608
93,0.06075065474777447
94,0.003853444984512747
95,0.0032835755754691415
96,0.048655664814814814
97,0.004833515586681288
98,0.0033251441515183694
99,0.04240968627118644
100,0.033781927125506074
