1,0.00016005268540840564
2,0.00015050345267413154
3,0.0001557477821080889
4,0.0001601226781821104
5,0.00015056397988650366
6,0.00015236314933072317
7,0.00015693599841820282
8,0.00015382945274217745
9,0.007977453725507266
10,0.0001494095343478575
11,0.000155285009798478
12,0.00016114929890560876
13,0.04233556209862385
14,0.00016079557283891807
15,0.004308826427092033
16,0.00016052756495585786
17,0.020964818883213873
18,0.032729281719924806
19,0.00015649769468134138
20,0.00016392198953996506
21,0.00015935897545892827
22,0.003320565309980093
23,0.003345134734589632
24,0.012237249518247197
25,0.0001594524816173452
26,0.00015487659779427006
27,0.08973782957446808
28,0.007053417450058755
29,0.00015282638245181265
30,0.014551632468506298
31,0.021223805700088874
32,0.00016179247172363545
33,0.0001599824918310558
34,0.343577325210084
35,0.014065353489789698
36,0.05547913421807747
37,0.0033406033909574467
38,0.00015511421286687442
39,0.00332890610670194
40,0.015184828522461913
41,0.021744568388728326
42,0.016176995248416134
43,0.0001547350480440251
44,0.09387568297413794
45,0.09274009825708063
46,0.00475806116180944
47,0.03168305200956938
48,0.12807353504398825
49,0.013785879332386364
50,0.0033311471395253128
51,0.009820823901599515
52,0.058250612021439496
53,0.14058600543130992
54,0.006294523684551581
55,0.0033480846196940295
56,0.003319173665208637
57,0.0033333117826237456
58,0.0048208887557191155
59,0.0035190498221415608
60,0.00529987790215136
61,0.04304213812989922
62,0.04220251349384098
63,0.0033825115324209107
64,0.007339024459070962
65,0.00531663873671524
66,0.058396836640624984
67,0.0033383129523071823
68,0.014851166347037799
69,0.0033280480252331317
70,0.0034547865317341325
71,0.005504019877467666
72,0.046151559547123626
73,0.09751689069767441
74,0.03661602860020141
75,0.07372379723707664
76,0.00597854247611465
77,0.003313947012302285
78,0.004486980113636364
79,0.004344224604601006
80,0.003310872647419545
81,0.005329697557003229
82,0.05301286311813187
83,0.004373304479364219
84,0.011106256779661018
85,0.009297604101188194
86,0.000162270175527392
87,0.09314909656319291
88,0.00015484118185557516
89,0.09593798248337028
90,0.06217200893065906
91,0.003358525301540821
92,0.0001571563254638424
93,0.11874720153203341
94,0.0001564790989772062
95,0.0033453275278164116
96,0.2441721978835978
97,0.00015830053131280462
98,0.014492609629186602
99,0.00015055309019590627
100,0.0001570453902916074
