1,0.00015629691324314806
2,0.00016321947923130921
3,0.00015817373177835864
4,0.00015185759447979867
5,0.00015817855578905877
6,0.00015340024692604842
7,0.00016269431383165932
8,0.0001510533636445892
9,0.003979950587054691
10,0.003335086767526103
11,0.000159150846273935
12,0.0033118196269678302
13,0.0033033366411149827
14,0.00015339943832098321
15,0.00015719416030546745
16,0.00016449734422797386
17,0.0001509634083718935
18,0.00015700032646627596
19,0.00015404651253309948
20,0.0033408104114234123
21,0.003326579408735064
22,0.00015389642303316873
23,0.003328571192006708
24,0.003338398584938221
25,0.003322500565642458
26,0.0033168077420686806
27,0.0033367867571625492
28,0.003333698827955263
29,0.003387019456506513
30,0.0033268682785619766
31,0.003341974975195678
32,0.003340238158990011
33,0.003330058537269476
34,0.0033424820275535765
35,0.003343121063331266
36,0.0033536585093732517
37,0.00353866597019287
38,0.003318136873287671
39,0.003329252177028219
40,0.0032984268093781857
41,0.003282396946771143
42,0.0033203264622901187
43,0.003918286171673126
44,0.0033431211379595207
45,0.003297805498525718
46,0.0033183070795541098
47,0.0033342529148230092
48,0.00015595524621884598
49,0.0033432618949500595
50,0.004350172348552939
51,0.00015905210085065554
52,0.003981698416962883
53,0.004925806791628568
54,0.00015218050597903018
55,0.00629142538920602
56,0.00015291802467347468
57,0.003340863204867921
58,0.003757166080557707
59,0.016509025190560665
60,0.003335994575393766
61,0.004752540589446842
62,0.011331809518804017
63,0.003347050914096916
64,0.003344957639016434
65,0.003338295194962995
66,0.008322376522559613
67,0.0033441750345638045
68,0.0033395857117983017
69,0.0033477113552475794
70,0.0033391070979240933
71,0.003352926232996163
72,0.0056625151681457256
73,0.003340937305270136
74,0.00016346090861210505
75,0.003342763591228796
76,0.0033012987188500787
77,0.0034838611330935258
78,0.006547737523642259
79,0.00015485637733842557
80,0.003338279495538779
81,0.0033333618305576673
82,0.008199847438715132
83,0.003334411575351918
84,0.003340389971702671
85,0.00863436407196295
86,0.004315013880490841
87,0.00015057955015964697
88,0.00015824185287803986
89,0.008538877913391599
90,0.0038964211372290924
91,0.003349333831958619
92,0.00015811339741693458
93,0.0034353061358629996
94,0.00015767621652414064
95,0.0033107552147545994
96,0.003341718790769447
97,0.0032778282824893986
98,0.003327629328966623
99,0.0032887285757054923
100,0.003295970430281977
