1,0.00015950815107977675
2,0.0001569283033394599
3,0.0001580213057078871
4,0.0001621129213693101
5,0.00015938566975705988
6,0.00015384125592363913
7,0.00015611212731856097
8,0.00015843462745835892
9,0.0045920378795094655
10,0.0033214180747779386
11,0.0057673667024064805
12,0.0033295810545529688
13,0.00015271496301768112
14,0.00016003751748114103
15,0.00015322808851353728
16,0.00015607927988976983
17,0.005294782850400086
18,0.00016592353687587948
19,0.00015849540011957179
20,0.00015362148302858786
21,0.0034026443696709174
22,0.02931151619469026
23,0.0033421265448366736
24,0.003402949366643209
25,0.00489585797220987
26,0.003304326723012437
27,0.0033305848082708566
28,0.017542280879436722
29,0.003947382594162727
30,0.0001550841382298943
31,0.0033473722252860888
32,0.0001616161204790863
33,0.0033398604850461452
34,0.00015602760924771078
35,0.0033216856098406094
36,0.00016722636152612035
37,0.004780505961765865
38,0.0188928777847703
39,0.007512862651069104
40,0.003545346490585391
41,0.0033468013530522345
42,0.02421760091779729
43,0.05544348644189382
44,0.003315773167727366
45,0.006772589460441712
46,0.003452843066135118
47,0.007161138452451269
48,0.02137410204845815
49,0.031168714054290714
50,0.0033253036172536175
51,0.0040038225897139085
52,0.02215188082191781
53,0.0033366070390137424
54,0.012585701271406334
55,0.0001566804149707009
56,0.009000982197883794
57,0.06601536237785015
58,0.006875686007938758
59,0.003345336529444215
60,0.0033109266948569854
61,0.003323575688976378
62,0.04265462520420069
63,0.0630342187600644
64,0.008851184402446468
65,0.004772555654200972
66,0.003540203449912383
67,0.008186263103273708
68,0.00396878523797821
69,0.003849708294985718
70,0.004861056552449655
71,0.003564251979250976
72,0.00331627284408118
73,0.01597104567396576
74,0.003320415300727033
75,0.0033320821676222708
76,0.0043317445369127515
77,0.010633620407715915
78,0.003631677067725502
79,0.0490065008135169
80,0.006759391419003768
81,0.004924956874427131
82,0.0033228382891430782
83,0.0044806618809665865
84,0.034283012426614475
85,0.007478814080814313
86,0.005328435764998225
87,0.05190198097112861
88,0.01162209280067082
89,0.0035515300667253264
90,0.005417759197268248
91,0.01537204033280507
92,0.0033257333022130007
93,0.004876640871986973
94,0.0038093769651428113
95,0.029179453373185314
96,0.009382076514418426
97,0.0211280634305616
98,0.1314037520408163
99,0.05583519432624114
100,0.057343451445086714
