1,0.00015345608207844105
2,0.00015099107273031372
3,0.0001518586890358458
4,0.007217273223186265
5,0.0001567009358764617
6,0.00015102512344480394
7,0.0001487824633594141
8,0.00016020888157564862
9,0.00015475317416241218
10,0.0001534967417866306
11,0.0001518030439873676
12,0.0036945551303214593
13,0.004909013267166295
14,0.003324332100215451
15,0.0001480310622737682
16,0.00016636475233883845
17,0.0001618706022599099
18,0.0001583253028540923
19,0.00015423998598919814
20,0.0463823524360536
21,0.0032950782087232335
22,0.00015105971127037882
23,0.003991144818099696
24,0.0035490932597859555
25,0.0059683327783943765
26,0.03890855465240641
27,0.00015598790302458478
28,0.0033575078238845327
29,0.008471175637665966
30,0.06471004420880913
31,0.015050501349674216
32,0.008262028381601363
33,0.0001537968575690023
34,0.0044710242742168615
35,0.003988738438710741
36,0.0033107254511590125
37,0.00015493178437529063
38,0.0032940467266211835
39,0.00015739842187911476
40,0.003287382596173627
41,0.0001611688978992812
42,0.020807220033158966
43,0.04133324955752213
44,0.004942254877178677
45,0.03520369065238559
46,0.018884554710003894
47,0.00015197018275235158
48,0.07469704305054153
49,0.00015394575075947318
50,0.00015736246124102026
51,0.0163079035500634
52,0.0033179771691927546
53,0.004994609114825132
54,0.09469638922018347
55,0.032743447310278576
56,0.004719339278415343
57,0.00016317211580167264
58,0.00016096293327636497
59,0.11882467663043478
60,0.00395410286507224
61,0.043908538735632184
62,0.006817383347779425
63,0.00015812311811823365
64,0.0001537531924564424
65,0.0544075315
66,0.0001565141078816607
67,0.00016130972020079508
68,0.03772140154320988
69,0.05880138963414634
70,0.050217913398692804
71,0.0033195451428375687
72,0.11477313302631581
73,0.019763679339853298
74,0.0654620884057971
75,0.01025133877615726
76,0.07963458723809523
77,0.0743027972795497
78,0.01653018039351442
79,0.01365097371532515
80,0.003298185988305976
81,0.04737443567839196
82,0.00016181649099810967
83,0.0405308262979684
84,0.033663170502092055
85,0.03871378787234042
86,0.008509226152901981
87,0.003314251337865994
88,0.0033062790155618015
89,0.005966224642593049
90,0.0528127188933873
91,0.003304712522306109
92,0.005361221946428572
93,0.05971317213114754
94,0.004850677039592082
95,0.10011628617021277
96,0.007594944831091648
97,0.22378921048780484
98,0.007864087374310736
99,0.003310665256390758
100,0.06077920569908816
