1,0.00015346592804207993
2,0.007873990453705603
3,0.00015143259796577844
4,0.00016146044774377287
5,0.00016221183328851842
6,0.00015338926949698718
7,0.00016161614695696367
8,0.00015213614818738788
9,0.05617686196581197
10,0.0001531094342608846
11,0.00016118941981184355
12,0.021249994026704147
13,0.000157106049275239
14,0.07024011487179488
15,0.00816770401582758
16,0.0325963803734062
17,0.003923795184135976
18,0.00016245041565992338
19,0.00015739627255375086
20,0.012830523644538482
21,0.00015425240550158084
22,0.0033261277140672783
23,0.0001539406017575987
24,0.0001474977604672321
25,0.02257045621275923
26,0.022434180164056676
27,0.00341005934876173
28,0.0038469231391842565
29,0.00015528797914935656
30,0.004881625927228867
31,0.0001552791176425392
32,0.00016333857231899196
33,0.0046807249474002735
34,0.00015852829411039444
35,0.01037619189651486
36,0.04542679121212121
37,0.0032981577667902757
38,0.00772957507971939
39,0.06575301287128713
40,0.1820518672690763
41,0.0033345277735614734
42,0.0033357216164630757
43,0.005375891253481895
44,0.007735807927899186
45,0.00015866314140701505
46,0.00016390038396151528
47,0.049740456092964826
48,0.007540899432701274
49,0.11409835639686683
50,0.03294485816135084
51,0.13722997301829268
52,0.014081322909407666
53,0.019595030318934198
54,0.0001537281514949166
55,0.07632908747731397
56,0.005847901706875754
57,0.04949387716836734
58,0.07587820614828208
59,0.0034030176758019968
60,0.16725442294776116
61,0.0001586444614198769
62,0.030703856944444434
63,0.00016097428853022443
64,0.16870565150943398
65,0.10530348686746988
66,0.00016228788502315483
67,0.00930498635927914
68,0.0033510975117663345
69,0.056203795512820516
70,0.00015096613867888586
71,0.006665898349834985
72,0.055004870014144266
73,0.11628548561827957
74,0.015013952908415843
75,0.0001519147590313742
76,0.00015986655946674853
77,0.004797114579507896
78,0.021120468334772154
79,0.003498782196477552
80,0.015090666614810205
81,0.003331874108824195
82,0.007990185744855967
83,0.005720689077612646
84,0.0033275815687763876
85,0.006328369619097313
86,0.02130663969026608
87,0.00015589287394504438
88,0.22844415375000002
89,0.0001505047761345235
90,0.16445356927272728
91,0.0001497402319980339
92,0.03557884471428572
93,0.0057850857791587
94,0.003310843874331184
95,0.09390100154185022
96,0.05815107664285713
97,0.003342046625551896
98,0.041320236702702705
99,0.20003346337719297
100,0.006070366835585586
