1,0.00015490315081789468
2,0.00016131549328562186
3,0.0001535380137084562
4,0.00015333751746995057
5,0.00016058677731393004
6,0.0001484960075550749
7,0.0001577373594658478
8,0.00016333466243025982
9,0.0001549357265858088
10,0.00015031558697519248
11,0.00016676506387343424
12,0.00016140202250531217
13,0.0036965241534269513
14,0.00015596162260458289
15,0.00015024783992299647
16,0.00015112631126677287
17,0.00015661730969743126
18,0.0001603499839320863
19,0.00015758004487602013
20,0.003338967315672983
21,0.00015602206126904574
22,0.00333080091087444
23,0.00015279526475906063
24,0.003304180913590431
25,0.0033244995976134313
26,0.00015870560467002456
27,0.003337752135766219
28,0.0033222270816044264
29,0.0001592196344376641
30,0.0001528082233062709
31,0.00015629605077553216
32,0.0033337433574629444
33,0.00014815290364424372
34,0.003329654895871354
35,0.0033315767741711262
36,0.0033397301731021797
37,0.003297379597942341
38,0.003346288355595198
39,0.0033229187998673306
40,0.0033087724666438596
41,0.00016306183547466378
42,0.0001640466968803861
43,0.00015692791963692207
44,0.0033249158754537836
45,0.003310598070223376
46,0.0033395219342077865
47,0.00016067788122033178
48,0.0033289386723047306
49,0.0033281498483374934
50,0.0033175777368239746
51,0.0033252397759491047
52,0.003330202852947347
53,0.0001567612901639667
54,0.00015824425105002163
55,0.003325172555693069
56,0.003332091841719589
57,0.003333451173188198
58,0.003369342730645387
59,0.0001608713593226004
60,0.0033291495262314495
61,0.0001545981346524551
62,0.0033258309599272025
63,0.0033197749258422936
64,0.0033390767628911416
65,0.0033346777091135347
66,0.0033543222299748806
67,0.0033314136704919867
68,0.003336653039353478
69,0.0001558124865720953
70,0.0033314541740185268
71,0.0033284409801333705
72,0.00015129475169464572
73,0.0033285772998680823
74,0.0033323707263186965
75,0.00015424712179172364
76,0.00015898907973127134
77,0.004036922827389136
78,0.0033253645594531144
79,0.00015072332822753823
80,0.000161070604863406
81,0.003332510310397982
82,0.0033318207055109466
83,0.00332532564137931
84,0.0033247262484565783
85,0.003316622188407802
86,0.00014760040809607834
87,0.003294080055780378
88,0.0033345229369947027
89,0.0033628527050671895
90,0.0033026616597510374
91,0.00015403777834513687
92,0.003348351322878131
93,0.0033189556119648735
94,0.0033105477451386015
95,0.0001618201341315993
96,0.0033045024924678174
97,0.003324355662260774
98,0.0032908690412978437
99,0.0033147873880699824
100,0.00016032260381138722
