1,0.00015875586490669483
2,0.00015666783779137014
3,0.00016207303560278162
4,0.0001566564201543432
5,0.003953001676508857
6,0.003345848264250503
7,0.0001585549696912885
8,0.003298302535858897
9,0.00015243816538140109
10,0.0001512364279258641
11,0.003323039995843148
12,0.0033343135639411457
13,0.0033175604312594424
14,0.00331111524820267
15,0.003327841448408607
16,0.0001522027144108502
17,0.0033721810887153017
18,0.003365403983506884
19,0.0033549639609669548
20,0.00015664941455903553
21,0.003329301635562289
22,0.0033633286479859896
23,0.00015451450784722265
24,0.0001631805638002258
25,0.0033381500105277933
26,0.00334061815696593
27,0.0033387555224821414
28,0.0033359292970647427
29,0.00016301564320348857
30,0.00015616597322216358
31,0.0033228638577036985
32,0.0056602215577596275
33,0.0033262673537934446
34,0.00015117687173359708
35,0.004307702079747563
36,0.00547547258974938
37,0.00425698727750327
38,0.00935803649951784
39,0.003331573719621036
40,0.0033342465100893153
41,0.00015028504399780012
42,0.0033214956129418876
43,0.003294948876826437
44,0.00015182417946229371
45,0.005691839197748065
46,0.0033540141999999994
47,0.00015072168406704512
48,0.003338881092112521
49,0.003325466876993814
50,0.0033223250450450455
51,0.0033332119843847165
52,0.005609634356183418
53,0.0001531393911241106
54,0.0033022558239720807
55,0.0038982678927079995
56,0.005613869241019698
57,0.0033414001488198237
58,0.003344673487469115
59,0.003301783659438708
60,0.0033373855837106423
61,0.0038110110174830684
62,0.0001569524494362175
63,0.00014823915983619255
64,0.00404914961674231
65,0.003552233605396852
66,0.0033469494896187766
67,0.00015979846439868656
68,0.00016009356011682883
69,0.0001545625102051717
70,0.00014772522223984347
71,0.003318765801400392
72,0.00015115240687751
73,0.0033618859718804925
74,0.0001610155439193892
75,0.0033604612001399583
76,0.0001521824207891506
77,0.003343259289560171
78,0.004653392933713541
79,0.003335841442871937
80,0.004928148947635993
81,0.004920506795480597
82,0.004942769902220412
83,0.00015250301820305363
84,0.003325845150077246
85,0.00016007901993923801
86,0.0033283774609116938
87,0.00016660621238664185
88,0.00016141773941918695
89,0.0033453251887211365
90,0.0033161431576418914
91,0.00015434935045626985
92,0.003331718622501902
93,0.003341331143374417
94,0.00577079596254771
95,0.005295420045831514
96,0.004499074902577937
97,0.003333400395720688
98,0.0033280879818985763
99,0.004333857376902417
100,0.00014747919051637213
