1,0.00015555500923559141
2,0.00015774778908237138
3,0.00016087894269139198
4,0.00016050991770747368
5,0.00014819120000503892
6,0.00015759925147977846
7,0.00015620996719369388
8,0.000166853723688132
9,0.00016054963945140216
10,0.00015776308310671403
11,0.00014749815392375783
12,0.004286813485079171
13,0.00015529088715166765
14,0.0001642846880828584
15,0.00015584811582347583
16,0.00016025307124752926
17,0.0001522712285599308
18,0.0069826375763579335
19,0.0033471751664824138
20,0.00015887720080934057
21,0.0033847930152484007
22,0.003328049060918982
23,0.00015403396518779002
24,0.06027480679389313
25,0.03761992113564669
26,0.009581603297285402
27,0.0043257238932524105
28,0.00015580854455636727
29,0.003926178683550449
30,0.00015314906174237333
31,0.00015385996327764746
32,0.003318676462720351
33,0.007240031679844846
34,0.00016412895246147106
35,0.00015489682738370199
36,0.0001492980784257026
37,0.003361203159708151
38,0.012222892702293925
39,0.01367786620174697
40,0.17632086470588235
41,0.09249114338394794
42,0.0001570706502860813
43,0.0001572461746641705
44,0.005709482620973978
45,0.0001522546953577876
46,0.003350745395535985
47,0.07786852495412842
48,0.13984084281150158
49,0.03430387097560975
50,0.0001588949624304602
51,0.01230921574003554
52,0.003916692213346243
53,0.15354161554054055
54,0.0001572185945380306
55,0.03956977162447257
56,0.00016344019494562948
57,0.00015311717306653786
58,0.004862947821514423
59,0.033824369524281465
60,0.00015122075038260973
61,0.06931186916666668
62,0.004922009979695431
63,0.00014836937860088662
64,0.06089223714069593
65,0.00016433034546895858
66,0.0830775082987552
67,0.0033235290408891328
68,0.00015407795660398992
69,0.0001563927844490213
70,0.05912143123123124
71,0.005180235952449186
72,0.022940690321375187
73,0.058470561487481594
74,0.0349489892929293
75,0.00330223094488189
76,0.0033252925215089342
77,0.004338584388450503
78,0.035153930926829266
79,0.00015535805652148852
80,0.007071952686915886
81,0.14612259967426708
82,0.004484091611940299
83,0.0055604474753270594
84,0.022470031995162298
85,0.08821187598343684
86,0.05031488290273556
87,0.0001525213805340525
88,0.006237784042963724
89,0.2284382658415842
90,0.09836702430555554
91,0.0001613600858654111
92,0.00015315882044328983
93,0.00015358240724455298
94,0.00015564550667597165
95,0.00015643069750477585
96,0.09401741105651105
97,0.009098610844265763
98,0.003942460512842192
99,0.00016196039142431736
100,0.004464217394858078
