1,0.00015822697243825131
2,0.00015585031858337894
3,0.00015428292995298032
4,0.0038901434712411706
5,0.0001554691223712705
6,0.00015200242741502187
7,0.00015377681589679598
8,0.00015621306508912622
9,0.00015111219642485708
10,0.0033468608331824728
11,0.003316274364697802
12,0.00015687277002027707
13,0.00332418754076747
14,0.003325304712911568
15,0.003321703885544254
16,0.003321916865619546
17,0.0033417299764917376
18,0.0001512984888085335
19,0.003296425485553497
20,0.003305246684094662
21,0.00016366297885335015
22,0.0033361373672813627
23,0.00015296373065992044
24,0.0001625510551642516
25,0.003315667980617225
26,0.0033184101441302676
27,0.0033278296145833326
28,0.00015408520737283018
29,0.0033069906232667773
30,0.0001652021815541482
31,0.0033418634628605355
32,0.003311367361687414
33,0.003394659749947468
34,0.0032839903689227184
35,0.003329066131604493
36,0.0033189550711047195
37,0.003319566452104098
38,0.003313684464195212
39,0.0033256308454608454
40,0.003328236858164983
41,0.0033268138962765956
42,0.0033827576777317706
43,0.00335273770350592
44,0.0033269704554865424
45,0.0033426319318261848
46,0.003316491434341209
47,0.0033108150182143098
48,0.0033342950640359993
49,0.0033138935278751633
50,0.0033198808211628546
51,0.0033563509030967633
52,0.0033322028773891056
53,0.0033235413711664836
54,0.003338751971473634
55,0.0033185201853901496
56,0.0033170773136070304
57,0.003319477745427142
58,0.0033335951484332054
59,0.003301930303970224
60,0.003337605423974589
61,0.0033364314013800585
62,0.0033503816070808747
63,0.003342617874914665
64,0.003384192236547086
65,0.0033365816239316237
66,0.0033321239951321284
67,0.003324856025659002
68,0.0033277070412321293
69,0.0033401453371096983
70,0.0060585694392406644
71,0.003327228792250597
72,0.0033444788655520243
73,0.0033384609146677696
74,0.0033846310584762446
75,0.003329392280969916
76,0.0033195211340916924
77,0.0033261453325072283
78,0.007552891416867181
79,0.003312447449478572
80,0.0038147124217201745
81,0.003318588631961518
82,0.003336467160578911
83,0.0033400024984341285
84,0.004327688857517818
85,0.003339722442133906
86,0.003317611282333517
87,0.003436616827060165
88,0.00330801538198013
89,0.003327074991305557
90,0.003328165895953757
91,0.003321146802768166
92,0.0033386687054344057
93,0.0032964907918333567
94,0.004733425253955851
95,0.0033180249693460485
96,0.003329674088076734
97,0.0033581744664527824
98,0.003318760448916409
99,0.0033508090710602885
100,0.0033394599318714076
