1,0.0001611304108430054
2,0.0001549580140417039
3,0.0033142319919795336
4,0.00015656864551169485
5,0.00015469943738808954
6,0.00015867873927308197
7,0.006264137339071473
8,0.00015626893747128985
9,0.0001563101390112611
10,0.0001560931601957552
11,0.00805636857142857
12,0.000153363272189858
13,0.00015098257134486527
14,0.00016274633787047497
15,0.0001518972425828416
16,0.00015652153503955573
17,0.0035262214908531367
18,0.003298250701430233
19,0.00015469287186248035
20,0.00015544568134010569
21,0.0001566815550173583
22,0.003958448288369059
23,0.0001619108883557798
24,0.00015824139929153968
25,0.00015340244186642078
26,0.004332385429872332
27,0.0033052016659752877
28,0.007091409305901303
29,0.00015340207931232824
30,0.0033583839789706692
31,0.00014860432040907461
32,0.003331817912934805
33,0.00015714738536208597
34,0.004348434656179775
35,0.005325271203543552
36,0.005712316860875705
37,0.006281707531380752
38,0.005711743376118699
39,0.003304993090630808
40,0.018597559394171778
41,0.003985632612080977
42,0.005749502254925231
43,0.00015164580554174686
44,0.0033121920124481326
45,0.0034185123438933186
46,0.00015381051341871796
47,0.0033452861218435216
48,0.06270014906542058
49,0.046212514987562195
50,0.0067756817069760935
51,0.0001626742705903098
52,0.0033361846431270185
53,0.00015690008148796833
54,0.0034830100769064906
55,0.00015410197333036302
56,0.0033239843896551717
57,0.009523524406280667
58,0.00016327430572764089
59,0.0034817572095696536
60,0.009062116243228096
61,0.03979027739872067
62,0.00015621710377982997
63,0.005494632950560019
64,0.003813630659003228
65,0.0001617728922053919
66,0.00015368007826527472
67,0.00015826640906893135
68,0.0001569618574312017
69,0.06083356019900498
70,0.0033303053939897523
71,0.007787151123234914
72,0.009142922442057659
73,0.004890220238814993
74,0.00015572364275283842
75,0.0033395434119994497
76,0.003361723053272047
77,0.032224779123468425
78,0.00015705536377375344
79,0.00015137415125307744
80,0.00015147224445847702
81,0.004944426426533525
82,0.005432697931150482
83,0.007561708572319202
84,0.003329954326553051
85,0.0001512912528849427
86,0.0035248541032549333
87,0.00015579336225940408
88,0.0033163351121044907
89,0.003323104333012115
90,0.0033470914618009607
91,0.00015303732913632477
92,0.011975010928624352
93,0.00015443301503421247
94,0.03270948778801843
95,0.00014991513551926194
96,0.0001518642341042758
97,0.005572438741747619
98,0.003956600648767749
99,0.00015372887422917695
100,0.0034683517894209437
