1,0.00015162663254394122
2,0.00016024525775854375
3,0.00015881727186906912
4,0.00015517956906105828
5,0.003323021573802204
6,0.00016185391987902725
7,0.00016252618710146702
8,0.00014763444143019324
9,0.00015923425693497057
10,0.0001506608531096882
11,0.00330484350260983
12,0.00015847708730586641
13,0.00016104800919764837
14,0.0001568212815033531
15,0.00015749332480557366
16,0.005322457873670358
17,0.0001553426073921465
18,0.007176652618343195
19,0.05159083870757181
20,0.00015554771584872325
21,0.00015752976019571562
22,0.003834247581129808
23,0.0001516326936225317
24,0.00015072817978230792
25,0.0001585828138708039
26,0.007191962920673077
27,0.00015180659450997756
28,0.00016441540003725
29,0.00015626826501579063
30,0.00015216529289861715
31,0.00015710538991690914
32,0.005293396528763235
33,0.009101333668294515
34,0.004409571117673784
35,0.020360890322417495
36,0.005285706387497278
37,0.0001592731768963867
38,0.006642558508891929
39,0.009399419058094926
40,0.00015684062146336663
41,0.004335494717521713
42,0.003321606674448945
43,0.021218892209100823
44,0.00015933554748519976
45,0.01001020004127967
46,0.007167714059727972
47,0.00015590234093559464
48,0.00016122171198786685
49,0.0001561897736351531
50,0.00016265046221276353
51,0.005511385789855072
52,0.005650637328859061
53,0.004330138279569892
54,0.00015831545696745047
55,0.0001533985043232537
56,0.010197569073139977
57,0.0001537866023564302
58,0.0001573990475987067
59,0.00015313073625658656
60,0.00016004464868109517
61,0.007573274407164481
62,0.017054872535903102
63,0.04780040261096606
64,0.008313829446538724
65,0.00015616668282845205
66,0.0001531140487840783
67,0.00015070199871467372
68,0.003330844636504696
69,0.00015153362241033006
70,0.0001609137321722582
71,0.0033167467116820377
72,0.0001534212916050767
73,0.0001500463697088055
74,0.00014885250938632532
75,0.008487720785926833
76,0.00016343053676473064
77,0.00015505961075174685
78,0.00015389903371710524
79,0.00015690611570435284
80,0.007145725954873913
81,0.019141308384770205
82,0.006030128078022115
83,0.00014760516458855782
84,0.003340738222438077
85,0.019268040957534552
86,0.003899037935742973
87,0.0052729327299412924
88,0.00015596534381493056
89,0.05021885651006712
90,0.003311857216459198
91,0.0067605355169527
92,0.0033361551896897244
93,0.0001591666314865776
94,0.00015390214074412488
95,0.00015656588421726438
96,0.017459391555991313
97,0.00016946633187742092
98,0.00015590004520982527
99,0.0033394707474412575
100,0.0037786770733995146
