1,0.00016309046031470496
2,0.0001547919341466303
3,0.00015623666434994845
4,0.0001573009976832454
5,0.00015763554373034175
6,0.00015021461330780514
7,0.00014818455789554887
8,0.0001589485467269438
9,0.004293632021984398
10,0.0001520136730056025
11,0.0033356780720691986
12,0.003329920206714761
13,0.0033321511780650547
14,0.00015579730246079358
15,0.0033211828914664456
16,0.003393742531920864
17,0.0043187726483937
18,0.00015248496291493365
19,0.0033314748024733764
20,0.018106978363228696
21,0.003318480096782316
22,0.003341780422525407
23,0.003378329298983526
24,0.0033343204865500416
25,0.022545791953182154
26,0.005813881036138793
27,0.003314531905546404
28,0.00343152190290574
29,0.00332660034124939
30,0.00015488932913160211
31,0.0033225717439369865
32,0.003337050609171567
33,0.003354610876270592
34,0.0033405302167740154
35,0.00015309917202708625
36,0.0033399130807350813
37,0.004280955489021957
38,0.004343982045066883
39,0.0056757334717025265
40,0.0033420060211946045
41,0.006124923592171716
42,0.007430698827226735
43,0.004242185581219281
44,0.004319569391482538
45,0.0056869944234046585
46,0.014717928210784315
47,0.01790123679976162
48,0.0033377924549084404
49,0.003352665622842149
50,0.0033435678417914586
51,0.018370733082737616
52,0.0033162143961683204
53,0.0033205478305856385
54,0.0033243771930429986
55,0.005488699875495189
56,0.003343551564054383
57,0.003321640857550009
58,0.0033908316052687197
59,0.005841186706875754
60,0.003331583856749311
61,0.04195439865771812
62,0.003331704673898024
63,0.003341285039558483
64,0.003311068771165941
65,0.00329114762116041
66,0.0033757203468490478
67,0.004778082758280757
68,0.003769886512007461
69,0.0033283643669985772
70,0.004152810302822339
71,0.00611888845959596
72,0.005251958231344092
73,0.005635991170311773
74,0.003325924812573079
75,0.003381925033228401
76,0.019466414933761545
77,0.0033301721527729815
78,0.003344032221453287
79,0.0033189575550309
80,0.0033425820776657976
81,0.0033098631028829076
82,0.006561823495527244
83,0.005329127011791398
84,0.028792099512591394
85,0.0033203338970432487
86,0.003364722360377883
87,0.0033285340269656734
88,0.00331873609987446
89,0.006103592133417245
90,0.0033644861542225946
91,0.003390946770007715
92,0.003319342064655774
93,0.006529949379886761
94,0.005752699044056526
95,0.003314282095055995
96,0.004873704621722094
97,0.01416445013146363
98,0.005989459177489177
99,0.0033221799238741245
100,0.004392242899809938
