1,0.00015618060451041377
2,0.00016252650851158036
3,0.00015726088159992525
4,0.0001603090656870621
5,0.00015083080231702948
6,0.00015206920154541627
7,0.00015920355176256984
8,0.0001597572529183014
9,0.00016145354818817924
10,0.00014978741520444737
11,0.0001594131834389206
12,0.01888409394638654
13,0.00016228979511751464
14,0.02811371702997275
15,0.00015689595400838848
16,0.0001493604048918416
17,0.0345838933127572
18,0.09328388485523387
19,0.004890706757438225
20,0.007203642158176944
21,0.000151635878627612
22,0.016723490120256895
23,0.00015679796930350071
24,0.11212818941798942
25,0.0001509105044350246
26,0.04450243931980906
27,0.0069526104112926325
28,0.00015979034639513592
29,0.0036186870389003966
30,0.0034771186345440627
31,0.00016304717749357478
32,0.00350787969486764
33,0.004404663029805852
34,0.00016706985002966295
35,0.052520978491620116
36,0.00015856572640027692
37,0.009539342386385992
38,0.04582823626097867
39,0.00015200079326204365
40,0.30008166387096774
41,0.2020739575
42,0.00015893508796591837
43,0.00015159853366208655
44,0.023814482683760914
45,0.18691410774058576
46,0.003886927111595607
47,0.0034636197646972042
48,0.03454793836858006
49,0.13834072499999997
50,0.1471033361952862
51,0.7214893030303031
52,0.004373107362268938
53,0.004981425401399753
54,0.04473879841549295
55,0.044427094156626504
56,0.17320493903846154
57,0.08445439594320488
58,0.06847141964882945
59,0.03506537024390244
60,0.00015802809331365498
61,0.0058627056999516446
62,0.0001492681856650862
63,0.1308882714497041
64,0.0037203110059756627
65,0.013463931727297974
66,0.00334042835359116
67,0.019682214746450304
68,0.00015051666225486952
69,0.0039524839340927586
70,0.007208675708453411
71,0.0001651223475232252
72,0.0043568981469821
73,0.00015986437995158632
74,0.14207014936507936
75,0.00015925281262754972
76,0.0035484774966955505
77,0.007373296034639927
78,0.004353482426120542
79,0.004191181084598698
80,0.00015341151566294163
81,0.00334421702798363
82,0.06114756907378337
83,0.006738750452142459
84,0.00016407391893808785
85,0.007442375897514575
86,0.19222600543933052
87,0.00016087783079350162
88,0.11157201163682864
89,0.00016116725374698174
90,0.0364039019328586
91,0.03615344013091642
92,0.00016238285587613397
93,0.0001586068526275905
94,0.02609003668545972
95,0.005523243205211726
96,0.017003785303651958
97,0.06882654834162519
98,0.00015274016276962694
99,0.00014756598425125114
100,0.02155233573376468
