1,0.003328211994590471
2,0.003332886209884245
3,0.003315687462892648
4,0.003334231068565109
5,0.0033329487365498095
6,0.0033210651351725093
7,0.003324429967662034
8,0.0033352269734562346
9,0.003353335223631044
10,0.003325253572912339
11,0.0033328931764378222
12,0.0033289900717870086
13,0.003339891463841097
14,0.0033208283676154854
15,0.003348359547225333
16,0.0033366432948179273
17,0.003312493097584675
18,0.003335112614202658
19,0.003333783733586125
20,0.003312136532136495
21,0.0033381383283602804
22,0.0033239273152022323
23,0.003324317945157931
24,0.003313200874994845
25,0.0033365941885187805
26,0.0033337647254284715
27,0.0033273766715066024
28,0.003319283334494774
29,0.003330476480055984
30,0.0033297136338361023
31,0.003330870220492487
32,0.0033640263062053506
33,0.0033346168146625257
34,0.0033130457217030117
35,0.0033377514115168535
36,0.003323467313208515
37,0.0033229621624524053
38,0.003324042362735654
39,0.0033251185730035146
40,0.003315784676975945
41,0.003321288839625909
42,0.0033370862818276944
43,0.003326386493323964
44,0.003325280958420646
45,0.0033187601373154824
46,0.003342486858817782
47,0.0033134483328721635
48,0.0033107525104602515
49,0.0033245038547252592
50,0.0033345490390030976
51,0.003313535534288075
52,0.0033206702422861876
53,0.0033352496150110987
54,0.0033271116497531547
55,0.0033132199253271223
56,0.00331676288259165
57,0.003320887089331221
58,0.0033427899993071913
59,0.003328506666196886
60,0.003314881002945811
61,0.003327043571035243
62,0.0033310454915207507
63,0.0033355197611064542
64,0.003327823078814274
65,0.0033301435149788003
66,0.0033290881846089445
67,0.003318589224979091
68,0.0033186558134700667
69,0.0033115097771163567
70,0.003330172003764902
71,0.003336884285714285
72,0.0033209771707418726
73,0.0033208227209449255
74,0.003333733119837603
75,0.0033346558702476454
76,0.0033110756404026377
77,0.003324837199944498
78,0.0033344771545524943
79,0.003321733985087507
80,0.00333323589860779
81,0.0033197415570404404
82,0.0033205284511550227
83,0.0033264161040591433
84,0.0033298447860304965
85,0.0033182833493183533
86,0.003316121044348069
87,0.0033524206753264892
88,0.00332848239199157
89,0.0033083958704115683
90,0.003307002917014759
91,0.0033307533476722405
92,0.0033669472015832227
93,0.003331660492273268
94,0.0033405699341367712
95,0.003334532792095626
96,0.0033096932690974633
97,0.003337088758319468
98,0.003429673805297167
99,0.003474354172940417
100,0.003492437394044773
