1,0.0033688582879184657
2,0.0033555669165557345
3,0.0033647208362564893
4,0.0033574891115888757
5,0.003357161770324771
6,0.003346957325816107
7,0.003375207404837997
8,0.0033772129905947244
9,0.003344902947348276
10,0.003354661342496182
11,0.0033528904096572112
12,0.0033617997499722193
13,0.0033471257568342305
14,0.0033476469985358713
15,0.0033532227425099514
16,0.0033436892804698973
17,0.0033565321653126097
18,0.0033438311261730965
19,0.0033629345165794066
20,0.003353839408504069
21,0.0033541322671353253
22,0.003358655389367018
23,0.0033666481290367876
24,0.00352095209363187
25,0.0035751868265682663
26,0.0035912198310360153
27,0.0036199353749626524
28,0.0036416278128998275
29,0.0036909060109705932
30,0.0037376090567645013
31,0.0037763629378794955
32,0.0037896426273773187
33,0.0037991400775618926
34,0.003820508020841557
35,0.004030241195833334
36,0.0041643752248394
37,0.004180942458433268
38,0.004192473518350574
39,0.004217339730890603
40,0.004250275795145886
41,0.004350205993733215
42,0.004385732255442146
43,0.00439825559738728
44,0.0044092202331087234
45,0.004431388071251946
46,0.00445051961658698
47,0.004733048147564244
48,0.004777072036595067
49,0.0047960744072317735
50,0.004807384518496479
51,0.004835027847028321
52,0.00489987410416877
53,0.004975403689071319
54,0.005005246683857659
55,0.005032984385364842
56,0.005062578619862299
57,0.005101039545645772
58,0.005142750010606704
59,0.005364863111578481
60,0.005396835215023891
61,0.005411504214424337
62,0.005434588018099548
63,0.005476969916166308
64,0.005531603821546898
65,0.005593743358294931
66,0.005630763126450115
67,0.0056759918610101955
68,0.005723139781453042
69,0.00576054488899442
70,0.005923177006852667
71,0.005983307046043452
72,0.006017852742956436
73,0.006058551232482483
74,0.006092153106881774
75,0.00611990066936095
76,0.006155589795788939
77,0.0062167124484580035
78,0.0062793552351950235
79,0.006325776072779446
80,0.006365907745278069
81,0.006415826310217045
82,0.00655484175
83,0.006616664344374488
84,0.006667193178689428
85,0.0067023626141078825
86,0.0067285138768540375
87,0.00675072230094467
88,0.007110673664906102
89,0.007358758523890978
90,0.007672123028914519
91,0.007936508270439905
92,0.007988495204267981
93,0.007748306332215631
94,0.008382371336868547
95,0.008919151893034369
96,0.009790493467787965
97,0.010471545536959555
98,0.011163129689828091
99,0.011961510749874496
100,0.01234339954240208
