1,0.0033241973751912115
2,0.003313724843108906
3,0.003319013117948719
4,0.0033325678172870317
5,0.0033337068344881596
6,0.003314798828803781
7,0.003334907347249102
8,0.0033366058740835177
9,0.0033178507956825574
10,0.003326594528354661
11,0.0033248733092876466
12,0.0033240599107142855
13,0.003342534311399894
14,0.003329835201260063
15,0.003349213228401539
16,0.003325662289463826
17,0.003335344225322926
18,0.003327701227376742
19,0.0033334447742387123
20,0.0033188313168241697
21,0.0033364336788099993
22,0.003318991899614431
23,0.003329496853267231
24,0.00332758154516749
25,0.0033214043445331863
26,0.003320452406490649
27,0.0032860446212276745
28,0.003310108293593199
29,0.003324107287157287
30,0.00331028989703545
31,0.003326698926541652
32,0.003317271127542873
33,0.0033251214930101235
34,0.0033325310392329733
35,0.0033226945445789763
36,0.003324170677012985
37,0.0033216488029960637
38,0.0033158229612792467
39,0.0032974691279069766
40,0.0033440333356555664
41,0.003319034824117164
42,0.003307630013020833
43,0.0033152568873111993
44,0.0033530815411688033
45,0.003330331425820207
46,0.003311778730060506
47,0.003321281348961546
48,0.003323563286060187
49,0.0033328192958213573
50,0.003327755982908031
51,0.003327596627616803
52,0.0033257450739767698
53,0.00332979739438577
54,0.0033201523352217772
55,0.0033583752535142324
56,0.003331964440647231
57,0.003347299645788034
58,0.003324865922619048
59,0.0033228810202810266
60,0.0033272572555972744
61,0.003333545288690061
62,0.003328041829837642
63,0.0033094474851587067
64,0.003315146847032906
65,0.0033219049613579907
66,0.00330813455988456
67,0.0033202883897838348
68,0.0032980433147919244
69,0.00330928793268573
70,0.0033212933187492842
71,0.0033271443887112778
72,0.0033303303473996826
73,0.0033237890158355327
74,0.003318749529726761
75,0.003322256556125988
76,0.0033213186352973635
77,0.003325286325744308
78,0.003324969427773901
79,0.0033277582118561716
80,0.003321374049263699
81,0.003344335048421933
82,0.0033371986246376636
83,0.0033380396955260973
84,0.003331030485100485
85,0.0033331830027145543
86,0.0033205319378821563
87,0.0033148306969217
88,0.003315149989559407
89,0.003316911663446943
90,0.003318941988873435
91,0.0033471235326959317
92,0.003350117527777778
93,0.00334351129282391
94,0.003332856114216581
95,0.0033179940033430835
96,0.0033132052753083864
97,0.003324342068391482
98,0.0033220856652843174
99,0.003322314027556602
100,0.003344122850020773
