1,0.003337615432873275
2,0.0033107965033515306
3,0.003332903106714962
4,0.00332839800909727
5,0.003325780930119814
6,0.0033557409738589673
7,0.0033502044919411357
8,0.003348925546058559
9,0.003363762889617256
10,0.003326938575118681
11,0.003321105490767736
12,0.0033308892039742625
13,0.0033113535046728976
14,0.0033356316005328087
15,0.0033335587756228857
16,0.003321071460936427
17,0.003368102038888889
18,0.003331424415014067
19,0.0033455273633908166
20,0.003322431435337726
21,0.003331742121899265
22,0.003342604906927764
23,0.0033254592240369377
24,0.003308223635162389
25,0.0033241508223684217
26,0.0033260996821959906
27,0.0033313226916949503
28,0.0033478507774538386
29,0.0033443169294060707
30,0.0033292222019422825
31,0.0033396289269757053
32,0.0033287536659108094
33,0.0033365769192532867
34,0.0033296888116517705
35,0.0033458312364197094
36,0.0033263940272802426
37,0.0033340635885802813
38,0.003326052186036904
39,0.003344091838642659
40,0.0033322367352614014
41,0.003327795085694299
42,0.0033496863241881305
43,0.0033331181096580187
44,0.0033403324294410635
45,0.003330148055612912
46,0.003330234620675425
47,0.0033419936093559473
48,0.0033390895740565635
49,0.003285871171822279
50,0.0033500231082123576
51,0.0033467039643558807
52,0.0033420916878242625
53,0.0033212270431767833
54,0.0033338447388606093
55,0.0033462745491261063
56,0.00330959163794292
57,0.0033272010512299397
58,0.003319118997044064
59,0.003347406566285912
60,0.003322757078460704
61,0.0033210866397738246
62,0.003357978194308829
63,0.003354142822384429
64,0.0033431196677380934
65,0.0033311634533020173
66,0.0032863178270891636
67,0.003316126652510446
68,0.003334250852233677
69,0.0033505457062747014
70,0.0032913441381933876
71,0.0033598514095449505
72,0.003362832398155265
73,0.0033537479457283635
74,0.003356833399971941
75,0.003367455592958833
76,0.0033768107939748013
77,0.003352259899399189
78,0.0033311079182852385
79,0.0033654430250617726
80,0.003367569304249577
81,0.0033449194470386405
82,0.0033447700408078575
83,0.003354069134460265
84,0.003372437785087719
85,0.0033555643324193205
86,0.0033641746866904716
87,0.0033599221881157938
88,0.0033512252752613244
89,0.003341757337613033
90,0.0033583105890652555
91,0.0033803047943301834
92,0.003369038089225589
93,0.003350582561760432
94,0.003354632988352512
95,0.0033473286610004177
96,0.0033411095566228165
97,0.003360911999434988
98,0.0033617373322862047
99,0.0033526580897230173
100,0.003344906107844225
