1,0.0033406211470323084
2,0.0033418376450394783
3,0.0033222026059461134
4,0.0033439266431924877
5,0.003321245977610903
6,0.003335482366286847
7,0.003309475784569001
8,0.003315653589618363
9,0.0033228927460602713
10,0.0033207481195525364
11,0.003324025154053867
12,0.0033327332634374776
13,0.0033113229479289122
14,0.00331426412701668
15,0.0033306456214295664
16,0.003330629399985948
17,0.0033039480543141974
18,0.003339652473326867
19,0.0033163669133923633
20,0.003340072560383121
21,0.0033143314708921805
22,0.0033226839704611918
23,0.0033188306310863408
24,0.0033135056800110622
25,0.0033113727579724274
26,0.0033231909991627132
27,0.0033295732607782754
28,0.003319970487276287
29,0.003335201161077592
30,0.0033227109817891114
31,0.0033145549437354196
32,0.003327038089207049
33,0.0033124850750378635
34,0.003317117523364485
35,0.003325743918310834
36,0.003319734161144053
37,0.003310055320393695
38,0.003328946389237418
39,0.0033551442474471947
40,0.003326977715743038
41,0.0033031355654658213
42,0.00331454748251264
43,0.003315896719169131
44,0.0033129398150205523
45,0.003306684275397542
46,0.003355369008983912
47,0.0033131110886266977
48,0.0033180281099560458
49,0.0033178535462969417
50,0.003332462172179873
51,0.003321418036197213
52,0.003322609466305781
53,0.003326682540910668
54,0.0033188412841191066
55,0.003289014989044098
56,0.003318369304191451
57,0.0033361371357028585
58,0.003319467126612121
59,0.0033106979787893395
60,0.003321754306386531
61,0.0033216504968944104
62,0.003318802537101702
63,0.003321697171914182
64,0.0033226870946183613
65,0.0033128992597162244
66,0.003321646209030806
67,0.0033247347846975684
68,0.0033215971409804334
69,0.0033373184126543635
70,0.0033411079416250694
71,0.0033180934588121942
72,0.003315993976069317
73,0.003314916516838392
74,0.003310428303117703
75,0.003314350827757467
76,0.0033128982147538877
77,0.003318850605596548
78,0.003312504199601347
79,0.0033226596791921413
80,0.003321780915948267
81,0.0033181029860052656
82,0.0033271041612125394
83,0.003328503231023329
84,0.0033333063447559706
85,0.0033330513662344903
86,0.0032980221041334907
87,0.0033178951453647835
88,0.003323412124493503
89,0.003309707230298393
90,0.0033382419273530837
91,0.0033405511188516128
92,0.0033306091609353505
93,0.0033106875809484015
94,0.003326406105299861
95,0.0033102304115746593
96,0.003314577880313199
97,0.003320581811899661
98,0.003315909422984232
99,0.0033170783584658813
100,0.0033272975807011455
