1,0.0033498186271737596
2,0.0033421491708698955
3,0.003336745566946041
4,0.003325840665176076
5,0.0033296518545279387
6,0.003334705906764421
7,0.0033225939568648746
8,0.003324954455209115
9,0.003348483232882472
10,0.003327960440479509
11,0.003338010522430038
12,0.00332880097660294
13,0.0033327645305050784
14,0.003339289820864067
15,0.0033372432609755707
16,0.003350143814397344
17,0.0033370308019398365
18,0.00335402599510785
19,0.003330897762748852
20,0.003320584662768845
21,0.003360935508576268
22,0.0033340194755512274
23,0.0033361400027626213
24,0.0033378017910241334
25,0.00334839212686829
26,0.003360225216098472
27,0.0033403363617449198
28,0.00333379473661867
29,0.003350674755123306
30,0.003327747150977402
31,0.0033167765250315525
32,0.0033365742041329234
33,0.003339620722366664
34,0.0033524888800222047
35,0.003489344848332013
36,0.003549915612648221
37,0.00357752252052363
38,0.003586570273373833
39,0.003600837546579221
40,0.003620205419436768
41,0.0036417239365699678
42,0.003654789117491898
43,0.0037015285998013903
44,0.0037276956944978846
45,0.0037576223701524885
46,0.0037735970407528387
47,0.0037843647184965697
48,0.0037912806456655975
49,0.0038028369974874377
50,0.0038179539651227016
51,0.0038377602270021436
52,0.004100058213621769
53,0.004148622721623861
54,0.004167651935886761
55,0.004182481943241756
56,0.004192577754677754
57,0.004212047771393748
58,0.004225493923231616
59,0.004246246971824804
60,0.004314990476190475
61,0.004358107895663727
62,0.004384293345095911
63,0.0043945905737704915
64,0.00440351203021203
65,0.004408558652882777
66,0.004417299598576773
67,0.004430063856855208
68,0.004463934192123666
69,0.004702630153508772
70,0.004758263293745051
71,0.0047790997453445805
72,0.004790015375876717
73,0.004801122644963387
74,0.004811390620347395
75,0.004827649204059298
76,0.004852131809095451
77,0.0049015775661867015
78,0.004949534091141309
79,0.004992652941991589
80,0.005013813122545981
81,0.005029317917876399
82,0.005049585920606131
83,0.005067610771568462
84,0.0050874640772622295
85,0.005116791971920194
86,0.00527535887921654
87,0.005361023529736901
88,0.005385777480956968
89,0.005398835549744047
90,0.005408700976733298
91,0.0054203939183901624
92,0.005442581650758001
93,0.005475896981345393
94,0.0055125084756375235
95,0.0055527643208886845
96,0.005589253660652324
97,0.005620863302433373
98,0.005648042541918957
99,0.005675220121808386
100,0.00570951098868725
