1,0.0018225611555804115
2,0.0017592212895927598
3,0.0017581360427716965
4,0.0017926948156410793
5,0.0019171784746418897
6,0.001854520833706897
7,0.001900262244415901
8,0.0018045415794345936
9,0.0017907094336569577
10,0.0018242022669468097
11,0.0018047353848049087
12,0.0017716420663679102
13,0.0017767590965368427
14,0.0017779826441746025
15,0.001773868784686627
16,0.001753268304060501
17,0.0017412411566630189
18,0.0017593827186918839
19,0.0017572070800136567
20,0.00185067444526355
21,0.001762690894184521
22,0.0017690814475224347
23,0.0017699019211253803
24,0.0017807739543526276
25,0.0018136247248714136
26,0.0018213110575901396
27,0.00176566436512716
28,0.0018132454453620673
29,0.001774049680829664
30,0.0017701239924242421
31,0.0018161544701231563
32,0.0017820840265875524
33,0.00181570035299961
34,0.001873427370628578
35,0.0018466973059733255
36,0.0018161743178982546
37,0.001864783455310423
38,0.0017713403623705825
39,0.0017971273353262172
40,0.0017762274255550459
41,0.0020600326102727796
42,0.0018089951458843624
43,0.001770733709579316
44,0.0018212806370509526
45,0.0019046899705118302
46,0.001753663977854089
47,0.0018307054888540154
48,0.001739794799266857
49,0.0017632044603757594
50,0.0017597549512207453
51,0.0017488553158122428
52,0.0017276385132696912
53,0.0018102711974508836
54,0.001853354701611475
55,0.001826226267502517
56,0.0017715753189160627
57,0.0017603457447947334
58,0.001758148124466858
59,0.001752827418887076
60,0.001764071378129681
61,0.0017799870201764738
62,0.0017940879778912192
63,0.001856238991929977
64,0.0017723720869631083
65,0.001859097041161263
66,0.0018949808374204968
67,0.0017817560074267149
68,0.001784301122386775
69,0.0017641562100504827
70,0.0018471029282733705
71,0.0017693430491195553
72,0.0017379649169904626
73,0.001795472423265046
74,0.0018000930849742772
75,0.001749935205217391
76,0.0018011580925779845
77,0.0017552336764294703
78,0.0017862037872626334
79,0.0017654314683934846
80,0.0017874406710693986
81,0.0018254485424269112
82,0.0019675431536357673
83,0.0019428393175102696
84,0.0019341302926770276
85,0.0019332216292134831
86,0.0019801113730967507
87,0.0019762116960006446
88,0.0020051386258124423
89,0.0020247954122774602
90,0.0019927401350154934
91,0.001993053467094052
92,0.0020101653033652665
93,0.002033727692463636
94,0.002021274063382877
95,0.00205662569656883
96,0.002011832921241641
97,0.002046050097465887
98,0.002038427852683603
99,0.002019604527626284
100,0.0020219002730691945
101,0.0021403657773056734
102,0.0020365032787568226
103,0.0020673509991690903
104,0.002033018383489643
105,0.0020798283372365335
106,0.002057584476627996
107,0.0020572084681655806
108,0.002057883699102872
109,0.002069944879173896
110,0.0021025917868256736
111,0.0020642379768565614
112,0.0020536709037628476
113,0.0020609052281109147
114,0.002089448059282585
115,0.002079479314944613
116,0.0020760217041254194
117,0.0020664947924349383
118,0.002089459103136449
119,0.0020965271783805997
120,0.0020930603088164332
121,0.0020909759498269156
122,0.0020865074207215297
123,0.002086211566082033
124,0.002129237100427696
125,0.0021093087673760085
126,0.0021385601399990673
127,0.00215549760814597
128,0.002113085984207868
129,0.0021364214485820186
130,0.002097825434171042
131,0.0021167181827679883
132,0.002156850599955045
133,0.002107467083449429
134,0.0021417632637331834
135,0.002116872168893501
136,0.002118160628353817
137,0.0021096975809747624
138,0.00214695358043722
139,0.0021290510181438452
140,0.0021407306957162966
141,0.002166523180052568
142,0.0021450519639417435
143,0.0021548538525377825
144,0.0021257801541215513
145,0.0021193521383373335
146,0.0021806031876535556
147,0.002127101549079755
148,0.0021462910742565543
149,0.0021691272594201888
150,0.0021528351113135244
151,0.0022176388650062043
152,0.002142312423773752
153,0.0021498324291408326
154,0.0021639159758318894
155,0.002175309238159071
156,0.0021781004076513013
157,0.0022025742736345314
158,0.002173480535810689
159,0.0021786537290886957
160,0.0021917386567702926
161,0.002200442054368407
162,0.0022599509848711804
163,0.00237030827771011
164,0.0023688138971515002
165,0.002375713948429961
166,0.002389829284483632
167,0.0024356042638068592
168,0.002457607708784839
169,0.0024268732064238545
170,0.0024247053514377
171,0.0024436560989149632
172,0.0024583972007086816
173,0.0024479159383165123
174,0.002467334918333079
175,0.002475840392952464
176,0.002467499583036713
177,0.002461739913867795
178,0.0024694029186456256
179,0.002471876105877534
180,0.002521578671114196
181,0.002487910510603253
182,0.002486679737504495
183,0.002496601943399144
184,0.0024965346617238184
185,0.00250014134327588
186,0.002514598691950465
187,0.002502592883087118
188,0.0025071044799628178
189,0.002513096659908307
190,0.002511792294912495
191,0.002516535722429519
192,0.002526022370189884
193,0.0025242676206085057
194,0.00253625163492331
195,0.0025284444963000335
196,0.0025356363119312443
197,0.0025433923307952625
198,0.0025411524439746297
199,0.0025823551321887506
200,0.0025482148847848192
201,0.0025564945255828367
202,0.0025601223163360855
203,0.002563080603190854
204,0.0025698343381976257
205,0.002564249466333252
206,0.002567105244486237
207,0.002573517803492754
208,0.0025737299824850055
209,0.0025750385652843415
210,0.0025822469003414427
211,0.002578258770574762
212,0.0025846513923035814
213,0.0025826275845513714
214,0.002586427227775699
215,0.0025873930581563316
216,0.002590715624832466
217,0.002599199983887427
218,0.0026043315268411108
219,0.0026070270829958424
220,0.0026107622541603633
221,0.002623594328447017
222,0.002608109960030247
223,0.0026208074359113332
224,0.0026162608029038897
225,0.002623713746133391
226,0.0026227376470588236
227,0.0026299444921471654
228,0.002646905787011857
229,0.002628695918367347
230,0.0026452908725547535
231,0.002648967689323571
232,0.002640434584150861
233,0.002654220711125676
234,0.0026649278553056424
235,0.0026590018787482983
236,0.0026625078499230934
237,0.0026658159435719985
238,0.0026691870969174736
239,0.002680920238944366
240,0.0026726436515704245
241,0.002701002635437523
242,0.0026839683082271145
243,0.002729562792731787
244,0.002806988559261317
245,0.0028263145727699533
246,0.0028317410926030494
247,0.0028295457330827067
248,0.002852600905456256
249,0.0028792099655233906
250,0.002896642463707509
251,0.002891674109654635
252,0.002897024866694626
253,0.0028986127273818814
254,0.0028999090622561082
255,0.002914168931775757
256,0.0029163731377043244
257,0.0029253241112454655
258,0.0029207766893930257
259,0.0029287625815217397
260,0.002934930715844345
261,0.0029370769290123456
262,0.0029345065085894023
263,0.002944887625956052
264,0.0029471695014231035
265,0.0029542388370494056
266,0.00295489796360059
267,0.002991815386893012
268,0.0029772510873863184
269,0.002971136431739773
270,0.0029759425448983618
271,0.00297540231444927
272,0.002982060246388284
273,0.00299124207960199
274,0.0030188246993340623
275,0.0029949322194637537
276,0.0029998485134132774
277,0.003003251341304752
278,0.0030005637095774996
279,0.0030003763240935523
280,0.0030012338755566552
281,0.003004355947874651
282,0.0030104318730178473
283,0.003020140026246719
284,0.0030161966753992015
285,0.003019525902938057
286,0.003038220483484619
287,0.0030306740941915228
288,0.0030386234619493497
289,0.0030350163405456257
290,0.003036354660963644
291,0.0030597274226152873
292,0.003040804129162208
293,0.003042750800050397
294,0.0030541678325434443
295,0.0030718442276209
296,0.003058013889591501
297,0.00305770428155831
298,0.0030605641104294477
299,0.0030680184367277105
300,0.003078434876347495
