1,0.0017794210392378632
2,0.0017627194277408953
3,0.0017027431948277627
4,0.0017645694285838354
5,0.0018503541942350443
6,0.0018029072897961104
7,0.0017898001595763975
8,0.001794837036323514
9,0.0017565709267927355
10,0.0017949918134338788
11,0.0017949034043461965
12,0.00179237440165768
13,0.0018000026508128925
14,0.0018078299142877026
15,0.001768143345727774
16,0.0017920220697877397
17,0.0017963131109716482
18,0.0017637442777081133
19,0.0017482038175600327
20,0.0018452928436468884
21,0.0018110436380067078
22,0.0017711166810373984
23,0.0017341039215177892
24,0.001730474223877768
25,0.0017869495397682847
26,0.001873327292688282
27,0.0017605901622817803
28,0.0017588047603196298
29,0.0018014471449039635
30,0.0017824237176398442
31,0.0018134271689409956
32,0.0017703931565495208
33,0.001809202414006705
34,0.0018139096877509402
35,0.0017813202617801044
36,0.001821580245913444
37,0.0019546315076024727
38,0.0020291290261796897
39,0.0019895057933789952
40,0.002067472559681637
41,0.002029546693248716
42,0.0020448562990289616
43,0.002067579429885639
44,0.002054474020683833
45,0.002070005467577498
46,0.002139801940647111
47,0.00208424472027876
48,0.0020903691850739864
49,0.0021230207937967802
50,0.0021396139753778296
51,0.0021232413785293672
52,0.002131133948842875
53,0.002134932960090624
54,0.002129263385895369
55,0.0021332522047100622
56,0.0021296698956749143
57,0.0021454585817941955
58,0.002136425444971037
59,0.0021526401439384514
60,0.002166440751306388
61,0.0021561677601217946
62,0.0021452409776660255
63,0.002163405552371716
64,0.00217623042220937
65,0.0022414154268619395
66,0.002173995736874192
67,0.002190121736787751
68,0.0022087317186920345
69,0.002245234682251253
70,0.0021964056065055344
71,0.002219374389191644
72,0.002209594267921269
73,0.002250980292442402
74,0.0023605136036211434
75,0.0024228400159704544
76,0.0024392140164306232
77,0.0024753905411632193
78,0.0025081755221193413
79,0.002491031362096676
80,0.0025210286441904963
81,0.0025102165725973485
82,0.002531722683235047
83,0.00254110697271729
84,0.0025909567350050826
85,0.002545736989429176
86,0.0025604410452924587
87,0.00255893546932176
88,0.00257033786118169
89,0.002575851345552789
90,0.0025876385550213676
91,0.0025900942775124746
92,0.002600824780335292
93,0.0026011015025266104
94,0.002606814502082544
95,0.002612912294993234
96,0.0026187069412848016
97,0.0026231539993479326
98,0.002632929649705818
99,0.002635315315732172
100,0.0026505128460113337
101,0.0026485267698026565
102,0.002651816238068556
103,0.0026609042610649947
104,0.0026640439620868764
105,0.002685116595365419
106,0.0026927562282035235
107,0.0026966955200501256
108,0.002701121691935049
109,0.0027103472134689835
110,0.002717769864421188
111,0.0028508147714339915
112,0.0028830228548396724
113,0.002904803511776015
114,0.0029260526490666344
115,0.0029424127000970165
116,0.002966814005325969
117,0.0029837835991678224
118,0.0029835168567178974
119,0.0029963906810929392
120,0.0030086699355718
121,0.003005749524697111
122,0.0030201494905294744
123,0.0030223178217204166
124,0.003032969554998433
125,0.0030402737039370077
126,0.0030526569419868557
127,0.0030507091552410435
128,0.0030644400905464443
129,0.0030612010255760954
130,0.003083266313249952
131,0.003079774124976605
132,0.0030884159240584484
133,0.0030975205909653464
134,0.0031036250515782964
135,0.0031283578299544884
136,0.0031268697984834326
137,0.0031327845857217302
138,0.0031479844945970937
139,0.003060327937080643
140,0.003059605641333924
141,0.003059138526974891
142,0.003063840397644526
143,0.0030534369950053733
144,0.003053665143380495
145,0.003065666371233224
146,0.0030589183181473044
147,0.00306269685679919
148,0.0030855013231982256
149,0.003138473013884539
150,0.003154240166710081
151,0.0031702753540519277
152,0.00321628757896815
153,0.0032127409168865436
154,0.0031936938548408405
155,0.003200432418927863
156,0.0032147686890142708
157,0.0032281200611742806
158,0.0032373619342385513
159,0.003244272678243987
160,0.003236681934343097
161,0.003250243111638955
162,0.0032471353836192947
163,0.0032510258324324327
164,0.0032668009341733652
165,0.0032694593821261803
166,0.0032727363760069674
167,0.003280139738968982
168,0.0032943213890547886
169,0.003298217175572519
170,0.0033145743977764054
171,0.003319006083075867
172,0.0033242699112609204
173,0.003360458811832833
174,0.0033665579490924262
175,0.0033926068205666323
176,0.0033878886404918257
177,0.0033783917009410943
178,0.0033849568706818345
179,0.003386702665125727
180,0.003395468462120087
181,0.0034138863105364643
182,0.003408661818696884
183,0.0034385773746852828
184,0.0034348369228138177
185,0.003447913401567292
186,0.003458888671902892
187,0.0034512982687522216
188,0.003473172323544195
189,0.0034823249247700103
190,0.003482921622303975
191,0.003493380183698562
192,0.003517482247509634
193,0.0035224454145774283
194,0.0035202764415036714
195,0.003528985701811832
196,0.0035331154476579006
197,0.0035531335205106988
198,0.0035512525768321515
199,0.0035494091542641153
200,0.0035722023315140007
201,0.0035898050172804194
202,0.0035872068831942785
203,0.003610845021612759
204,0.0036155392459873087
205,0.003641096717740723
206,0.003641636198856799
207,0.00364244967588754
208,0.0036327164862019704
209,0.0036351181944132404
210,0.003667116434519303
211,0.003664977132046916
212,0.003665193979375189
213,0.0036849509267699787
214,0.0036898637298035343
215,0.003701463548525072
216,0.0037288525486345323
217,0.003715113215342871
218,0.003714621580246913
219,0.003731602763320942
220,0.003734669342847082
221,0.0037373912430080794
222,0.003758074098347941
223,0.0037626682652113328
224,0.0037810445525595943
225,0.0037639175804575417
226,0.003785021799781181
227,0.0037784754175120964
228,0.0037933387743907224
229,0.003823147935022026
230,0.0038249262231995615
231,0.0038426719151620284
232,0.0038491612023367795
233,0.0038495337806899814
234,0.003866877579855664
235,0.0038719354777614935
236,0.003876419918304274
237,0.003874568868167202
238,0.003895298539565324
239,0.0038990995802717877
240,0.003952361938900204
241,0.003950785825874694
242,0.0039311933467904734
243,0.003933145737439222
244,0.003954361972174762
245,0.003963238659122364
246,0.003973646546374919
247,0.003997218211215719
248,0.004038002487732174
249,0.004003947098598476
250,0.004036878324053292
251,0.004016668286461602
252,0.004009793322395407
253,0.0040239012705969015
254,0.004044009192253812
255,0.004072119926889944
256,0.0040799409261890835
257,0.004089543266655508
258,0.004091639565290509
259,0.004132123282926416
260,0.004155456219832331
261,0.0041484212812897756
262,0.004189696191440631
263,0.004142887994902294
264,0.004179069105663725
265,0.004210165037437604
266,0.004183733083742098
267,0.004238296619632964
268,0.004211521077767862
269,0.004241902027673832
270,0.004252871755458514
271,0.004272503875120414
272,0.0042793630131578945
273,0.004300504775305603
274,0.004298937217284168
275,0.004305002517468861
276,0.004323380992387773
277,0.004319949233190727
278,0.0038606955332437356
279,0.003881182388967915
280,0.0038836520292143705
281,0.0038841844589257504
282,0.0038931511644430413
283,0.003898555857988165
284,0.0039034990930599377
285,0.003882686111330127
286,0.0038728073107255523
287,0.0038907928819581516
288,0.0039062094335906724
289,0.0038848063140873947
290,0.0038768567761806984
291,0.0038936187879984215
292,0.003924160471100554
293,0.003951741527975908
294,0.003921454260125227
295,0.003937110306961212
296,0.003946976285880205
297,0.003964183258093641
298,0.003940435859831279
299,0.003979506906434165
300,0.004052823212975793
