1,0.0017641255536789515
2,0.0017917177292439052
3,0.0018023360833705965
4,0.0018433506327232584
5,0.001773353663538356
6,0.0018445327214031589
7,0.0018519015936397018
8,0.0017999635371351902
9,0.0017787778006351962
10,0.0017978025992667875
11,0.001796524652655954
12,0.0017973802145348225
13,0.0017633455898965252
14,0.0018107026953483043
15,0.0017668756336435142
16,0.0018140157798690489
17,0.00178904560680463
18,0.001780828121408046
19,0.0017509680389184961
20,0.00175970765914543
21,0.001793207945109078
22,0.0017650043449684764
23,0.0018630948339878617
24,0.001753441647758786
25,0.0018101529579026433
26,0.0018426713777246085
27,0.0017863303914880928
28,0.0017756558507473136
29,0.0017868627552206833
30,0.001770771048994975
31,0.0018489173803909634
32,0.0018038798938615332
33,0.0018238789567331408
34,0.0017738211937291639
35,0.0017778837451770926
36,0.0017701330036648426
37,0.0017578350964772525
38,0.0019329410317600266
39,0.0017724697925756976
40,0.0018045079430437988
41,0.001779503854152225
42,0.0017880784477916232
43,0.0017509919243796478
44,0.0017934066319271538
45,0.0018016288374812096
46,0.0018727441933080226
47,0.0018975403828288303
48,0.001955856774235271
49,0.002005685376656766
50,0.0020030827803203667
51,0.0020265032028617775
52,0.0020614093842459586
53,0.0020484607363845564
54,0.0020455162949324186
55,0.0020617937201528173
56,0.0020606024817866144
57,0.0020639296402877694
58,0.00212553089678511
59,0.002101618598481161
60,0.0020849316145639825
61,0.002117981399913646
62,0.0020751969773674804
63,0.002117475268069108
64,0.002103204540362669
65,0.002099982158732453
66,0.0021123437941203685
67,0.002137958540886048
68,0.0021292772704314647
69,0.0021708733670814874
70,0.0021349787684261045
71,0.002121684805846422
72,0.0021489596928307474
73,0.002129258786825368
74,0.0021367054499143653
75,0.002149443016452578
76,0.002152355443193809
77,0.0021740485245955476
78,0.0021358497553885416
79,0.0021346714769677508
80,0.002143789286661363
81,0.0021681129447689855
82,0.0021621667264991357
83,0.0021749548200600544
84,0.002161948429605709
85,0.002173433103571748
86,0.0021990100945219067
87,0.002180451356650291
88,0.0022640154635980222
89,0.0021968180633159273
90,0.0021893202281454706
91,0.002219719622778382
92,0.002209498143671608
93,0.0022382900068399453
94,0.0023914994710467702
95,0.0024176084120755927
96,0.0024444013487187177
97,0.002460721831164871
98,0.0024684634455283726
99,0.0024857655091999387
100,0.002497199195586037
101,0.002494504300715499
102,0.0025040868729990923
103,0.002520147360742014
104,0.002535607985019903
105,0.002542310073906105
106,0.002540992379543534
107,0.0025673782274362408
108,0.0025490342078494533
109,0.0025511147853332205
110,0.0025574083670999318
111,0.0025660695131277085
112,0.0025683312787926926
113,0.002564153607419529
114,0.002574411451964485
115,0.002578548895101171
116,0.0025897332199121205
117,0.0025971083656226453
118,0.0025957953493988837
119,0.002601341321110811
120,0.0026042095794644787
121,0.0026105772243818163
122,0.002616579690805533
123,0.0026309404669049934
124,0.002620878160576819
125,0.002626466117116628
126,0.002628422092327769
127,0.0026498690810987575
128,0.002638032898542815
129,0.002659863091663482
130,0.002664056188809276
131,0.0026758664794227184
132,0.002659276108551967
133,0.00267051402168118
134,0.002699583013564162
135,0.002685693788514781
136,0.0027215619919427037
137,0.0026941662098002323
138,0.0027043283188792526
139,0.0027099204837220284
140,0.0027153673911078985
141,0.002847087331881038
142,0.0028785072786885243
143,0.002912381426421908
144,0.002906681530255545
145,0.0029243767108368124
146,0.0029367094480794863
147,0.0029615380277531736
148,0.0029711008637709774
149,0.0029724094243680885
150,0.0029840380287270924
151,0.002996680422621493
152,0.0029923235528148
153,0.0030056834693159757
154,0.003004528621842496
155,0.0030188235953302537
156,0.0030179641683842364
157,0.003029384680155837
158,0.003034547106866872
159,0.003039500383889239
160,0.003047016620402498
161,0.0030476209452201934
162,0.003051459930511687
163,0.003064411994933502
164,0.003057873129466826
165,0.00307043241639698
166,0.0030667723840891816
167,0.0030817054297494454
168,0.00309095119495252
169,0.0031291174528787725
170,0.003097947225946169
171,0.003127268660953954
172,0.003107918118863049
173,0.0031181181488391368
174,0.00312198057024365
175,0.0031342047378296683
176,0.0030555091087355307
177,0.003054784487989886
178,0.003055783063751816
179,0.003051070930966968
180,0.0030702156348904916
181,0.0030510370549242426
182,0.00305290860826697
183,0.0030519748059324708
184,0.0030577885639306943
185,0.003067310193221413
186,0.0030833043962299952
187,0.003088116650766393
188,0.003122864857172428
189,0.003126547292811949
190,0.0031381648444210966
191,0.003169138036006547
192,0.0031576222569715926
193,0.0031862439341021416
194,0.003193960595348222
195,0.0031831402965403627
196,0.0032238437338458475
197,0.003203212343594836
198,0.00321569598951768
199,0.003212191707025808
200,0.003230155965492733
201,0.003226915179521277
202,0.003240246269764511
203,0.0032539653443416543
204,0.0032623168238924954
205,0.0032755201000108703
206,0.0032976140034831833
207,0.0032756566829798806
208,0.0033042458897379915
209,0.0032968414837576824
210,0.0032945544787560234
211,0.0032913803194398864
212,0.0033065763893624276
213,0.0033218170279481936
214,0.0033039857307946294
215,0.003319537041741041
216,0.0033304242088934848
217,0.00332518517141677
218,0.003352577507440991
219,0.003359469044639132
220,0.003356309588660367
221,0.003384648944471539
222,0.00339932469368751
223,0.0033882511677505076
224,0.003397084284417127
225,0.00340326163066321
226,0.003401534894283403
227,0.0033886434621566847
228,0.0034366668681859573
229,0.003427532796797471
230,0.0034171799071555636
231,0.0034131349901781955
232,0.0034557515137444827
233,0.0034452859103385183
234,0.0034339836435259194
235,0.0034668993305796893
236,0.0034622780018560826
237,0.003485000938106534
238,0.0034776299806645664
239,0.0034999254737373008
240,0.003495179879145385
241,0.0035020088566478993
242,0.003518440292495282
243,0.0035423551099941727
244,0.0035350079815111364
245,0.003539332629278951
246,0.0035508825255102044
247,0.003559201757969217
248,0.003560978486795991
249,0.0035583936806221545
250,0.003575572601114934
251,0.00356332142860685
252,0.0035837452062133937
253,0.0035823469865939018
254,0.0035931442967818833
255,0.0035935891620045234
256,0.0035922014988654005
257,0.0036059083485174533
258,0.0036255704722945327
259,0.003630528970246571
260,0.003633386054804805
261,0.003649060603900975
262,0.0036612078760661177
263,0.0036579010386765367
264,0.0036593516918429
265,0.0036646942771993364
266,0.0036719319281663517
267,0.00369564356871678
268,0.0036774099115445685
269,0.003695380521007129
270,0.003707796390891841
271,0.00370099447140907
272,0.003715772111144899
273,0.0037153362242179763
274,0.003733340799886309
275,0.003730639853133082
276,0.003729763163932028
277,0.0037269173768514166
278,0.0037572015040750898
279,0.0037283280748332923
280,0.0037613530887824474
281,0.0037771802990393547
282,0.00377178859580374
283,0.0037818476639503293
284,0.003813494260822003
285,0.003813810653163762
286,0.003798759823167407
287,0.0038061031898238744
288,0.0038009247214213357
289,0.003814184188502151
290,0.003820371445915251
291,0.003842652601133323
292,0.0038354618040790604
293,0.0038577999448732073
294,0.0038619838989739546
295,0.0038506550366806023
296,0.003867071114357922
297,0.0038664473101288556
298,0.003876389866512642
299,0.0038731761216847047
300,0.0038778816224234176
