1,0.00175806616643209
2,0.0018099893232177268
3,0.0017597458047104691
4,0.0017880241480590254
5,0.0018276433521849094
6,0.001719183953356077
7,0.0017786844999743232
8,0.0017826845063779171
9,0.0017773792353289865
10,0.001800914894004811
11,0.0017735644414168937
12,0.001856187437749004
13,0.0017899301269881452
14,0.0018759637958503821
15,0.0017584541949111976
16,0.0018099652699108632
17,0.001781391381446137
18,0.0018628705842569158
19,0.0017856838793961257
20,0.0017750694214143992
21,0.0018369435960706381
22,0.0018687571117574134
23,0.0019712260840231938
24,0.0017522811368704942
25,0.0018117783809643798
26,0.0017713586431226766
27,0.0018155398701664265
28,0.001764498806055042
29,0.0019000860780375838
30,0.0017730312664768534
31,0.001822873664697162
32,0.0018094138761532803
33,0.0018188406398649687
34,0.0018932914213418144
35,0.0018173309300783356
36,0.001823386032663579
37,0.0017502664205790747
38,0.0017918389950368993
39,0.0017744373684587297
40,0.0018062051822691975
41,0.0017931408203474834
42,0.0017836862450744501
43,0.0017695809614076017
44,0.001786770644739301
45,0.001762707120812385
46,0.0017883418716407738
47,0.0018616261829690387
48,0.0017707295185795992
49,0.001768897205840557
50,0.0018036923363491863
51,0.0017681623788700371
52,0.0017530426203547294
53,0.0018718727768471325
54,0.0017927171946477587
55,0.0018397739251432177
56,0.0018494992333988828
57,0.001773751854320901
58,0.0018010587883022255
59,0.0017725758697050412
60,0.0018028388437081805
61,0.0018161477634924613
62,0.0017573659353809332
63,0.0018958389692785643
64,0.0018334704348594666
65,0.0018363536226625383
66,0.0018087428849764425
67,0.001802707389614977
68,0.0018242527160603765
69,0.0017940493383557655
70,0.0018568170213968205
71,0.0019362656550088917
72,0.001930791724686692
73,0.0019502348631845721
74,0.0020022007930727524
75,0.0019658321952819237
76,0.002016045125506073
77,0.0020077397166862847
78,0.0020009224104924443
79,0.001983051677852349
80,0.002010652222268075
81,0.002032160738431102
82,0.0020494861018918024
83,0.0020339815034804724
84,0.0020433464765018793
85,0.002037012628469188
86,0.0020596677738589217
87,0.0020430630611905556
88,0.0020418633012954453
89,0.002053604544275898
90,0.002058504879116513
91,0.002076968359947409
92,0.002084531365740741
93,0.0020584787560692062
94,0.0020793065741348585
95,0.002058506023809896
96,0.0020922306025998637
97,0.0020722959305042267
98,0.0020782033636799735
99,0.002071814421966554
100,0.0020979794708497175
101,0.002119994045602248
102,0.0020946756415620646
103,0.0021226741076450484
104,0.0021190069034213942
105,0.002122949670710572
106,0.0021059390379375388
107,0.0021249922699226554
108,0.002122627052951389
109,0.002145508584790509
110,0.0021172162945838837
111,0.002124479764400774
112,0.0021250857324179285
113,0.0021334546675665085
114,0.00215118137499453
115,0.002127533822886616
116,0.0021379641614667653
117,0.0021337602345462515
118,0.0021308190491889753
119,0.0021344310241096127
120,0.0021675896640132833
121,0.0021638424861708666
122,0.0021378450606966927
123,0.0021600911859979096
124,0.002188608033802543
125,0.002170350411531788
126,0.0021625941061000145
127,0.0021688655821229053
128,0.0021710921358355675
129,0.0021742716035492507
130,0.0021782878705776977
131,0.002182037131094688
132,0.002182615328713495
133,0.002231354147579269
134,0.002184895687671974
135,0.0022141672441834195
136,0.00219220614637452
137,0.0021930195693433954
138,0.002204420163159569
139,0.002219906383898112
140,0.0023657711233330088
141,0.002372298862471317
142,0.0024027080122836406
143,0.002443335247738734
144,0.0024330692091529514
145,0.0024236723493393487
146,0.0024716943233196024
147,0.002453895812569917
148,0.002485611522948895
149,0.002481654700745583
150,0.0024597185417832255
151,0.0024745750191845295
152,0.002478971862967456
153,0.002473402184031507
154,0.002490590380952381
155,0.0024917639556424637
156,0.002532940591495312
157,0.002501389833221459
158,0.0025469565941765716
159,0.0025143570512820516
160,0.0025144443248128067
161,0.0025124567278589343
162,0.002536193814994968
163,0.002527001118869353
164,0.0025304552520831578
165,0.002532284204765513
166,0.0025474022004062288
167,0.0025891708683117107
168,0.002552937494693947
169,0.0025569911944609636
170,0.0025579073932278378
171,0.002555839634751153
172,0.0025726283676283414
173,0.0025897406554684184
174,0.0025795444849808264
175,0.0025699649936433942
176,0.002577188026631159
177,0.0025822765949495494
178,0.002592811513458336
179,0.002583971192832308
180,0.00259455537039028
181,0.002613640387089856
182,0.0025935516767883054
183,0.002589524066334458
184,0.0025964543032455994
185,0.002617891261402278
186,0.0026070941729729727
187,0.0026369909923787903
188,0.0026368531771639534
189,0.0026212708270065077
190,0.002638448957654723
191,0.002626300749511188
192,0.0026222278636930923
193,0.0026353254299553716
194,0.002673945862031267
195,0.002641427312162383
196,0.0026522488243657045
197,0.002653293130001096
198,0.002658491341562221
199,0.0026546925384573275
200,0.002674490884885063
201,0.0026757278976334616
202,0.002665305032965051
203,0.0026796834238888394
204,0.0026868998095177367
205,0.002689948485254691
206,0.002706032279385495
207,0.0027005801713311807
208,0.0027037465331837818
209,0.002715858041860205
210,0.0028301817767546742
211,0.0028364782444904877
212,0.0028719940491744858
213,0.00285328664649195
214,0.0028878487249326553
215,0.002884175939357908
216,0.002904399051604745
217,0.0029013284293099304
218,0.0029173696058905183
219,0.002917571036272557
220,0.002927482227731754
221,0.0029356964270574703
222,0.00294917143746628
223,0.0029444732643734498
224,0.002950835224481776
225,0.002950448431279756
226,0.002979737262151237
227,0.002960478786833547
228,0.00298006759478673
229,0.0029738873196996645
230,0.002983730388850312
231,0.0029835761087409467
232,0.0029952780847880296
233,0.0029879044570180666
234,0.0029951853753364564
235,0.0029968647779862138
236,0.0030037833581072707
237,0.003012011514981623
238,0.0030193595323065366
239,0.0030184400919497094
240,0.0030231774885673118
241,0.003038284786554832
242,0.0030209363046747716
243,0.003038287277496721
244,0.003041629894012996
245,0.0030363517161176765
246,0.0030567386542952723
247,0.003071244058905322
248,0.003056714654844839
249,0.0030530649143868075
250,0.003050839772583702
251,0.0030643494332932317
252,0.0030705752664636466
253,0.0030881808178509864
254,0.003102918714513557
255,0.0030985588414048997
256,0.003105329504735091
257,0.003117893358239933
258,0.0031084671981776763
259,0.0031164346062052513
260,0.003129039269382665
261,0.0031413945886768846
262,0.0032054541359132923
263,0.0031990034764147815
264,0.00320916064897932
265,0.0032104169103475775
266,0.0032030137801804187
267,0.0032035128727997348
268,0.0032061005248123302
269,0.003204758152137775
270,0.003205631245849383
271,0.0032047153401157
272,0.003212867802475708
273,0.0032187463039424617
274,0.003220710659340659
275,0.00321848784017566
276,0.0032158812071604445
277,0.003230344535046262
278,0.0032394455082032816
279,0.0032424812345431455
280,0.003218311433901919
281,0.0032335363882211544
282,0.003249118923087239
283,0.0033124295655496128
284,0.0032713307365901424
285,0.003286143048274356
286,0.003280082272132578
287,0.0033002528241758244
288,0.0033164682708717312
289,0.0033296521854350217
290,0.003313121075143717
291,0.003332351988283942
292,0.0033351944475119057
293,0.0033482765214983036
294,0.0033467374774961913
295,0.0033623114652777774
296,0.003358921212436671
297,0.0033735705254743864
298,0.0033640572337319246
299,0.0033631585858234885
300,0.0033674299610488975
