1,0.001752530108499096
2,0.0018329960172812688
3,0.0017523194696105007
4,0.0017974549160061088
5,0.0017743487100084936
6,0.0017473324360581678
7,0.001755999391373379
8,0.0017551914078133243
9,0.0017572411137651968
10,0.0017776474540859041
11,0.001741629436332885
12,0.0017493804604556684
13,0.0017582396628387366
14,0.0018319038443256094
15,0.0017827973420786356
16,0.0017933438401072231
17,0.001783432746216634
18,0.0017862237869970365
19,0.001912946895852262
20,0.0018059476099974898
21,0.0018225525994922586
22,0.001800500312048235
23,0.0017306957204095367
24,0.0018084764467462282
25,0.0017899958215717021
26,0.0018284855055306218
27,0.0017756324210600756
28,0.0017922108946222743
29,0.0017825859388707582
30,0.0017825879255126233
31,0.0018085111918576167
32,0.0018652801244910956
33,0.0018021222600006319
34,0.0017725200651063592
35,0.0017630289708410946
36,0.0017880400665706482
37,0.001748599288411777
38,0.0018389662524391495
39,0.0018447608094538394
40,0.00181129308411215
41,0.0017716243756196591
42,0.0018852145191393455
43,0.0017672233577160717
44,0.0018534307064831895
45,0.001779359632757277
46,0.0017941754467168996
47,0.0017701867841525307
48,0.001778990368448067
49,0.0018116181294042283
50,0.0017975531514666109
51,0.001831503273777872
52,0.0018356564958379896
53,0.0017861151317818652
54,0.0018471642385698046
55,0.0018366533067468514
56,0.0017911992767170933
57,0.0017553566342927778
58,0.0018427355552321353
59,0.0017849915347520706
60,0.0017625180260237086
61,0.0017844523242249637
62,0.0017647440011617464
63,0.0017733191671639918
64,0.0018017614104992314
65,0.0017672673999789984
66,0.001813207763088313
67,0.001793144509454156
68,0.0017891226396882136
69,0.0017734185507541098
70,0.0017696632866630766
71,0.0017937650975687217
72,0.0018356985858837152
73,0.0017857633994727844
74,0.0018047035968588557
75,0.0017503413226729336
76,0.0017611206684686339
77,0.0017516322718509017
78,0.0018029970880902363
79,0.0018497568594862158
80,0.0018164794560783437
81,0.001793570972986855
82,0.0019500954303256993
83,0.0017924157507587931
84,0.0018089298144585073
85,0.001807210449692656
86,0.0018383067142906779
87,0.0017721412129715894
88,0.001787003691185001
89,0.0019178654329016572
90,0.0017586017325217013
91,0.0018090231489837913
92,0.0018584634933881117
93,0.001784575691157689
94,0.0017637095972070488
95,0.001771748618343085
96,0.0017912478399171475
97,0.0017543699121377629
98,0.0017476323251316213
99,0.0018357210157494248
100,0.0018002521691606046
101,0.0018237894406883833
102,0.0018170137424618662
103,0.0017748810594214227
104,0.0017873299450693171
105,0.0018189114450493883
106,0.0019394252461399167
107,0.0017675819200676677
108,0.0018058126796123718
109,0.0017971990218815814
110,0.001788357172504341
111,0.0018019030725984126
112,0.0017940171282824385
113,0.001769337640838829
114,0.0018133388945978058
115,0.0018264956360392508
116,0.0017940486545122369
117,0.0018026341453859034
118,0.0017698730806261817
119,0.0018176861113082983
120,0.0018193003546291258
121,0.0018204150830095375
122,0.0018339410351790838
123,0.0017556907407407407
124,0.0018183926076525592
125,0.001792644780643353
126,0.001834465511629752
127,0.0017571854942083087
128,0.0017936890480936955
129,0.0017860659762158322
130,0.001779620511690235
131,0.00177331396874687
132,0.0018284811956978703
133,0.0018579904540203733
134,0.0017830361366173344
135,0.0017400621772618787
136,0.0017386164962615198
137,0.0017944929145943843
138,0.0017654658352916042
139,0.0018436695396567108
140,0.0017697577829767477
141,0.0017902873133552749
142,0.001774007326020123
143,0.0018179605901567143
144,0.0018241040785230858
145,0.001825281786706381
146,0.0017572850456187563
147,0.0018346345712334953
148,0.0018281752612539068
149,0.00184523918895206
150,0.001794385759664047
151,0.0017890571473951713
152,0.0018553950247716575
153,0.001842830151613046
154,0.0018022199448346698
155,0.0017787094496391504
156,0.0017888081706090768
157,0.0017926464846479133
158,0.0017827666606051791
159,0.0017644936562604154
160,0.0018136054256010794
161,0.001853160113566047
162,0.0017794760957578813
163,0.0019130633031846861
164,0.0017587206002902074
165,0.0017895266751754946
166,0.0017463489577216674
167,0.0017603433075920804
168,0.0017710167117461796
169,0.0018074548340251228
170,0.0017807788740100041
171,0.001766060556230061
172,0.0018157507414421497
173,0.00175105381967734
174,0.001759781491829204
175,0.0018047410353090425
176,0.001730216635839795
177,0.0017690088962942284
178,0.0017865004024346294
179,0.0017709143056902081
180,0.0018042912103708498
181,0.0017791386946833328
182,0.001785759189593861
183,0.001829018192181811
184,0.001757497523234879
185,0.001780610864996876
186,0.0017699866914360023
187,0.0017777947168696323
188,0.0017751162316052204
189,0.0018600825452448281
190,0.0017540388662715184
191,0.0017519814930417497
192,0.0017697961920820602
193,0.0017760019185619957
194,0.0019192516814330704
195,0.0018051059502786969
196,0.0018035764149753556
197,0.0017846478950089622
198,0.0018277322266348958
199,0.001763246350854882
200,0.0017657493734015346
201,0.001776105229437001
202,0.0017817133644318348
203,0.001784333174772849
204,0.0018457864947864586
205,0.0018203776206469863
206,0.0017861383420892747
207,0.0018323400141068594
208,0.0017912019241875365
209,0.0018079131840979413
210,0.0017579917232963245
211,0.001818600463206653
212,0.0017924490320463747
213,0.001812695587806411
214,0.002060610862476105
215,0.0017905493807215938
216,0.0017990307107378846
217,0.0017864680134768414
218,0.0017743617402120463
219,0.0018038291421715715
220,0.001788325174736629
221,0.0018015666036989059
222,0.0017688011779264975
223,0.0017387745700294666
224,0.0017923589961592178
225,0.0017858527245520617
226,0.0018405395464071324
227,0.0017499715843088636
228,0.001789668661332425
229,0.0017600775275169673
230,0.0018281112654681343
231,0.0018225561054119124
232,0.0018490267771073584
233,0.001818323010229104
234,0.0018227419186953868
235,0.0018067540292758995
236,0.0017996064172263084
237,0.001846384949897001
238,0.0017844277034923346
239,0.0017733100935032856
240,0.0017927082587409356
241,0.001765679888145724
242,0.0018158359992688914
243,0.0018026456001294078
244,0.0018049690759627292
245,0.0017857215013969013
246,0.0018197619558735837
247,0.0017893395036820306
248,0.001897671002379848
249,0.0017592112566950648
250,0.0017628798433397125
251,0.0017959813703611095
252,0.0017911832942383325
253,0.001839336190411761
254,0.0017407027109087973
255,0.0018140646577902986
256,0.0018215134535181125
257,0.0018227441787210079
258,0.0017828217497009226
259,0.0017754602072002073
260,0.001782069287802911
261,0.0018989024251355384
262,0.0018122116838743224
263,0.0017965507389341878
264,0.0017518083059767597
265,0.0017886146461614518
266,0.0018712236632921187
267,0.001778737032331077
268,0.001778916382954738
269,0.0017890737674260454
270,0.0017872643331429388
271,0.0017458049266986183
272,0.0017575426240889747
273,0.0018714187232554138
274,0.0018186171374434193
275,0.0018666913420929143
276,0.0018098930087139537
277,0.0017622157486928284
278,0.0017597570353442746
279,0.0017564448498315532
280,0.0017992738512741546
281,0.001792556920704518
282,0.0018145568539242297
283,0.001780141163735381
284,0.0018635544968074297
285,0.0019193459725841172
286,0.0018036390925827376
287,0.0018159894373067642
288,0.0018366585687316463
289,0.001795579730501652
290,0.0017832851141733705
291,0.001774523140144398
292,0.0017571952732696474
293,0.0018277961844978168
294,0.001769979502162992
295,0.0017931672027124291
296,0.0017902461223494282
297,0.0018613687561204247
298,0.0017566803308056128
299,0.0017484830960668293
300,0.001736328886524337
