1,0.0018001177250146394
2,0.0017830146407178669
3,0.0018093359016103346
4,0.0017745878398470686
5,0.001796343059505364
6,0.0017780932846957163
7,0.0018164755555555555
8,0.0018772247609550549
9,0.001825882750997763
10,0.0018432041786386607
11,0.0017513640695224722
12,0.0017624699505649716
13,0.001809703395028322
14,0.001768457741153196
15,0.00176587382096311
16,0.001783905778689975
17,0.001774201623458344
18,0.0017811642715595032
19,0.001774844319368899
20,0.0017533450269644375
21,0.0017757597872340427
22,0.001849586053617189
23,0.0017710844174672487
24,0.0017496297185430464
25,0.001977349312864916
26,0.0019977970317390727
27,0.002069023775832812
28,0.0020393320868260702
29,0.0020455841842094203
30,0.0020598930652732266
31,0.002131078912933006
32,0.0021224087806399326
33,0.0020755690689206762
34,0.002125416084141957
35,0.0021080397582531846
36,0.0021227773049645395
37,0.0021835417655496152
38,0.0021211418265046503
39,0.002146553280941079
40,0.0021524407555531537
41,0.002152188165875527
42,0.0021455219881776877
43,0.002157652609042907
44,0.0022017467252324753
45,0.002203908005603645
46,0.002174467913898366
47,0.00217985203826577
48,0.0022127160931265867
49,0.0022263042109566637
50,0.0024043429609518488
51,0.0024535084846351155
52,0.0024782486042944783
53,0.0024929905328798193
54,0.0025134220286408522
55,0.0025197171389942058
56,0.002542264817155376
57,0.0025413451401790237
58,0.0025539689062994615
59,0.002557073239197006
60,0.002564905472676295
61,0.002578605616241274
62,0.002589498363509749
63,0.0026268830637473754
64,0.0026085794329116663
65,0.002622534755437724
66,0.002625910793728299
67,0.002627527355771845
68,0.0026376855099705786
69,0.0026550116005030623
70,0.0026582671929920917
71,0.0026719377653432815
72,0.0026971988971244867
73,0.0027014306794722193
74,0.002716023171961258
75,0.002876015820637943
76,0.002907041466425775
77,0.0029415338015776693
78,0.0029598025226645645
79,0.00297261351965238
80,0.002997957381546135
81,0.0030012847282042416
82,0.0030143017712361236
83,0.0030229020414553197
84,0.003049233457797301
85,0.003047071789440405
86,0.003064868492023297
87,0.0030624140981843485
88,0.003083753473991173
89,0.0030861808367801465
90,0.0030949203659793815
91,0.003117968940726182
92,0.003121607062117599
93,0.003047920952982013
94,0.0030592886954870563
95,0.003058543323413955
96,0.003043659912324965
97,0.003055920858371813
98,0.00306196637558745
99,0.0030604851860039158
100,0.0031167126073460946
101,0.003171346310374206
102,0.003188124303262449
103,0.0031873302534318904
104,0.0032089687355180405
105,0.0032132824198792377
106,0.003213016260863796
107,0.003249610271087591
108,0.0032412785190378598
109,0.003259891864241637
110,0.0032657824940308233
111,0.003276087501362101
112,0.003292463613508187
113,0.003285404896993003
114,0.0033123904144366674
115,0.003308414691197592
116,0.0033346947010963256
117,0.0033672959245859622
118,0.0033607561836720536
119,0.0033613812547686763
120,0.0033596198357132953
121,0.0033804906084471706
122,0.003396834594961021
123,0.0034082967391304347
124,0.003421154837426103
125,0.003432579266620974
126,0.003447198576208443
127,0.0034474521333428304
128,0.003473566435401539
129,0.0034991327088607594
130,0.0034930125713460007
131,0.003506948388731987
132,0.0035124486295410053
133,0.0035274046068538836
134,0.0035860094679963576
135,0.003584671528108623
136,0.0035905295161290326
137,0.0036096469323095275
138,0.0036307958355258217
139,0.003690830776479457
140,0.003635112731516339
141,0.003658510451934704
142,0.0036689074922389635
143,0.003698607626718607
144,0.0036634632359635808
145,0.003692062068329851
146,0.0037010029719419146
147,0.00372423177766774
148,0.003726857578947368
149,0.003737012789395071
150,0.003766134829009893
151,0.003752923233024692
152,0.003775860999297917
153,0.0038061153496037037
154,0.0038266079127627743
155,0.0038210733955429555
156,0.003854095266318951
157,0.003864274420713042
158,0.00387397436391673
159,0.0038741236114682434
160,0.0039006645736941797
161,0.003922525822754105
162,0.003947171010076386
163,0.00395244184645445
164,0.003937619961051606
165,0.003964527456977408
166,0.003990781256647305
167,0.003999105341635262
168,0.004032434855371084
169,0.004007351378404989
170,0.004022651108292162
171,0.004064403945560882
172,0.004075731062689812
173,0.0041068320712601076
174,0.004101031362218663
175,0.004151163464807888
176,0.0041598382933469465
177,0.004171825377058254
178,0.0041933874057034975
179,0.00422333509457181
180,0.0042298528103044495
181,0.0042522796434782606
182,0.004255757114779875
183,0.004294263839324954
184,0.004294838434836101
185,0.004320583208527882
186,0.0038351326971410625
187,0.0038455028043239852
188,0.003837286722609992
189,0.003852779086444773
190,0.0038363875429553262
191,0.0038359836985339987
192,0.0038508453567516828
193,0.0038479463511928045
194,0.003865618455824863
195,0.003898770180533752
196,0.003925786265942372
197,0.003935262922457359
198,0.003915848896971615
199,0.003949797539723219
200,0.003943869492287917
201,0.003999125682542391
202,0.004019377693241603
203,0.004012325936222404
204,0.004073120462940163
205,0.004077734017725395
206,0.004049349665596576
207,0.00414259862509822
208,0.004132591200568514
209,0.004174920832282471
210,0.004168771688937754
211,0.004149080420560747
212,0.004199014147253868
213,0.0041750635996883915
214,0.004225522422614479
215,0.004228733589875151
216,0.004271268390164495
217,0.00425874992157396
218,0.004226235149617258
219,0.004234343583298422
220,0.00429581441008316
221,0.0043175335784858765
222,0.004411635819665017
223,0.004304621720776395
224,0.004379098870015834
225,0.004460248689639708
226,0.004532673758515596
227,0.004491467890280155
228,0.004541692253712423
229,0.004571887127272727
230,0.004597395139522159
231,0.004764418986340853
232,0.004680024246532724
233,0.004751748182560842
234,0.00480295340808164
235,0.004766565179256135
236,0.00474336823275862
237,0.004748900588144251
238,0.004776661894188027
239,0.004768056145492984
240,0.004863576817843907
241,0.004796129553264605
242,0.004908463388614101
243,0.0048105219382788165
244,0.004855296565431706
245,0.004970812452861125
246,0.005264122689119714
247,0.005331020404217925
248,0.0053959566557017545
249,0.005452547455470739
250,0.005714523852421392
251,0.005757600761205452
252,0.005982882203389831
253,0.0060855578719549025
254,0.006294238291179868
255,0.00658888396201177
256,0.0067001936598094294
257,0.0067166875477911335
258,0.006815977838012772
259,0.006920214788292726
260,0.007006203275171623
261,0.007032872539270788
262,0.007103353350196737
263,0.007218470606293185
264,0.007341052846715327
265,0.007431507863456264
266,0.0076135791699234005
267,0.007728982621285061
268,0.008035837124711316
269,0.00846132347839976
270,0.008843322357434999
271,0.008955259246954596
272,0.009047407647934498
273,0.009288631449303036
274,0.00961189976622785
275,0.009869404402102497
276,0.01027892029431896
277,0.010626606579811692
278,0.010955687985239411
279,0.010859951624103944
280,0.010923737284453117
281,0.010972449366659125
282,0.011039004004408524
283,0.011086600415510664
284,0.011149657806238725
285,0.011194498075056384
286,0.011223721282068971
287,0.011255141210336037
288,0.01129166554494644
289,0.011341006548175865
290,0.011399070255256058
291,0.011438078403919425
292,0.011486385919552446
293,0.01154907686904762
294,0.011605984272115512
295,0.01166422728585178
296,0.011726471452743532
297,0.011801469832198442
298,0.011863944693639675
299,0.011945128369781313
300,0.01201189378270261
