1,0.004803006002491793
2,0.005244307970620239
3,0.004357418483850309
4,0.005239332246886843
5,0.004327173375927085
6,0.004327005294117648
7,0.004326715091463413
8,0.005238012506437769
9,0.004864838638949219
10,0.005469306400721208
11,0.005507078932993445
12,0.005512227611668187
13,0.005205763887472379
14,0.005259662868047983
15,0.00530177788962166
16,0.005365978201199046
17,0.005861998372546629
18,0.0064777014196601415
19,0.006313562134020618
20,0.006389249642857143
21,0.006355173614249634
22,0.006635322317053156
23,0.006495712372654155
24,0.006574833522472013
25,0.00684963330270041
26,0.006051171040691006
27,0.0060242271228771235
28,0.006035057503506312
29,0.0069647168950100966
30,0.006095280183013782
31,0.006162238371501271
32,0.006980549349240781
33,0.006968934669028063
34,0.007700412542350359
35,0.006839563455571227
36,0.006878942240398294
37,0.007805973840038936
38,0.007815350340411737
39,0.007065440576692363
40,0.007863445250163506
41,0.007894142271674207
42,0.007899594273308207
43,0.007870706149057874
44,0.00783608660991979
45,0.008221717904486744
46,0.007659398044286407
47,0.007650553804777725
48,0.008363238746979633
49,0.008258965740900464
50,0.008775379342129044
51,0.00875055680894309
52,0.008763982981331322
53,0.009071957011914893
54,0.00910295213963964
55,0.008613757475495499
56,0.009111548971820259
57,0.008958495782576596
58,0.009267054393385887
59,0.008517096078103314
60,0.009428532030943987
61,0.008611681802841917
62,0.009529196531053462
63,0.009534302244279277
64,0.00919597868136044
65,0.009492232533703411
66,0.010005172428666224
67,0.010168085164487558
68,0.009462682296368988
69,0.009531406084812625
70,0.010335843827424177
71,0.009938817181743756
72,0.010087885323590815
73,0.010470632044583768
74,0.010632616340228874
75,0.010648009929390996
76,0.010790563412184779
77,0.010632733580931263
78,0.010591865060908083
79,0.010395672059143293
80,0.01035124123202404
81,0.010676137337319733
82,0.01145116757654878
83,0.011543823667861408
84,0.011603979115864882
85,0.01154922099045346
86,0.0114474384504994
87,0.011252997082868822
88,0.011360648011224989
89,0.01100495086336921
90,0.011157805885747715
91,0.011829268021978022
92,0.011958437954186414
93,0.01208505934065934
94,0.012238154011642624
95,0.012369310885136865
96,0.01244725804131799
97,0.01266839969816273
98,0.012885534694422206
99,0.013119515947925143
100,0.013208307471032223
