1,0.0035124651794859103
2,0.003950342458758837
3,0.004143682758029978
4,0.005257711865148861
5,0.005455717887033339
6,0.005517070588570128
7,0.006671723650098324
8,0.006643300855461264
9,0.00685859087245475
10,0.00803117076327535
11,0.00848724020633126
12,0.008178527569935963
13,0.00949887284375
14,0.010145817198697069
15,0.010308848320026614
16,0.01045984882871266
17,0.01150842479467415
18,0.011703678019837054
19,0.011906568218181817
20,0.012964600696933495
21,0.013138619673123483
22,0.013369790543259558
23,0.0145323430543383
24,0.01570375229078318
25,0.014834183712784587
26,0.015718339173138418
27,0.016203242770543334
28,0.016489536168741353
29,0.016646023403241183
30,0.017827875941320293
31,0.01794836577526987
32,0.018170173113924052
33,0.01926259162191192
34,0.01957711986522911
35,0.01972691785331906
36,0.020839845908004778
37,0.021169715097031964
38,0.021501881160663237
39,0.022285516225165565
40,0.022876397295673083
41,0.02301746983870968
42,0.023357636775362317
43,0.02455468269728331
44,0.025235479054054058
45,0.024936580696798494
46,0.026217221022727274
47,0.026410015323645963
48,0.026800833095723016
49,0.027652005034722215
50,0.028154410732232592
51,0.0282425589260313
52,0.029266107327258928
53,0.029665556751824817
54,0.029804833467446962
55,0.030050433998435055
56,0.03162910135239568
57,0.031536044819466244
58,0.03191575533536585
59,0.034160636550308016
60,0.03326522390263367
61,0.03328950598256735
62,0.034276872532362467
63,0.03473710226904376
64,0.03502207689929329
65,0.035873364901793346
66,0.036341196969696975
67,0.03673105360036003
68,0.03717666882145998
69,0.038401652397868566
70,0.038730011677186656
71,0.03905186894689469
72,0.040138090739008425
73,0.04043441543778802
74,0.041055518755803155
75,0.041576328937198065
76,0.04241658444444444
77,0.04242447059108528
78,0.04350161846799581
79,0.04381035542596349
80,0.04454829709821429
81,0.044529705894519135
82,0.04527045865979381
83,0.045934032570239335
84,0.04664536370143149
85,0.04718510043149946
86,0.047580722884386174
87,0.04785781828752643
88,0.04874914043715847
89,0.04879795220507167
90,0.049489516945373464
91,0.05048624378468368
92,0.05056686960451977
93,0.051007492890995265
94,0.0514279153422983
95,0.05548873639817628
96,0.0516691380755608
97,0.05204953231492362
98,0.05298032256532066
99,0.053302992
100,0.05361519336175395
101,0.05451983361963189
102,0.054883919377382455
103,0.05536958606250001
104,0.05635973220230474
105,0.05710263944723618
106,0.057395722704081636
107,0.05806865526315789
108,0.058827635156249995
109,0.05894505872801083
110,0.059567362384105954
111,0.060879025393700784
112,0.06092260944881889
113,0.06088720402374671
114,0.062447479312668475
115,0.062396625101488495
116,0.06267963982240438
117,0.06353436709809264
118,0.06431107981969489
119,0.06473222995810056
120,0.06479866638297874
121,0.06662648780141844
122,0.06631205907111756
123,0.06668629718208093
124,0.0675602270682148
125,0.06718158352769679
126,0.06822776134020621
127,0.06840602324888226
128,0.0704071206921944
129,0.06940317883755588
130,0.07043652906110283
131,0.07347296008146638
132,0.06996220803981623
133,0.07061087816358023
134,0.07130117852760734
135,0.07167244303599374
136,0.07258367032967034
137,0.07314668950715422
138,0.07411405694888179
139,0.0743552321821036
140,0.07542203697749196
141,0.07601254754500819
142,0.07633306128246753
143,0.0766915607553366
144,0.0772207476973684
145,0.07819172499999999
146,0.07849225550847458
147,0.07931082423469389
148,0.07966774794871795
149,0.08113456239460373
150,0.08077414258943783
151,0.08215803747870527
152,0.08161155552721089
153,0.0834392395204263
154,0.08329271213171577
155,0.08307883452593916
156,0.08499168627622378
157,0.08452205079787235
158,0.08476602323049004
159,0.08581877909090908
160,0.08707972195571956
161,0.0863919728440367
162,0.08673396197053407
163,0.08873201904761906
164,0.0890898668508287
165,0.08862429943609022
166,0.08911272276951673
167,0.09144520012690356
168,0.08833952941729324
169,0.08897602779886148
170,0.08960639904580152
171,0.09020200404624278
172,0.09072670168986084
173,0.09129445135658916
174,0.09251889616141733
175,0.09266387906066535
176,0.0936699746561886
177,0.09423399536290321
178,0.0949632124750499
179,0.09577755286561264
180,0.09567723439425051
181,0.09659755542168674
182,0.09730660436105476
183,0.0975592383910387
184,0.09953191946721313
185,0.09912508298969072
186,0.09958611106557376
187,0.09963633402061856
188,0.1008150809375
189,0.10094642499999999
190,0.10253876021052633
191,0.1023212657838983
192,0.10252681352813851
193,0.10298783857758621
194,0.10302981691810344
195,0.10449860571120692
196,0.10617733870967741
197,0.1060525752711497
198,0.10674979370932752
199,0.10710775248917748
200,0.10613350246636771
201,0.10753063741721855
202,0.10891962216035636
203,0.11233486904761907
204,0.1066233693002257
205,0.1072668635844749
206,0.10779234782110092
207,0.1082683053652968
208,0.10902696272727275
209,0.10955879006928407
210,0.11065291953488371
211,0.11105002152777778
212,0.11286951255813953
213,0.11265098392857142
214,0.11312450438388626
215,0.11340931315165877
216,0.11468799285714285
217,0.11573369817073169
218,0.11582355326086957
219,0.11613340238095238
220,0.11620586527446299
221,0.11872502016908211
222,0.11917872024390244
223,0.11843477457212713
224,0.11885870631067962
225,0.11999151136919314
226,0.12031762358722359
227,0.12226200593434344
228,0.12225566014851483
229,0.1231175303482587
230,0.12330048578553617
231,0.12299001368159206
232,0.12408466080402009
233,0.12374970139593906
234,0.1249419489847716
235,0.12478369236641222
236,0.12473792391304346
237,0.1276478758354756
238,0.12616427098445596
239,0.12937999454545454
240,0.12860977383512548
241,0.12563259645669292
242,0.12616069790026246
243,0.12668008434210526
244,0.12754055833333333
245,0.12811783670212765
246,0.12859394343163535
247,0.1291956360058309
248,0.13030719569892474
249,0.13094094448924734
250,0.13231357849462363
251,0.1331721600828729
252,0.13328044495912802
253,0.13479950714285716
254,0.1340631589041096
255,0.13452445828729281
256,0.13738137208333337
257,0.1376518561111111
258,0.13778060930555555
259,0.13704748069444442
260,0.13855999747899161
261,0.13809534985795455
262,0.13840527689075627
263,0.13982140147492625
264,0.14042021392045453
265,0.14198407258522727
266,0.14136702108262109
267,0.1426324573487032
268,0.14301969193083572
269,0.14385810708092484
270,0.14430544285714286
271,0.14355859431486884
272,0.14400852252906976
273,0.14439797405247815
274,0.1458663030791789
275,0.14598257463126843
276,0.15459600540000001
277,0.14385491819526625
278,0.14447016163141996
279,0.14502343618618618
280,0.14565235166163143
281,0.1462122668168168
282,0.146674932326284
283,0.1495196027607362
284,0.14841444109375002
285,0.14938240996932514
286,0.1516645998422713
287,0.15247011978527608
288,0.152072365
289,0.1531698132398754
290,0.15239081939102564
291,0.15413139548286603
292,0.1532054319314642
293,0.1566578652515723
294,0.15475947412698413
295,0.15677208270440252
296,0.1577730384858044
297,0.1579822334920635
298,0.15867192239747638
299,0.1591579238019169
300,0.1581610036741214
