1,0.0035090101036571162
2,0.0035363068251645932
3,0.0036428766368147153
4,0.003736618368055556
5,0.004019004433109397
6,0.004393967367498906
7,0.004398008908213972
8,0.00445452461347322
9,0.004483575549772104
10,0.004494596349386473
11,0.005121196660419151
12,0.005149268192729767
13,0.005163331673819742
14,0.005281483675979616
15,0.0053068443402631135
16,0.005650164471535231
17,0.005890399362994904
18,0.005733818646329838
19,0.0063725853184504275
20,0.005983694907315128
21,0.006366584918449481
22,0.006517125379347388
23,0.006520504739696311
24,0.006700893328871039
25,0.006661950965379493
26,0.006717443141166759
27,0.007548826729969319
28,0.007634477296515108
29,0.0076538812525904385
30,0.007696793203520775
31,0.007727559602281732
32,0.008504249092073198
33,0.008662946441524277
34,0.008675115266156311
35,0.00878888050710304
36,0.008833062400865177
37,0.00918889527786213
38,0.009317121752545511
39,0.00974354407239446
40,0.009370794394409937
41,0.009472048732394364
42,0.00997166019497687
43,0.010338479335443039
44,0.010349453506671227
45,0.01034605114295462
46,0.010428973290172642
47,0.010827046276782576
48,0.011111183406432747
49,0.011236882018518517
50,0.011346498236514523
51,0.011407844286249531
52,0.011465647594889139
53,0.012348436726323637
54,0.012652911224916387
55,0.012773934573392641
56,0.012950089050387597
57,0.013070461502080967
58,0.013107390601185435
59,0.013161515829248367
60,0.013161897514995718
61,0.01349890372574956
62,0.013728733333333333
63,0.013929881989134973
64,0.01411376898464164
65,0.014227699204301074
66,0.014646915539689208
67,0.014688743298019346
68,0.014811526150066992
69,0.014929836742934053
70,0.015084256551103105
71,0.015259932611607144
72,0.01529335282222222
73,0.01538421545220746
74,0.015961326571294558
75,0.016428053267237494
76,0.016185182811038354
77,0.016317312974238874
78,0.016560544408502777
79,0.017012760278666057
80,0.018794832128098
81,0.017023040478468893
82,0.01715754698275862
83,0.017244564577259473
84,0.01792399388095238
85,0.01836529464105157
86,0.018729713110997963
87,0.018735763287947554
88,0.01891192117280747
89,0.019033752722772274
90,0.018872987196068284
91,0.018963412347391784
92,0.019126729766141333
93,0.019238886401673642
94,0.019308462694444445
95,0.020070023414776032
96,0.019931543845733046
97,0.020124399675675676
98,0.02044827627537027
99,0.020556563633818588
100,0.02102553381314503
101,0.021211463116147314
102,0.021300501687880464
103,0.02139128408845739
104,0.021411216264722376
105,0.021922981534090908
106,0.02238319176882662
107,0.02296202230195178
108,0.023023731812380342
109,0.023256364778177458
110,0.022889328421368548
111,0.02318809890142518
112,0.023194069632495165
113,0.023485945604719765
114,0.023947335000000004
115,0.02391049987600744
116,0.024526279386236825
117,0.025520706226415096
118,0.02484852268602541
119,0.025127756194968553
120,0.02541866049876847
121,0.025678766375
122,0.0269632898015019
123,0.02552063309419838
124,0.02575749168297456
125,0.025706585177993527
126,0.026309543902439027
127,0.02625426698966408
128,0.0267647998985115
129,0.027234897030716725
130,0.027447266924629874
131,0.027773264071038254
132,0.027757565459423206
133,0.028064763210702337
134,0.02815155003422314
135,0.028721427765957448
136,0.028884602145454543
137,0.02910729293865906
138,0.029396724646393212
139,0.029161142622950817
140,0.030055604446854668
141,0.029746199286224125
142,0.029940025952045136
143,0.03017986470588235
144,0.03066031585724797
145,0.03074078771600301
146,0.03108896033088236
147,0.03085234658590308
148,0.031015557158836686
149,0.031643752727952175
150,0.03178915132877752
151,0.032072788990461044
152,0.03203835553359683
153,0.0322782437164751
154,0.03225650508409786
155,0.032588171238244514
156,0.03293148969811321
157,0.032934656284153006
158,0.033595932450331135
159,0.03365045306845004
160,0.03376239179282869
161,0.03347106473807663
162,0.03414070158069883
163,0.0343273987018096
164,0.03621687858660999
165,0.03394481538800706
166,0.03414840728643216
167,0.03438347756933116
168,0.03460237124692371
169,0.034828543497942385
170,0.035072538266557644
171,0.0352750113022113
172,0.03547828847139197
173,0.03581726709251102
174,0.03606582341772152
175,0.03628329771380186
176,0.03636986189279732
177,0.03675281088060966
178,0.03669316136166522
179,0.03727605251517781
180,0.03753816565743945
181,0.037861674429824556
182,0.03762309429864252
183,0.03780653114537445
184,0.03829997099644128
185,0.03859162728110599
186,0.03859763791593695
187,0.038938811456483126
188,0.03900388482064742
189,0.039261915284039675
190,0.0392535631652661
191,0.03961703824057451
192,0.040323247027506656
193,0.03994410275022543
194,0.04059596585944919
195,0.04062392032803181
196,0.04046632096330275
197,0.041008682809611834
198,0.04113180241347906
199,0.04110729498607242
200,0.04180295846080306
201,0.04146062511893434
202,0.04191053338001867
203,0.04205175846153846
204,0.04258585457115928
205,0.04223872217936355
206,0.04429879342273308
207,0.042025638479809974
208,0.042268141802492804
209,0.042479354387656695
210,0.04261292311178248
211,0.04279043335015136
212,0.04305561786074672
213,0.043219612512363996
214,0.043393588047808775
215,0.04378029256689791
216,0.04391450408773679
217,0.04418102665916761
218,0.04438967603346456
219,0.04459457897102897
220,0.04499051595959597
221,0.04493127145748988
222,0.045721642386831275
223,0.04559375303497943
224,0.046002560000000005
225,0.045912188071065986
226,0.04641893405036726
227,0.045981130232558134
228,0.04684101823834197
229,0.04668971951731375
230,0.04758248263816476
231,0.04708725114942529
232,0.047996071098562625
233,0.04760084451612903
234,0.04845914726603574
235,0.04809393246546227
236,0.04838580627659574
237,0.04887948244853738
238,0.04861374200217628
239,0.049480399071038246
240,0.04902513151351351
241,0.04994918446236559
242,0.0494304075928009
243,0.04964455022123894
244,0.04996310961956522
245,0.050686650388457266
246,0.05037004141914191
247,0.05048932287761852
248,0.05365186885007279
249,0.049981727242888394
250,0.050179431895573216
251,0.05032943884393063
252,0.05059800629965948
253,0.05082165628507295
254,0.051009522027180065
255,0.05124351082004556
256,0.05167980520833334
257,0.05189085160366552
258,0.052410647816091956
259,0.05230140893271462
260,0.0527373576744186
261,0.05301381976878612
262,0.05308468415783274
263,0.05325606339181285
264,0.0537500976387249
265,0.053781182118055555
266,0.05422707180232558
267,0.05450377720329024
268,0.0547869061627907
269,0.05492241447368421
270,0.05516218079196218
271,0.05494143157894738
272,0.05551297907407407
273,0.05590580861445785
274,0.056010336369193156
275,0.056134112545017996
276,0.05642579580246913
277,0.05671965861244019
278,0.056769706727272724
279,0.05709646777221527
280,0.05706668842874544
281,0.056682476576019776
282,0.057845386543209885
283,0.05766648537371133
284,0.05729159030864196
285,0.05840659097560977
286,0.058475496370463086
287,0.05842700597204574
288,0.05864962991183879
289,0.05864502836658355
290,0.059666576999999985
291,0.05792949987357774
292,0.05821620858208954
293,0.058377729118773945
294,0.05861718160556259
295,0.05876594559014268
296,0.05899672535121328
297,0.059336509884467266
298,0.05963456660280971
299,0.060069539973958336
300,0.06018770057989692
