1,0.0032425923535719073
2,0.003277983142566881
3,0.003286138876084599
4,0.0032874019183839476
5,0.0032966598422595884
6,0.0032968255920917153
7,0.003309236535918906
8,0.00334045835643784
9,0.0033781698883461274
10,0.003414267061644802
11,0.0034354846513605444
12,0.003496628279544927
13,0.0035252765206635617
14,0.0035816565300849025
15,0.0036179733557773234
16,0.003644809910454986
17,0.0036726213911241158
18,0.003671201452674585
19,0.003711891367265468
20,0.003765898960551032
21,0.003782167482736975
22,0.00378584668678486
23,0.004386672168709866
24,0.004445890108225109
25,0.004453957083754712
26,0.004490204352045387
27,0.004482357470149253
28,0.004447141210824519
29,0.004446676649209849
30,0.004471357136275685
31,0.004474514865830463
32,0.004461419865660655
33,0.004484022193403168
34,0.004453177947798916
35,0.004530199518144857
36,0.004553469697859088
37,0.004579736215858615
38,0.004571271491889852
39,0.004579593328923746
40,0.004593854567854434
41,0.004593168423794638
42,0.004610700874940561
43,0.004615433265131328
44,0.004615382320494531
45,0.004597221663762747
46,0.005226643054501062
47,0.00528045827622562
48,0.005254779338698389
49,0.0052340645967601475
50,0.005257523283243053
51,0.005276299473129609
52,0.00526986318556159
53,0.005289798113207547
54,0.005255592865874956
55,0.005261287174331176
56,0.005269267385208553
57,0.005286328171740279
58,0.005314559203025652
59,0.005365517795247454
60,0.005375016547406083
61,0.005400938359360977
62,0.005414610589401587
63,0.005418096294626758
64,0.0053953743948359344
65,0.005419420527357812
66,0.0054066646365599135
67,0.005408103886290033
68,0.005393893103139013
69,0.0059320464682879135
70,0.005937824996938901
71,0.006059005661792275
72,0.006076390874905992
73,0.006089831605372161
74,0.006058552018497689
75,0.006072207575757577
76,0.006083324954499494
77,0.006090862872179072
78,0.00606212518764073
79,0.006104919428629525
80,0.006087112343122489
81,0.006105385305674889
82,0.006192887485991249
83,0.006220216886611147
84,0.006212142117030791
85,0.006238668095482547
86,0.006265874791050535
87,0.006254261484144306
88,0.006266980563416515
89,0.006270540343038518
90,0.006264182984595635
91,0.006716944960379878
92,0.006836315995804966
93,0.006911939369517206
94,0.006956723119369282
95,0.007018026849898294
96,0.007006243967715363
97,0.007000931574074073
98,0.007082328484935851
99,0.007056544318773078
100,0.007073534727011493
101,0.007119084532426172
102,0.007103703203928905
103,0.007122275492033739
104,0.007118237572996962
105,0.007234764400948992
106,0.00719410829009434
107,0.007225786110452715
108,0.007226692589073634
109,0.007241242378121284
110,0.007234544567022537
111,0.007246818749999999
112,0.007262518388330942
113,0.0072653079412467155
114,0.007916581841967557
115,0.007919425876963352
116,0.008004479450607501
117,0.00798800351387054
118,0.008028866472457628
119,0.008066031700825127
120,0.008035834677633325
121,0.008033019649495486
122,0.008068923627398722
123,0.008123818436578169
124,0.008109863399304628
125,0.008114513484199249
126,0.00817543666218035
127,0.008158132128460092
128,0.008254504136154056
129,0.008214815110631407
130,0.008272312112561173
131,0.008234564902544667
132,0.008247070097508127
133,0.008273080712930333
134,0.00828880572321914
135,0.008332984750613245
136,0.00833771262956901
137,0.008935400763807286
138,0.00897553635155096
139,0.00907998117893477
140,0.009110268013165768
141,0.009087745344368904
142,0.00912391086108611
143,0.009127266036036035
144,0.009166251807773427
145,0.009167727268696423
146,0.009243162189582071
147,0.00921196825707405
148,0.009299012499999999
149,0.009226397178636088
150,0.00923522107013301
151,0.009274743264326432
152,0.009301353672660774
153,0.009336202806589384
154,0.009308274977182842
155,0.009310618801338608
156,0.009372810931297711
157,0.009359374398416083
158,0.009368729706674649
159,0.00974604320909665
160,0.009992315349887131
161,0.010024627648372687
162,0.010122212812911726
163,0.010099415596026489
164,0.010163774266666668
165,0.010126051262039191
166,0.010137171802518226
167,0.010197521254587921
168,0.010220968010663111
169,0.010187266377585059
170,0.010241396807087933
171,0.010232263014386084
172,0.010225171934513866
173,0.01027835448739496
174,0.010280532001343183
175,0.01033664023279352
176,0.010335127168796235
177,0.010362354663299662
178,0.010379705694491384
179,0.010364404271523178
180,0.010526068304749338
181,0.010388278933153274
182,0.011102886425339365
183,0.011222675686416184
184,0.011255303559206023
185,0.011294038250790306
186,0.011347267061874769
187,0.01139443869239014
188,0.011411721763392856
189,0.011408275667603654
190,0.011532621335807052
191,0.011498831002497325
192,0.011446743598809081
193,0.011460907731958764
194,0.011515766822429907
195,0.011529470819240889
196,0.011565247215951844
197,0.011605867305524237
198,0.011628929842931936
199,0.011613293611006407
200,0.01164704924351585
201,0.011677268686868686
202,0.011637814883551673
203,0.011732949962811453
204,0.01204688326693227
205,0.012118444776119404
206,0.012227582440915805
207,0.012307990998815634
208,0.012358589358490565
209,0.012373151280000003
210,0.012394395416666667
211,0.012423061209321013
212,0.012584497928399033
213,0.012392195932339914
214,0.012436633718612996
215,0.012497623738704817
216,0.012561625406976742
217,0.0125880713038633
218,0.01251598479473894
219,0.012665917335082457
220,0.012634261067193675
221,0.01260990106141016
222,0.012671334828897337
223,0.012607616824085007
224,0.012682955452022204
225,0.012731882625334864
226,0.01270238438102584
227,0.013204535418342718
228,0.01335324707269155
229,0.01342075314321399
230,0.013465280652260906
231,0.01350208242542153
232,0.0135397515763168
233,0.013477778006456819
234,0.013520577317360567
235,0.013633763122262048
236,0.013637559208223972
237,0.013632858349821923
238,0.013682849499599678
239,0.01374089127142288
240,0.013716800415841583
241,0.013819612797147385
242,0.013734085467980297
243,0.013834957068164216
244,0.013705446455900123
245,0.013784491706443915
246,0.013837362893864016
247,0.013831101654944148
248,0.013835639628099172
249,0.013839802813504824
250,0.014499761851851853
251,0.014552162773421374
252,0.014609071600000002
253,0.014664909352517986
254,0.014599821541010772
255,0.01464576473067916
256,0.014672327302904568
257,0.014704673620263592
258,0.014817327566777965
259,0.014815847483221477
260,0.014866788829568787
261,0.0148882905884808
262,0.014889484635645303
263,0.014918355532005087
264,0.0149692733420026
265,0.014819793948322757
266,0.015178442172457096
267,0.01497669535683577
268,0.014966909028374895
269,0.015004918796992478
270,0.015347789167478091
271,0.014997043722849697
272,0.015098808239130438
273,0.015617132220175035
274,0.0156724932501058
275,0.015605826385281386
276,0.015732394091316028
277,0.015734837762067282
278,0.01577221675824176
279,0.015777159232769834
280,0.015930340690892775
281,0.015923984783588817
282,0.015871462987886945
283,0.015991835072976558
284,0.015991973948290977
285,0.01607816107678729
286,0.01598626027113971
287,0.01597189156339371
288,0.016180494788347745
289,0.016031378887195122
290,0.01645206270334928
291,0.01610665472636816
292,0.01626941429947039
293,0.01616499989039895
294,0.016608513564668772
295,0.016683310280797104
296,0.016703928000979914
297,0.01677801970454545
298,0.016804421759475902
299,0.016850298699489084
300,0.01709632866071429
