1,0.008585456630238514
2,0.011563340114340162
3,0.015344078417782032
4,0.020487300328227567
5,0.02222020236013986
6,0.02752806793248945
7,0.0308853240592474
8,0.032441862693498455
9,0.03860340866359448
10,0.040430853761904764
11,0.04306217372143634
12,0.04746904243743199
13,0.050850621420256106
14,0.052047728335373314
15,0.05857905733766234
16,0.06173469569444444
17,0.06443764735682819
18,0.07702702094736844
19,0.0710951560897436
20,0.07451376163575042
21,0.0813067680909091
22,0.08076936807553957
23,0.08486970056710776
24,0.09403055228215768
25,0.09372328158995816
26,0.09572655754923416
27,0.1064088048498845
28,0.09955354461206896
29,0.10758784412470025
30,0.110902181686747
31,0.11108348875305625
32,0.11961802864450125
33,0.12291478430851065
34,0.1325027984463277
35,0.13123219833333333
36,0.1397382857784431
37,0.13284067061281335
38,0.14986299999999997
39,0.15129759432176654
40,0.14772337584615383
41,0.15408811773162942
42,0.15729541000000002
43,0.16069099846938775
44,0.16466226797945208
45,0.167574799471831
46,0.17140879306049822
47,0.17367462254545454
48,0.17762066129629628
49,0.18366531353383456
50,0.18585762725490196
51,0.19016109784313726
52,0.19126736369047617
53,0.1970615069387755
54,0.2010554367768595
55,0.20389614581589957
56,0.207880105720339
57,0.21052714588744587
58,0.2144633787280702
59,0.21769267578475335
60,0.2212956781818182
61,0.22476979564220181
62,0.22879670628019327
63,0.2319775138095238
64,0.2360254997584541
65,0.23952873423645324
66,0.24320707425742574
67,0.24634720076923072
68,0.25011638384615387
69,0.25502158177083323
70,0.2570904288359788
71,0.2617168350267379
72,0.2641866472826087
73,0.2682884274725275
74,0.27141665082872923
75,0.2755956251396648
76,0.2785924173295455
77,0.28294344339080457
78,0.28583914064327487
79,0.29057904112426036
80,0.2937749869047619
81,0.3112489213114754
82,0.29562345306748467
83,0.29923608757763975
84,0.30290682156250004
85,0.3064454711538462
86,0.31018322628205125
87,0.3136005156862745
88,0.31714097222222226
89,0.32115085333333326
90,0.3245026826666667
91,0.328325829054054
92,0.3319106751724138
93,0.3365361593103448
94,0.34074181071428566
95,0.3445561651408451
96,0.34810286824817516
97,0.35272912194244604
98,0.35582826007194246
99,0.36007960729927
100,0.3629096662962963
101,0.367373475
102,0.3703378450381679
103,0.37462450839694655
104,0.37787811488549616
105,0.3819329534883721
106,0.38529178661417324
107,0.3903438177165355
108,0.394582675
109,0.3969276181451613
110,0.4006347446721311
111,0.4038508344262295
112,0.4070983483471074
113,0.4107791815126051
114,0.41612315126050425
115,0.419108954661017
116,0.423574134322034
117,0.4267937784482759
118,0.43303275855855855
119,0.4349637302631578
120,0.44347374247787613
121,0.44680136548672567
122,0.44907024999999995
123,0.44639275
124,0.45077272681818176
125,0.45393443009259254
126,0.4591750208333332
127,0.46493418009259263
128,0.46599787405660387
129,0.46978165660377363
130,0.4735623552380952
131,0.4789865495238094
132,0.48486733834951445
133,0.4820976189320389
134,0.48706599249999993
135,0.4893679247524752
136,0.49501888613861394
137,0.4973573295
138,0.499185075
139,0.5039353198979593
140,0.5039386729508197
141,0.5076389663934426
142,0.5146574402061855
143,0.5201155030927835
144,0.5661450334667093
145,0.5151268135593221
146,0.5213790639784945
147,0.5251135209677419
148,0.5285137461956523
149,0.5323327532608695
150,0.5359352396739131
151,0.5359748201754386
152,0.5431642400000002
153,0.5429238535714286
154,0.5501312392045454
155,0.5538125585227273
156,0.5553159909090909
157,0.5581131172727273
158,0.5649357591954023
159,0.5682870147058824
160,0.5719830964705882
161,0.5756392294117647
162,0.5765314792452831
163,0.5838002946428571
164,0.5880503249999999
165,0.5946283041666667
166,0.5964814278846153
167,0.5992889585365853
168,0.6051355036585365
169,0.6109390600000001
170,0.6120682643749998
171,0.6205181093750001
172,0.6157296130000002
173,0.6197609749999999
174,0.6256289474683544
175,0.6332499234177216
176,0.6286186377551021
177,0.6367236928571429
178,0.6418593798701299
179,0.6419712625
180,0.648686590131579
181,0.6479698104166667
182,0.6569290197368421
183,0.6550420457446808
184,0.6606820872340424
185,0.6654194277027025
186,0.6691028270270271
187,0.6748666364864865
188,0.6724352543478263
189,0.6819631645833335
190,0.6889498395833334
191,0.6835195033333332
192,0.6884335366666666
193,0.6888376300000001
194,0.6984418943661971
195,0.697446984090909
196,0.7013874272727273
197,0.709345263768116
198,0.7182564355072464
199,0.7211927275362319
200,0.7226310318840581
201,0.7210128255813952
202,0.7235623279069768
203,0.7298083276119404
204,0.7381623470149253
205,0.742631206716418
206,0.7370667202380953
207,0.7426255535714286
208,0.8007717035806451
209,0.7428500265151516
210,0.742779818292683
211,0.7465075780487805
212,0.7539443320312499
213,0.7532749658536585
214,0.7613515929687499
215,0.7603632275
216,0.7636402075
217,0.7675759475
218,0.7758406325396825
219,0.7793992404761905
220,0.7830231714285714
221,0.782551682051282
222,0.7864335192307693
223,0.7890192717948717
224,0.7936515346153846
225,0.8015290672131146
226,0.8054269163934427
227,0.8047751710526315
228,0.8088919289473684
229,0.8120847934210528
230,0.8193050805084745
231,0.8195668644736841
232,0.8234449864864865
233,0.8266681378378379
234,0.8285375175675674
235,0.8338703351351351
236,0.8408350215517243
237,0.8413166216216218
238,0.8481851215517242
239,0.8519083413793102
240,0.8531098972222222
241,0.8570060888888889
242,0.8587029111111111
243,0.8638137569444444
244,0.8704489455357142
245,0.8762785508928573
246,0.8801742874999999
247,0.8801466285714287
248,0.890180199090909
249,0.887349104285714
250,0.8941551942857142
251,0.898629209090909
252,0.9031875145454547
253,0.9058252381818181
254,0.9080119191176471
255,0.9062289676470587
256,0.9100711691176471
257,0.9185948720588236
258,0.9248030141509433
259,0.9284807452830188
260,0.9319121279411765
261,0.9346681245283018
262,0.9408157909090908
263,0.9396340227272726
264,0.9444464575757575
265,0.9447213484848486
266,0.9492284378787877
267,0.9483092593749999
268,0.9559870019607841
269,0.9639046088235294
270,0.9598381374999999
271,0.9676340296875
272,1.0110281291666667
273,0.9636871234375
274,0.967195740625
275,0.970372353125
276,0.9797959450000002
277,0.9841744920000002
278,0.988030969
279,0.9848296983870964
280,0.9881250209677419
281,0.9928287338709677
282,0.9951214209677418
283,0.998486041935484
284,1.002673508064516
285,1.0125580760416666
286,1.0162929510416667
287,1.01505734
288,1.01804177
289,1.0224020483333331
290,1.0255204500000001
291,1.0301734
292,1.0346402883333332
293,1.0417313673913045
294,1.040841195
295,1.0497028706521738
296,1.0527286717391304
297,1.056184058695652
298,1.0566827534482757
299,1.0593431637931037
300,1.0614471413793103
