1,0.03586334052111411
2,0.04593601907032181
3,0.0410090641025641
4,0.03789937862137862
5,0.06175740598919979
6,0.061576658651579436
7,0.04294932155232155
8,0.06477133872707659
9,0.05448502147766323
10,0.04907850923872875
11,0.05305288957055214
12,0.056126878711836053
13,0.05960812896315339
14,0.06266346040268457
15,0.06576832913752914
16,0.06884119096209913
17,0.0728623890593047
18,0.07631425051440328
19,0.07925982091917592
20,0.08307862262098968
21,0.08569758347775851
22,0.08919397802197801
23,0.0926407217948718
24,0.09585835408805032
25,0.0989748507936508
26,0.1027435749665328
27,0.10559957643097642
28,0.10891557354028086
29,0.11235268014184396
30,0.11579258314855875
31,0.11924556438557764
32,0.12216270171339563
33,0.12613204316546764
34,0.12938940110323088
35,0.13203901155115513
36,0.1357269426433915
37,0.13876016200169636
38,0.14184686597938143
39,0.14497563227513227
40,0.14823621511111112
41,0.15230093593314764
42,0.1546336619183286
43,0.15714885185185185
44,0.1608571049562682
45,0.16441145508982036
46,0.16751884491440078
47,0.17134125454545454
48,0.1743597573770492
49,0.1780247348008386
50,0.1795008918617614
51,0.18458720750551877
52,0.18843859555555556
53,0.19068349719416386
54,0.19362576632302406
55,0.19733656712962963
56,0.20126757042253524
57,0.2047565551558753
58,0.20654304197530865
59,0.21068231069182392
60,0.213768506918239
61,0.21669739136302293
62,0.22062885641025642
63,0.22503451443569555
64,0.23022017269076303
65,0.23224813654618473
66,0.23566709581646422
67,0.23923033884297518
68,0.2426446962025316
69,0.24724523646723648
70,0.2497185238095238
71,0.2390924248826291
72,0.2582717683109118
73,0.2603445844961241
74,0.2641518944954128
75,0.2681373225308642
76,0.27150383255086075
77,0.2594736361323155
78,0.4100905486725664
79,0.40342440960451986
80,0.32269076417233566
81,0.29071711881188117
82,0.29446577999999995
83,0.2946164585635359
84,0.2822593140495868
85,0.30145722508591066
86,0.30581133155080215
87,0.308965455026455
88,0.2941919396551724
89,0.31773070967741945
90,0.3194722564102564
91,0.3230736007326007
92,0.3275081193181818
93,0.3306751843575419
94,0.3325369166666666
95,0.31798941975308637
96,0.4848446870748299
97,0.34254294964028775
98,0.34688487573964494
99,0.33574837820512815
100,0.5244817706093189
