1,0.08259297335811648
2,0.07445617288135592
3,0.09140348728246318
4,0.11362988834951457
5,0.11694153712871287
6,0.1589137904124861
7,0.1614589603174603
8,0.18524144999999997
9,0.20675328879310345
10,0.21074219540229885
11,0.25211912027491407
12,0.2545136892361111
13,0.2788555587121212
14,0.3010838118609407
15,0.30927047291666665
16,0.34833353286384977
17,0.352753269047619
18,0.37436798373983743
19,0.4042358879781421
20,0.4101086222222222
21,0.457283006060606
22,0.4633513888888889
23,0.5071465850340138
24,0.5298835423728814
25,0.553661
26,0.5846948679245283
27,0.5966722345679012
28,0.6528150748299321
29,0.6950847703703703
30,1.0157458222222222
31,1.2200464266666666
32,1.2635801527777777
33,1.2142969466666669
34,1.1493791333333332
35,0.9598016733333333
36,0.9944349032258064
37,1.0156783548387098
38,1.089560125925926
39,1.1160580697674416
40,1.1549903209876544
41,1.5866939444444446
42,1.4235882878787878
43,1.3565762028985506
44,1.3500743523809522
45,1.356348875
46,1.6281749122807017
47,1.9505236458333333
48,1.9491647708333333
49,2.0422505333333336
50,2.091716688888889
51,2.015450977777778
52,1.9912067638888888
53,1.8255769803921569
54,1.8348866666666666
55,1.866124137254902
56,1.9053942916666666
57,1.9447542083333333
58,2.0062837916666667
59,2.034392177777778
60,2.084552733333333
61,2.1508664666666673
62,2.1945002878787876
63,2.220080619047619
64,2.2664203809523813
65,2.301968142857143
66,2.3573989487179485
67,2.6685531111111107
68,2.9093583636363634
69,2.804454363636364
70,2.750738361111111
71,3.0501526
72,3.1013623
73,3.136710833333334
74,3.039893433333333
75,3.0139330909090907
76,2.8268156363636368
77,3.2555485666666666
78,3.2545898333333336
79,3.4137062962962967
80,3.3236635952380955
81,3.0259264333333333
82,3.0786582727272727
83,3.422709111111111
84,3.6482267777777784
85,3.668271703703704
86,3.5521150370370367
87,3.373240555555556
88,3.3659138518518525
89,3.4217403703703706
90,3.436745518518519
91,3.4923653703703703
92,3.8422755833333335
93,3.6766177777777775
94,3.636882148148148
95,3.6846134074074075
96,4.007948708333334
97,4.034257083333333
98,3.9986250833333328
99,4.3316760952380955
100,4.373550714285713
