1,0.0602259103992572
2,0.07535992277115273
3,0.0872140026507621
4,0.1036528086696562
5,0.10576210714285715
6,0.14523071371371374
7,0.14884898992950654
8,0.17461354958183992
9,0.1902560423076923
10,0.19306507133592737
11,0.23146260802469137
12,0.2349554938271605
13,0.26165080034722227
14,0.27549662499999994
15,0.2808801304347826
16,0.31827143125
17,0.32242282083333335
18,0.3481508513513513
19,0.36345219014084507
20,0.3674636261904762
21,0.4036448387978142
22,0.4079538110236221
23,0.43546600280112047
24,0.44883705747126434
25,0.45484166959064326
26,0.4912088113207547
27,0.49531751572327043
28,0.52171506
29,0.5359091666666667
30,0.542322532646048
31,0.5769316814814816
32,0.5806109703703703
33,0.5859239938271605
34,0.6009094465408805
35,0.6276382182539681
36,0.6621295569620252
37,0.6436914965986394
38,0.8472248867924529
39,0.7766705128205128
40,1.067785008245877
41,1.0162992555555552
42,1.0856356547619048
43,1.0539838620689654
44,1.1442132222222223
45,1.152574380952381
46,0.9773543225806453
47,1.2084113333333333
48,1.1683797051282052
49,1.1091202558139535
50,0.8859132316384181
51,0.8869660925925926
52,1.22795736
53,1.190572076923077
54,1.0873938571428572
55,1.3986933333333336
56,1.3479068550724638
57,1.2640982222222221
58,1.22269696
59,1.5084258833333333
60,1.4870595873015873
61,1.4142513333333333
62,1.3055120289855073
63,1.6183799473684213
64,1.5632082999999999
65,1.6365537368421053
66,1.5556090666666667
67,1.6906678888888889
68,1.7359253518518518
69,1.5991772807017544
70,1.5100727333333335
71,1.419954196969697
72,1.7524630925925926
73,1.6481602280701755
74,1.5028388
75,1.3846113333333334
76,1.9279705625
77,1.9338623125000003
78,1.810597294117647
79,1.699847962962963
80,1.5485833166666667
81,2.0498457777777777
82,2.0508082222222224
83,1.9905455
84,1.8361508823529413
85,1.7844459999999998
86,2.170914380952381
87,2.0069769777777777
88,1.9180079166666666
89,2.232919952380952
90,2.2459672857142854
91,2.097206888888889
92,1.9305812291666666
93,1.8432593725490194
94,2.3541258205128206
95,2.183517785714286
96,2.0729015777777775
97,1.856615745098039
98,2.2869688809523807
99,2.4761778461538464
100,2.489182205128205
