1,0.10805961465721041
2,0.08360113873542051
3,0.12792503713768116
4,0.1472454263803681
5,0.15147846051282052
6,0.20858021082621084
7,0.21290505603448273
8,0.25465593401015224
9,0.2734441941391942
10,0.27968697392923647
11,0.3360606756756757
12,0.341342740990991
13,0.3761739227642277
14,0.4053790564516129
15,0.42293686440677974
16,0.4710439846153846
17,0.5389464502923976
18,0.7543915250000001
19,0.7770853333333333
20,0.8330498093869732
21,0.6829790075757576
22,0.6925437053140097
23,0.7708268360655737
24,0.8034935791723926
25,0.8665946035714286
26,0.9178240130718953
27,0.9628907307526882
28,1.0303628222222223
29,1.0563992370370372
30,1.1249140864197529
31,1.1812291923076923
32,1.2226370800000002
33,1.2834026216216214
34,1.3277409710144927
35,1.4189870151515154
36,1.4185058181818182
37,1.4818833437499999
38,1.5936866833333336
39,1.5980738771929826
40,1.6442105747126436
41,1.7019332407407408
42,1.7458197777777777
43,1.8071110196078433
44,1.8410588399999999
45,1.9051242708333334
46,1.9813179999999997
47,2.248594928571429
48,2.3170461282051282
49,2.3626964871794875
50,2.422703871794872
51,2.4747165641025646
52,2.5248760555555556
53,2.479568
54,2.473692717948718
55,2.428377564102564
56,2.74410996969697
57,2.6641681388888894
58,2.695082583333333
59,2.898279
60,2.9618343030303027
61,2.8485753636363635
62,2.8879988787878785
63,2.8477843939393934
64,2.889694575757576
65,2.9561843333333337
66,3.0060996333333336
67,3.0520555
68,3.107970766666667
69,3.156926733333333
70,3.3444895476190477
71,3.2561977666666664
72,3.3208219333333338
73,3.3740062962962964
74,3.422663370370371
75,3.473088851851852
76,3.5282822222222223
77,3.6313824814814817
78,3.929799291666667
79,3.797760541666667
80,4.034981166666666
81,4.088594375
82,3.9482776666666672
83,3.9736645416666665
84,3.9319429583333334
85,4.322433857142857
86,4.370228
87,4.254070208333332
88,4.175312166666667
89,4.22890925
90,4.293153696969697
91,4.340430809523809
92,4.4127719999999995
93,4.747664428571428
94,4.798506874999999
95,4.538041000000001
96,4.593549523809523
97,4.6583881428571425
98,4.812314714285715
99,4.741970904761905
100,4.817147428571428
