1,0.038023822980105565
2,0.05359512388250319
3,0.056886883215130024
4,0.042019604209097075
5,0.04063308918277382
6,0.0454950700778643
7,0.07401481899943789
8,0.0664080358974359
9,0.06077709698558322
10,0.0661907517934003
11,0.07135288804071246
12,0.07605358855885588
13,0.08122602530253026
14,0.08634292394533571
15,0.09153000619578687
16,0.09584394166666667
17,0.10148550365934796
18,0.10658001607267645
19,0.111090688172043
20,0.11686355327245053
21,0.12132851886066205
22,0.12765014967637542
23,0.13084429323308272
24,0.13697096866840733
25,0.14206530734767023
26,0.14593271336996338
27,0.15308992795389048
28,0.1556418357348703
29,0.16155609325396825
30,0.1660313773006135
31,0.17067660635964912
32,0.1765393443708609
33,0.1814575408388521
34,0.18687665419501134
35,0.1909510107913669
36,0.1957837026378897
37,0.20154771916971917
38,0.2052939315920398
39,0.21138752798982186
40,0.2157231515151515
41,0.2210566706827309
42,0.22669108539944902
43,0.23110716528925618
44,0.2360848888888889
45,0.24027840115440116
46,0.24582498830409352
47,0.25117264275037365
48,0.25562739143730884
49,0.26161068231611895
50,0.26545306635071086
51,0.26973198237179485
52,0.2749697154471545
53,0.28069828
54,0.2861128358714044
55,0.2905050910652921
56,0.2948553211805556
57,0.300350430335097
58,0.30589711290322585
59,0.3108661413043478
60,0.31520345488029466
61,0.3199950949720671
62,0.3248593505747127
63,0.328836429118774
64,0.3350099376218324
65,0.34004444642857146
66,0.3442183534136546
67,0.3491110654396728
68,0.3533252898550725
69,0.35924587708333333
70,0.3629026962025316
71,0.3464951237113402
72,0.3730039063180827
73,0.3777164802631579
74,0.38175310585585587
75,0.3873419864864865
76,0.3941969297052154
77,0.39692790574712644
78,0.4040465625
79,0.40613761032863854
80,0.38820136781609194
81,0.39287732945736437
82,0.4200427761557178
83,0.4269851580246914
84,0.43054004477611935
85,0.4107314471544716
86,0.4393428167938931
87,0.4440819396325459
88,0.4234676208333334
89,0.5351662869198313
90,0.46093360517799353
91,0.4639864623655914
92,0.4419298701298701
93,0.4722454490358127
94,0.47696127823691453
95,0.48087614159292036
96,0.46042303153153147
97,0.4955781836158193
98,0.5002909626436782
99,0.473430751173709
100,0.5066727573099415
