1,0.1307083276515152
2,0.10975389448441247
3,0.16520703229527106
4,0.19761611156462586
5,0.2037334480874317
6,0.2842050623781676
7,0.29012177777777776
8,0.35215897701149423
9,0.3867269560723514
10,0.420948631111111
11,0.5890688928571428
12,0.53063029390681
13,0.6296456540084387
14,0.6686673687943263
15,0.758358455026455
16,0.8454365740740741
17,1.0612192444444444
18,1.1396711349206348
19,1.0578803555555556
20,1.1566750476190477
21,1.24264876
22,1.3119163472222222
23,1.402819878787879
24,1.4751470634920636
25,1.5662118666666667
26,1.7270244444444445
27,1.7366742469135805
28,1.8094262745098038
29,1.9379726666666668
30,2.231854761904762
31,2.322215717948718
32,2.4013191794871793
33,2.4906457692307695
34,2.430813282051282
35,2.4292162051282054
36,2.731377363636364
37,2.7063468333333334
38,2.6801503611111106
39,2.6935293055555554
40,2.7824737878787875
41,2.9537344545454545
42,3.2191829666666667
43,3.2240027666666666
44,3.1836099
45,3.1851508666666666
46,3.5527293333333327
47,3.63613262962963
48,3.559890407407407
49,3.600259962962963
50,3.8924947916666666
51,3.8200532083333334
52,3.8212599166666665
53,3.837873916666667
54,3.917331166666666
55,4.140858916666667
56,4.097536791666667
57,4.155223208333333
58,4.22975275
59,4.306061095238095
60,4.487192285714285
61,4.471964571428572
62,4.557207095238096
63,4.633478285714285
64,4.718941714285715
65,4.8059560476190475
66,4.985438952380953
67,4.965578666666667
68,5.039027476190476
69,5.123554722222223
70,5.210381055555556
71,5.360236666666667
72,5.395394777777777
73,5.458596388888888
74,5.5292101111111105
75,5.713024611111111
76,5.69999111111111
77,5.770771555555556
78,5.865060277777778
79,5.940353
80,6.024223041666666
81,6.096180266666668
82,6.432771533333334
83,6.350223666666667
84,6.657410733333333
85,6.547519666666667
86,6.823043266666666
87,6.703002333333333
88,6.780370800000001
89,6.769413133333333
90,6.860496599999999
91,6.942565733333334
92,7.155427466666667
93,7.0961032
94,7.1796055333333335
95,7.261457733333333
96,7.3415674000000015
97,7.4275248000000005
98,7.510347933333334
99,7.5852759999999995
100,7.671593166666667
