1,0.005069917695560253
2,0.006472306660049994
3,0.006478490407527755
4,0.0064853588695534875
5,0.006495868431744313
6,0.006498046823895121
7,0.007293631852002165
8,0.006515372999397983
9,0.006510517044375083
10,0.006520298775304208
11,0.006521468755967808
12,0.0065206281597504755
13,0.006521776624567121
14,0.00652847037701033
15,0.006538993026726359
16,0.006535840599046969
17,0.006539191418873046
18,0.006552418514973336
19,0.0065303206636807805
20,0.0065455774575613095
21,0.006537721016764346
22,0.006504121561565643
23,0.006482540380192125
24,0.0064897506592292075
25,0.006465263270397844
26,0.006469886727518594
27,0.006468763025606469
28,0.006484060770668883
29,0.006471625313166313
30,0.006483562085467782
31,0.0064642754519697795
32,0.006474393718592965
33,0.006460906382547616
34,0.006427380750979986
35,0.0064265024648358995
36,0.006420557522360166
37,0.006422727708916433
38,0.006418476059350355
39,0.006417777264820019
40,0.006424416693668152
41,0.006361064842598793
42,0.00638477692767087
43,0.006344858500660503
44,0.00633092800816219
45,0.006343982735774026
46,0.006347500502313284
47,0.0063473771007013366
48,0.006349759012166094
49,0.006364013308921438
50,0.006367387982235186
51,0.006377802981712164
52,0.0063900271149241825
53,0.006398379467007059
54,0.00643458363277394
55,0.006471984079355427
56,0.006459873154149524
57,0.006601476622049888
58,0.006666528919860626
59,0.006994735657592839
60,0.007269757300029736
61,0.007262110751706909
62,0.00750942455308565
63,0.00762951504100479
64,0.007630992160153264
65,0.0076224220222045995
66,0.007631414866904475
67,0.007628327057590444
68,0.007626780691607186
69,0.007623845540091731
70,0.007629111354265778
71,0.007624994479847062
72,0.007637538823715918
73,0.007636508063492064
74,0.007636270775930327
75,0.007636562530483194
76,0.007635118850246152
77,0.007630142691819911
78,0.007633975843497544
79,0.007632088213379834
80,0.007622425597783056
81,0.00763706544548761
82,0.007632143175026452
83,0.0076368843713153925
84,0.007629943064133015
85,0.007617908566682488
86,0.007618953541435588
87,0.0076186952222749545
88,0.007621139627575276
89,0.00762700459369555
90,0.007634541641578199
91,0.0076377819466497306
92,0.0076314875791640285
93,0.007635884113951602
94,0.007629510069719539
95,0.007642042208904111
96,0.00763229220038047
97,0.007625894093428345
98,0.007635801318584948
99,0.0076326855067155065
100,0.00762642563065207
