1,0.005082795837768789
2,0.006191891624464356
3,0.006497249493645752
4,0.006491896445978879
5,0.006501826735218508
6,0.00649297130193531
7,0.006466926263758664
8,0.006381464000648088
9,0.006340350039635355
10,0.006422751400560225
11,0.007616108033459595
12,0.0076205290342974555
13,0.0076170919946262055
14,0.007622691086130463
15,0.007621548110211212
16,0.007627924384627601
17,0.007630709646480659
18,0.007830418959804289
19,0.008758852662668121
20,0.008798097820536203
21,0.008831089432753887
22,0.008905603096032628
23,0.008905145715080689
24,0.00889850197039778
25,0.008902215633672526
26,0.00889260922437673
27,0.008938418364511948
28,0.009442180479041915
29,0.010188690845132032
30,0.010170874973611991
31,0.010172325692242653
32,0.010164173007820758
33,0.010177296806935928
34,0.010176327884615385
35,0.010175501468723584
36,0.011318624701475065
37,0.011381331518151815
38,0.011474284854969092
39,0.011507741582874752
40,0.011470481266294226
41,0.011506412976813762
42,0.01149834125774178
43,0.011498450572109655
44,0.011885655687931932
45,0.01256008661726509
46,0.01261117500652912
47,0.012733312401055408
48,0.012731857295514513
49,0.01367236330621684
50,0.0140220529010734
51,0.014183268662952648
52,0.015257309889280323
53,0.01543513675949367
54,0.016506648054607505
55,0.01772018886297376
56,0.01780641453317675
57,0.0187518088162762
58,0.01911285847826087
59,0.019165453924598272
60,0.019368243112701255
61,0.019752409256886608
62,0.020111638667929293
63,0.020270616518424392
64,0.020335942715886617
65,0.02040289531554977
66,0.020909848074494954
67,0.021346841501322756
68,0.02150529389671361
69,0.021627622877192984
70,0.021691815998568356
71,0.02167474098756906
72,0.021749869691535154
73,0.022154194152661066
74,0.022540757876474672
75,0.022749363440111418
76,0.022844144195804196
77,0.022842351212751213
78,0.02293932049122807
79,0.023088624558303888
80,0.023523626169590642
81,0.023896818745188605
82,0.024098823604240285
83,0.024146650145454546
84,0.02424202974452555
85,0.024286908602941176
86,0.024582106300072827
87,0.024908875964630223
88,0.025258492346153853
89,0.025420567427536237
90,0.02545622473802395
91,0.025603908084947842
92,0.025847283164852256
93,0.026154421011058453
94,0.02649348371059014
95,0.026678605731990705
96,0.02679255489949749
97,0.026880373833757427
98,0.027097415739983644
99,0.02713578268199233
100,0.027415461841070025
