1,0.005095411926020408
2,0.005225498607893828
3,0.006205770998459374
4,0.006484352280086346
5,0.006509691831481983
6,0.006512824037679587
7,0.006487831946890665
8,0.0064866129633507855
9,0.006491688404226496
10,0.006495776130198917
11,0.006484595018275349
12,0.006444551291413117
13,0.006390767900829058
14,0.006357551234567902
15,0.006386002500997738
16,0.006427212929306428
17,0.0066078290715164785
18,0.007350043332828818
19,0.007629266167142406
20,0.0076345993004769495
21,0.007636198062877103
22,0.007637127669053301
23,0.007636437887212075
24,0.007628370855784468
25,0.007638892440844847
26,0.007637644335875438
27,0.007628075400475812
28,0.007633080213946118
29,0.007643330640292341
30,0.0076809326221939185
31,0.008648915151245553
32,0.008787473755697358
33,0.008807168076148637
34,0.008849200340323767
35,0.008860145746639661
36,0.008873012628960944
37,0.008917678349626222
38,0.008908886085428995
39,0.008916048504016606
40,0.008916807157407407
41,0.008933950491286615
42,0.00893175406006674
43,0.008936470003707824
44,0.008937551947329377
45,0.00894951915723037
46,0.008988436667286936
47,0.00923101897867936
48,0.009733930067838608
49,0.010221268109652838
50,0.010224874156746031
51,0.01021697889218386
52,0.010217399597628123
53,0.010222446799539599
54,0.010197720435794373
55,0.010208384016528925
56,0.01022616976127321
57,0.010220566479559417
58,0.010219753648705981
59,0.010208429506982652
60,0.01022613949321459
61,0.01138183995544003
62,0.011440606425178149
63,0.01144432703087886
64,0.011472636550821234
65,0.011514828757926148
66,0.011496135743211055
67,0.011496096581705575
68,0.011497309616757915
69,0.01149574919047619
70,0.011503372484100263
71,0.011498033202380954
72,0.0115013981573942
73,0.011527137810114505
74,0.011999655453431372
75,0.012468796507447354
76,0.01256678153866113
77,0.012581949176039758
78,0.012661202504589563
79,0.012715512582345188
80,0.012725290484976276
81,0.012767461735908973
82,0.013088054922910469
83,0.013679617262970168
84,0.013790510572576267
85,0.01406407786503781
86,0.014129921924475614
87,0.014484667879417877
88,0.01526828914016416
89,0.015375711982813494
90,0.015483853598580843
91,0.016357584108382124
92,0.016565785873287667
93,0.017143514166666665
94,0.017832211931818182
95,0.017889218299445467
96,0.018035188226527568
97,0.018885337836782506
98,0.019124509814375985
99,0.019167202245145634
100,0.01916415663990117
