1,0.0028230194298091557
2,0.0028325899244559024
3,0.0028250184879138975
4,0.002842128392773069
5,0.002819281279164723
6,0.0028251554908192084
7,0.0028043654030654036
8,0.0028314380004710316
9,0.0028712296331305015
10,0.002820430611825495
11,0.002820674880130979
12,0.0028279200477256657
13,0.0028427450877398907
14,0.0028123861213720314
15,0.002847274037426761
16,0.0028375573329026196
17,0.002812625938157587
18,0.0028224704020454942
19,0.00284277860001177
20,0.00283464763123823
21,0.002819972308094602
22,0.0028571688748901263
23,0.0028645850889112067
24,0.0028277878359053805
25,0.0028448542537489667
26,0.0028427668598834817
27,0.002845511832128373
28,0.0028371160317831275
29,0.0028496668373993368
30,0.002867813493897381
31,0.0028305055262534073
32,0.00287554190905853
33,0.002851325
34,0.002860255933451119
35,0.0028274829743681028
36,0.0028310409306547967
37,0.002828070182738754
38,0.0028320513450533894
39,0.0028182578355793564
40,0.0028228791656894937
41,0.0028305840046063905
42,0.002851660716414352
43,0.002832142584495392
44,0.002848117154490735
45,0.002847806315165877
46,0.0028194096333489026
47,0.0028339135371949426
48,0.0028141471352954865
49,0.002817345153046237
50,0.002855439067647059
51,0.0028415932712579062
52,0.0028176730422831745
53,0.0028450604621234276
54,0.0028363095367365003
55,0.002820119458906113
56,0.002842231103865586
57,0.0028244578961345527
58,0.0028153231370718324
59,0.0028151749045184794
60,0.0028275738088252554
61,0.002848339906758522
62,0.0028234720831864647
63,0.002821874770397583
64,0.0028237097292376366
65,0.002850231346345466
66,0.0028217421698446326
67,0.0028307093500469704
68,0.0028598489604252813
69,0.002811078375762553
70,0.002843805407079646
71,0.0028398899598156245
72,0.0028419496017229175
73,0.002842959160170092
74,0.0028351640302654137
75,0.002829764197421339
76,0.002822071599577514
77,0.0028261104646357302
78,0.0028428788127129595
79,0.0028271942731407642
80,0.002829090742800281
81,0.0028241665147326943
82,0.002839623640536723
83,0.0028210896402496464
84,0.002825862412205631
85,0.0028159365973036334
86,0.0028251297151768375
87,0.0028332381512703422
88,0.002837384880924449
89,0.002853520692320178
90,0.0028550116498778084
91,0.0028383592539074015
92,0.002843777729910322
93,0.0028414427818881324
94,0.002834572565952916
95,0.002817960280484204
96,0.002832151315017025
97,0.0028178897663222167
98,0.0028653139441639445
99,0.002820103182270625
100,0.0028422235594413796
