1,0.002810116410614525
2,0.002825456804456171
3,0.002847907690263919
4,0.002820965467796409
5,0.002841198123816288
6,0.002837354747931217
7,0.002827142779931853
8,0.0028215998351971746
9,0.002804488502689779
10,0.002833385359699566
11,0.0028220658397281936
12,0.0028178778576224283
13,0.0028323944111776442
14,0.0028273996058505338
15,0.002810884437810357
16,0.0028227670764139237
17,0.002848916130169173
18,0.0028337115779534993
19,0.002836355064294522
20,0.00283325732364659
21,0.002847618377493128
22,0.002832693846472293
23,0.002810295518923366
24,0.002832416863172787
25,0.0028264380613202016
26,0.00284079241466128
27,0.0028245346185885993
28,0.002854588044121126
29,0.0028095935366568912
30,0.00285472344110172
31,0.0028188948581456563
32,0.002831787699115044
33,0.0028407959392509593
34,0.002817866070270263
35,0.002830390347001296
36,0.0028335804488703927
37,0.002838185270357922
38,0.002821494992083504
39,0.0028418782381595164
40,0.0028292789204981406
41,0.002840454861727956
42,0.0028105266470588234
43,0.002828590237172714
44,0.002838723261701501
45,0.002815317131008703
46,0.0028516532737706936
47,0.002830796833888792
48,0.0028155647460708423
49,0.002830588185072175
50,0.0028566382406483054
51,0.0028500038918982573
52,0.002820986645074697
53,0.0028169368881837942
54,0.0028371125669235746
55,0.002833487072277052
56,0.0028240656637319186
57,0.0028130581854791644
58,0.0028285618085604025
59,0.0028267940889593985
60,0.002816258267439817
61,0.0028183792778788057
62,0.0028547644144674834
63,0.0028499601137502214
64,0.0028433792803164485
65,0.0028211679874655888
66,0.002838110009971844
67,0.0028377832276623226
68,0.0028269362322247034
69,0.0028182949739324003
70,0.002856629034341062
71,0.0028265699197308623
72,0.002822350692854207
73,0.0028187009616519173
74,0.0028420620701837024
75,0.002828722046160155
76,0.0028443924724819505
77,0.0028215882890560715
78,0.0028422550321136057
79,0.0028579323501398894
80,0.002843018831590761
81,0.0028420738824250684
82,0.0028231654006213003
83,0.0028437423580014148
84,0.0028256645994604733
85,0.0028149963743033146
86,0.0028462407326697694
87,0.0028554663842306565
88,0.0028526324371815144
89,0.0028533836315110276
90,0.002856572873813874
91,0.002852977886736215
92,0.002840637962257516
93,0.002819445487533653
94,0.002870570959730353
95,0.0028209066047714185
96,0.0028187417068013627
97,0.0028455444310496914
98,0.0028298921960553426
99,0.0028578935497100004
100,0.0028234003151879346
