1,0.031182854061624653
2,0.04196521287444232
3,0.030599731261924227
4,0.03136022930648769
5,0.031029301916932914
6,0.03104489427662957
7,0.03316408326277167
8,0.03544749504057709
9,0.03789642373923739
10,0.040085577975601715
11,0.042703163684559314
12,0.04529290440386681
13,0.04750046016081872
14,0.050300836879432625
15,0.052463368071818894
16,0.054821785087719295
17,0.05746429447852762
18,0.05914924905183312
19,0.061421619426048575
20,0.0640704591111111
21,0.06647466482504603
22,0.06871159789875834
23,0.07140679883381924
24,0.07364007312153303
25,0.07564978880407124
26,0.07865158876523583
27,0.08079662486248625
28,0.08283085433715222
29,0.08507911725293132
30,0.08732278707482993
31,0.09003288224956064
32,0.09233879129397735
33,0.09483885993883792
34,0.09744307102803737
35,0.09993277627337202
36,0.10160407105943153
37,0.10475734475806453
38,0.1068801569023569
39,0.10900541062801933
40,0.111847179594689
41,0.11472708932461875
42,0.11612530355846043
43,0.11872056217807211
44,0.12118312648809523
45,0.12359048148148148
46,0.12609475736434106
47,0.12948566910569106
48,0.1309700128514056
49,0.13327775121951219
50,0.13527055773955773
51,0.13832967938931298
52,0.14038766581415174
53,0.1426619939862543
54,0.144983012345679
55,0.1476687262222222
56,0.14845206846846848
57,0.15141791689497716
58,0.15391867409470752
59,0.15630312394366194
60,0.1587950284090909
61,0.16114333914728682
62,0.16296051005291004
63,0.1650071911111111
64,0.16791724007936507
65,0.17019611991869918
66,0.17287017964693666
67,0.17618876310272538
68,0.17805095104166666
69,0.18099094994675183
70,0.18214092384105962
71,0.1857873783783784
72,0.18725865886287626
73,0.18953341583054628
74,0.1917522551020408
75,0.19425305594405595
76,0.19656984536082472
77,0.19822220892018783
78,0.2016617216248507
79,0.20349608482676224
80,0.20596669444444443
81,0.20885224908424907
82,0.2108347326007326
83,0.21364035945273632
84,0.2163567300380228
85,0.21747571825396828
86,0.22062997564102563
87,0.2233934370946822
88,0.22436080680272108
89,0.22745224867724867
90,0.23026197991967873
91,0.23189052108843536
92,0.23474544125683058
93,0.23676048484848486
94,0.23957539142461962
95,0.2421560618846695
96,0.22963838321995467
97,0.3555593663911846
98,0.30626338494623656
99,0.2509944672489083
100,0.23804478169014084
