1,0.002858620675987585
2,0.002884022221548536
3,0.0028892069010025816
4,0.0028760647368737957
5,0.002871759262954229
6,0.0028698066139011057
7,0.0028707798644605894
8,0.0028708459980771547
9,0.002865026990989901
10,0.0028538889974892394
11,0.00285940223544049
12,0.0028599513736591183
13,0.002859226923290953
14,0.0028774638272727276
15,0.002871958847510957
16,0.0028806033598850096
17,0.002886372989387155
18,0.0028868442550619524
19,0.002864028128701954
20,0.0028688383729411045
21,0.002878963744333636
22,0.0028621491946467692
23,0.0028709494561276285
24,0.002878760254691689
25,0.0028788523552502453
26,0.002870893001456134
27,0.002878239173755279
28,0.002865472688546229
29,0.0028908194034189174
30,0.002888088154829461
31,0.002877713637199608
32,0.002883061546064454
33,0.002853870467417874
34,0.0028903907137720246
35,0.0028501440834287784
36,0.0028831816755814648
37,0.0028726050035782448
38,0.0028777858325307
39,0.002889220816547412
40,0.0028556535705243865
41,0.0028804470006587317
42,0.002883183259883984
43,0.0028767031553398065
44,0.0028943894760861625
45,0.0028842824062218064
46,0.0028844976243864004
47,0.0028591757831104604
48,0.0028719328137320316
49,0.002862370077232291
50,0.0028591453952826838
51,0.002857940970390794
52,0.002896953076614474
53,0.0028983292939146546
54,0.002886362959725069
55,0.002887960344530213
56,0.0028676488549850775
57,0.0028909952328700322
58,0.002872291400313593
59,0.0028474431377874345
60,0.0028545901190693153
61,0.0028415494051195773
62,0.002850890784516286
63,0.002855734095402867
64,0.0028541918533001543
65,0.0028654734350862018
66,0.0028741359431256486
67,0.0028931581751296333
68,0.0029056499648953725
69,0.0029134900352733688
70,0.002932543240460327
71,0.002937240095447397
72,0.002946316072742885
73,0.0029549747636296664
74,0.0029637106190593754
75,0.0029649450469526792
76,0.0029788067770037618
77,0.0029897709237554277
78,0.0031458572472471474
79,0.0032231656772908363
80,0.0032300716722074474
81,0.003275401322875993
82,0.003276035261437909
83,0.003304267334944524
84,0.003318202840208305
85,0.0033230491510919426
86,0.003326245231501993
87,0.0033378209498934634
88,0.0033393442749931144
89,0.0033472543482765773
90,0.003359084863497782
91,0.003364391147495491
92,0.003386258112628938
93,0.0034023570417751614
94,0.0034312425328009133
95,0.0034400553273060195
96,0.0034558779781057153
97,0.0034669441262704676
98,0.003474884677536657
99,0.0034830635362158827
100,0.003491020716701447
