1,0.0029076052641221375
2,0.0029315605377008653
3,0.0029350045920291676
4,0.0029177834917655607
5,0.0029116957765335924
6,0.0029003451020408163
7,0.0029346956763153104
8,0.002899443721258201
9,0.002911541232081067
10,0.002911894558851469
11,0.0029134582776585965
12,0.002909539486724581
13,0.0029033758951754122
14,0.0029260057430493787
15,0.002926479131159689
16,0.002917745153527477
17,0.0029199910552854835
18,0.002919438047586644
19,0.002925733015255389
20,0.002901883759521219
21,0.0029181982456140355
22,0.0029102602759322536
23,0.002934135853069116
24,0.0029101609898288267
25,0.0029089917072419105
26,0.0029208373328476044
27,0.002931754042450263
28,0.0029136661469656507
29,0.002918418473714652
30,0.0029191837903149846
31,0.0029156833540991776
32,0.0029153077431337917
33,0.0029196179200048564
34,0.00292174821065599
35,0.002931456107378488
36,0.0029065118180707436
37,0.0029102405151475957
38,0.0029200627801014563
39,0.0029191163842153564
40,0.002930095316509837
41,0.0029101017427258812
42,0.0029238453209375057
43,0.002920208448881065
44,0.002909075271455739
45,0.002921628456932011
46,0.002905781215931615
47,0.0029222061636263127
48,0.0029032507180557264
49,0.0029067849681551254
50,0.0029143192940666953
51,0.0029276604288132405
52,0.0029068651337689558
53,0.002931243018307825
54,0.00291402556227845
55,0.0029074682165056306
56,0.0029128038343462187
57,0.002911936601822841
58,0.002918556533790097
59,0.0029214457322606006
60,0.0029146104886698322
61,0.002895343895188477
62,0.0029104595543510995
63,0.0029093328049076776
64,0.00292156505979534
65,0.0029135616181949282
66,0.002911201852286466
67,0.0029262837873489174
68,0.002924927724037233
69,0.0029197362974296205
70,0.0029220072793476907
71,0.002913751835203745
72,0.002919216663624749
73,0.0029362597948686168
74,0.0029217909321826423
75,0.002920542770895896
76,0.002905068392749245
77,0.0029221416202906063
78,0.002930722782801365
79,0.0029224654797138983
80,0.0029119714961151604
81,0.002916326583215144
82,0.0029243807720588234
83,0.0029153716075224424
84,0.0029224315892063106
85,0.0029179725573431304
86,0.0029224749026408666
87,0.002918542162309236
88,0.002914750090789556
89,0.0029103465376971805
90,0.002934831631792951
91,0.0029160563257750053
92,0.002935466662629444
93,0.0029161055093300703
94,0.0029058716679919256
95,0.0029073185583941607
96,0.0029045960458558115
97,0.0028988172505436094
98,0.002900621273721059
99,0.0029230542684386975
100,0.0028905455011040237
