1,0.0036915822445972492
2,0.004249793128096249
3,0.0053226149802241265
4,0.005353218351158646
5,0.005786703958774802
6,0.0066810291538998675
7,0.006810479308390022
8,0.007849839092727977
9,0.008000677402626598
10,0.008206176236676686
11,0.008616662181505867
12,0.009630679493087557
13,0.009818740548964406
14,0.010236024528000001
15,0.012062865756602426
16,0.012410646428571427
17,0.012506677821969696
18,0.013530155033277869
19,0.013934392127236581
20,0.01416414841972187
21,0.015271804238717837
22,0.015653105793896508
23,0.01591822649202734
24,0.016901489276869738
25,0.017540718024632876
26,0.017553459659356042
27,0.01900113381885593
28,0.01903564570680628
29,0.01957248615269461
30,0.020814209093319196
31,0.0213127215780543
32,0.02160880090609555
33,0.022640106529517
34,0.02323712482857143
35,0.02501346066513761
36,0.02457976440520446
37,0.025321742341729066
38,0.02598183793903247
39,0.0272172596817874
40,0.02758950903247632
41,0.02812745409215956
42,0.02898356543647977
43,0.029572477489331436
44,0.029780062065294537
45,0.03114002140107775
46,0.03154070785609397
47,0.03207900571797076
48,0.03255861075899845
49,0.03328695008032128
50,0.034034941242937856
51,0.034588276222397484
52,0.035512735275339186
53,0.035352794174757285
54,0.036520177919863596
55,0.037105008635578585
56,0.03788493468858131
57,0.03824918051890941
58,0.03865491426678445
59,0.03925339742679681
60,0.04016167728110599
61,0.042577483132530125
62,0.04114684574074074
63,0.04171383752446184
64,0.042314506583969465
65,0.04283445480307396
66,0.04346377568627451
67,0.044608620166015626
68,0.04429918726082578
69,0.045277087018255585
70,0.04618523329949239
71,0.04688940935550935
72,0.04727717139852786
73,0.0480604194117647
74,0.0486963951995685
75,0.048896737995712744
76,0.05062145548245613
77,0.050123240549450554
78,0.051180095016797315
79,0.05129542226066897
80,0.05209825457142856
81,0.05337485276816609
82,0.05320227324355973
83,0.0545375016090584
84,0.05464617363304981
85,0.0557761740407674
86,0.056569074848116636
87,0.05701544806007511
88,0.05789817730210016
89,0.05771651457564575
90,0.05818814123134328
91,0.059438447977244
92,0.05940399917407878
93,0.06113376015424165
94,0.06054193073878628
95,0.062426451529255314
96,0.06161938944223106
97,0.06295562239512853
98,0.0630311570539419
99,0.06386369424898512
100,0.06483791211096075
