1,0.0037078127267119064
2,0.00490187027766518
3,0.005363344793713164
4,0.00607931203928716
5,0.007092627234945251
6,0.007482831671509405
7,0.00862082386655261
8,0.009008907119833388
9,0.010491753679931536
10,0.011103059286675638
11,0.011764540199509977
12,0.013022910362694299
13,0.013473596082089553
14,0.01429308557172557
15,0.015362906894997749
16,0.01688837845673506
17,0.016839995038866025
18,0.01727207402687674
19,0.018554990544707096
20,0.019478805053475934
21,0.02002340361979167
22,0.021087727142051864
23,0.02191533117715618
24,0.02289885182502897
25,0.0238705679113924
26,0.024380569064290262
27,0.02583930441567065
28,0.026272362919569345
29,0.027321068301104978
30,0.028394309357923492
31,0.028961943079710152
32,0.030370809969902185
33,0.030895009543413173
34,0.03243306348733234
35,0.03241777947615325
36,0.033311834855581576
37,0.03440525331695332
38,0.03496805049342105
39,0.036288579314946626
40,0.03994204235632184
41,0.03754872405172414
42,0.038848818643162385
43,0.03957115364298725
44,0.04053542575046904
45,0.04198428096153845
46,0.04302015296367113
47,0.04364765375865479
48,0.044343042715559965
49,0.045377366995841995
50,0.04714120884533898
51,0.047131874606505766
52,0.048439647885835095
53,0.0482052453613808
54,0.049548154424778765
55,0.05080236868686869
56,0.05178568898978434
57,0.05255962607954545
58,0.05378636561360875
59,0.05454078098086124
60,0.05555964747292418
61,0.05611904427527406
62,0.05716043401741293
63,0.05793032521739129
64,0.05903044293059126
65,0.0622202097027972
66,0.05973074332477537
67,0.06129630844327178
68,0.06182008335570469
69,0.06313523543624158
70,0.06355435164158688
71,0.06528668622589531
72,0.06535915956834532
73,0.06732118135714286
74,0.0668340681948424
75,0.06848802415565344
76,0.06901931920821112
77,0.07085045586053412
78,0.07157325692771084
79,0.0726559559090909
80,0.07278471592307692
81,0.07350792582677165
82,0.07488521601255888
83,0.0758419469096672
84,0.07702694951298701
85,0.07720332697262482
86,0.07825127346278317
87,0.07986342842975207
88,0.08015067041666667
89,0.08433444860465117
90,0.08200675749574106
91,0.08260184358752166
92,0.0836781103119584
93,0.08338773907342657
94,0.08627642358657243
95,0.08675229613309353
96,0.08692725947653429
97,0.08681846678832117
98,0.08921730586080587
99,0.08995937046296294
100,0.08996175019157088
