1,6.668105
2,11.394367
3,16.054441
4,20.436437
5,24.950306
6,29.916113
7,34.527229
8,39.244848
9,43.942948
10,48.382102
11,53.119236
12,57.801809
13,58.199025
14,67.362491
15,71.919967
16,76.686086
17,81.446282
18,86.044192
19,90.822935
20,93.134223
21,76.450921
22,105.00841
23,76.535797
24,114.287221
25,108.105607
26,114.871667
27,123.259581
28,90.190896
29,83.472293
30,81.983753
31,94.077109
32,85.882814
33,115.556616
34,100.560136
35,124.111426
36,137.264917
37,103.203145
38,133.944142
39,121.268401
40,92.006449
41,108.319582
42,114.882536
43,85.510912
44,143.011182
45,142.847878
46,114.589684
47,131.739934
48,132.380667
49,144.105211
50,100.923698
51,125.18778499999999
52,102.474507
53,107.233869
54,107.195864
55,136.349112
56,131.63535
57,144.098026
58,134.119938
59,115.939789
60,149.482272
61,120.108263
62,118.080212
63,152.565394
64,125.58633599999999
65,138.312613
66,142.206081
67,126.564247
68,146.267133
69,155.946329
70,150.591917
71,138.880886
72,159.607343
73,136.256447
74,162.549113
75,161.299544
76,141.897398
77,165.438553
78,152.937665
79,148.045306
80,156.809783
81,157.526688
82,167.281646
83,161.576501
84,174.212804
85,164.534775
86,162.897715
87,168.264665
88,171.460181
89,168.032693
90,169.861881
91,174.231422
92,176.208317
93,178.727691
94,176.264697
95,182.883621
96,181.049329
97,182.115574
98,193.049429
99,188.955268
100,191.085741
101,192.857607
102,195.213595
103,194.759128
104,198.143735
105,203.449653
106,202.281087
107,201.376424
108,205.718004
109,207.612707
110,208.890065
111,210.753428
112,213.753646
113,213.522175
114,216.626398
115,218.580032
116,219.774029
117,222.377344
118,224.810387
119,225.908761
120,228.42409
121,229.537376
122,229.800984
123,233.169244
124,235.11068
125,236.742779
126,237.317488
127,240.438658
128,241.883339
