1,9.8139115
2,18.286293
3,26.660697
4,34.87688
5,43.351143
6,51.473186
7,60.085615
8,68.674341
9,76.995738
10,85.565043
11,93.855424
12,98.815505
13,86.959884
14,105.207111
15,127.74415
16,110.554088
17,125.671241
18,137.353332
19,87.625868
20,123.374405
21,139.72785
22,131.45269
23,123.185393
24,131.851415
25,97.236972
26,122.341453
27,93.29757
28,143.968174
29,101.025124
30,103.833714
31,135.724874
32,111.499497
33,150.264116
34,147.103995
35,120.58136
36,123.906228
37,156.19832
38,143.086151
39,145.677908
40,154.856639
41,154.357004
42,144.481593
43,147.912838
44,150.545149
45,153.745421
46,150.302633
47,171.095399
48,163.209742
49,165.701464
50,175.919045
51,178.642889
52,181.467017
53,183.610059
54,181.6569
55,179.297235
56,182.519442
57,193.344183
58,196.209602
59,197.904593
60,200.974663
61,198.846293
62,206.089078
63,205.099767
64,208.198374
65,211.41489
66,218.117684
67,217.6203
68,224.93166
69,227.118127
70,232.218328
71,231.755187
72,234.802355
73,241.201222
74,244.012661
75,244.938425
76,248.422443
77,251.06344200000004
78,255.227649
79,257.188216
80,260.715076
81,263.535661
82,268.121763
83,271.18787
84,274.885506
85,276.418599
86,280.336877
87,283.683315
88,286.29748
89,293.159148
90,293.847265
91,296.707672
92,300.630152
93,303.669028
94,305.816261
95,309.862178
96,312.394006
97,316.55504
98,320.089989
99,324.102956
100,325.709038
101,329.161266
102,332.957467
103,336.393068
104,339.436714
105,343.151196
106,346.331848
107,349.001475
108,352.25072
109,356.399159
110,358.760577
111,363.352609
112,366.030399
113,368.98887
114,372.737997
115,375.262767
116,379.308514
117,381.169317
118,384.513046
119,387.581191
120,392.196984
121,394.323616
122,397.372988
123,400.599834
124,405.057185
125,407.402609
126,411.350481
127,414.259181
128,418.21484
