1,4.675989666666667
2,6.8739095
3,9.2431885
4,11.568795
5,13.873489
6,16.416333
7,18.799352
8,21.224803
9,23.532038
10,25.770827
11,28.539775
12,30.891964
13,33.291009
14,35.82445
15,37.961903
16,40.614761
17,43.108381
18,45.511018
19,47.789306
20,49.610431
21,53.31919
22,55.460387
23,57.83619
24,60.170253
25,62.493519
26,65.19013
27,67.629433
28,69.70476
29,64.206403
30,65.108986
31,71.414473
32,78.108262
33,69.560904
34,84.608545
35,86.703889
36,89.397802
37,92.020795
38,94.342538
39,83.069606
40,98.64685
41,102.246334
42,95.189444
43,79.176151
44,84.408905
45,80.95634
46,114.08702
47,116.657638
48,119.008508
49,85.380378
50,112.892175
51,113.817785
52,108.812696
53,83.481952
54,114.739579
55,116.470436
56,95.083939
57,102.900686
58,106.795025
59,90.261761
60,104.972956
61,104.905074
62,100.232683
63,114.410337
64,87.417944
65,91.563377
66,89.633797
67,105.967132
68,87.866827
69,117.053187
70,123.195455
71,124.397247
72,145.795979
73,110.126668
74,117.077887
75,143.653144
76,124.89542
77,143.859198
78,127.62305900000001
79,102.080271
80,111.498951
81,102.994833
82,100.892659
83,124.189134
84,145.447716
85,120.681126
86,98.998294
87,140.425039
88,101.319635
89,147.813012
90,103.998812
91,139.439471
92,121.353815
93,124.961282
94,128.931588
95,134.821369
96,130.312703
97,137.902043
98,113.689195
99,136.20911
100,111.563009
101,148.631793
102,114.009315
103,114.94201
104,117.000833
105,138.99932
106,118.508444
107,119.304646
108,151.960072
109,123.918347
110,122.944663
111,124.428578
112,124.871425
113,131.732149
114,132.847671
115,150.033743
116,156.558435
117,130.721913
118,151.000782
119,145.54713
120,157.825733
121,135.909938
122,136.7818
123,137.360828
124,159.568034
125,153.175424
126,141.186884
127,142.388608
128,146.674536
