1,2.3660138
2,3.3517789999999996
3,4.317360666666667
4,5.1894545
5,6.1582895
6,7.09007
7,8.1274455
8,8.955934
9,9.9451295
10,11.116489
11,11.899438
12,13.012297
13,13.946874
14,15.01926
15,15.881197
16,16.586873
17,17.611617
18,18.611939
19,19.618359
20,20.520547
21,21.861686
22,22.764145
23,23.783809
24,24.502423
25,25.26696
26,26.352145
27,27.406551
28,28.423789
29,29.346767
30,30.349904
31,31.458582999999997
32,32.02044
33,32.950968
34,34.004455
35,35.109861
36,36.120479
37,37.030063
38,38.04775
39,38.991575
40,39.780603
41,40.793152
42,41.866338
43,42.821679
44,43.860112
45,44.754346
46,45.811033
47,46.678417
48,47.504941
49,48.654959
50,49.395815
51,50.503421
52,51.553923
53,51.138808
54,53.500023
55,54.529251
56,55.391997
57,56.267017
58,57.268176
59,58.175253
60,59.145216
61,60.407745
62,57.786496
63,62.440616
64,62.99547799999999
65,64.055791
66,64.554775
67,64.940277
68,67.070401
69,68.055646
70,69.05764
71,70.167063
72,71.018382
73,68.659326
74,72.784004
75,73.739685
76,65.143941
77,67.158622
78,66.234481
79,77.693024
80,78.300937
81,79.772328
82,69.234827
83,81.717313
84,72.917187
85,83.59805
86,84.560542
87,70.01208
88,79.38568
89,87.341927
90,73.724019
91,71.679399
92,71.296513
93,71.934803
94,80.816797
95,93.223801
96,73.099687
97,90.395026
98,81.3158
99,97.010068
100,97.917589
101,99.337508
102,81.934419
103,92.479746
104,94.965036
105,103.028756
106,104.097448
107,105.109388
108,100.966829
109,107.059361
110,107.97849
111,108.980721
112,109.843016
113,110.594201
114,77.509946
115,104.670729
116,102.489542
117,114.506165
118,115.447133
119,110.583988
120,81.616891
121,78.875182
122,107.324493
123,113.420598
124,109.682251
125,122.505592
126,123.62503
127,80.568816
128,92.552066
