1,13.602212
2,23.948096
3,35.170716
4,46.130586
5,57.289921
6,68.343272
7,67.365192
8,82.225218
9,102.453172
10,107.890568
11,89.15317
12,128.307951
13,82.385722
14,136.446387
15,98.943932
16,138.863443
17,126.310862
18,131.666732
19,142.922902
20,123.388261
21,120.088282
22,137.466411
23,129.432178
24,147.466777
25,146.45558
26,151.386857
27,150.183461
28,148.729956
29,130.937677
30,142.740316
31,143.236213
32,141.360687
33,166.394168
34,169.236215
35,161.923597
36,166.202739
37,168.658318
38,173.785936
39,182.903922
40,189.642994
41,185.52236
42,189.385563
43,198.720757
44,197.667268
45,202.705372
46,206.228425
47,209.032515
48,213.881218
49,217.659658
50,223.660402
51,227.617745
52,232.88515
53,236.221291
54,240.179933
55,245.566218
56,249.622441
57,254.21759499999996
58,258.831811
59,262.189108
60,266.78098
61,271.052022
62,275.560755
63,281.59166
64,284.586439
65,289.119322
66,293.477684
67,297.780584
68,302.696786
69,307.932651
70,311.215376
71,315.873016
72,320.388736
73,324.661617
74,329.351474
75,332.899385
76,339.013005
77,342.592516
78,347.078559
79,351.304558
80,356.042328
81,361.238273
82,365.18679
83,369.67119
84,374.549305
85,377.799925
86,382.271853
87,386.892898
88,392.114806
89,395.926541
90,400.337219
91,404.890885
92,409.353367
93,413.445794
94,418.06437
95,423.727656
96,427.489991
97,432.334032
98,435.893522
99,441.041976
100,447.357421
101,449.492034
102,453.820862
103,458.356449
104,462.830541
105,466.569427
106,471.540758
107,476.495121
108,480.807591
109,484.135653
110,489.091226
111,492.687581
112,498.43457
113,502.893047
114,506.482297
115,511.481812
116,516.496055
117,519.954246
118,524.252154
119,528.610261
120,533.948659
121,537.269345
122,542.874132
123,546.2978
124,551.340524
125,554.990956
126,559.930077
127,565.685705
128,568.924351
