1,12.253137
2,22.873924
3,33.23616
4,43.784525
5,52.6205
6,64.932003
7,75.607481
8,86.119734
9,96.750918
10,77.826175
11,85.736254
12,128.5569
13,116.244554
14,82.331111
15,92.377951
16,95.306408
17,92.510754
18,95.894003
19,122.448477
20,118.414294
21,136.721825
22,143.2772
23,110.538898
24,104.562725
25,126.910843
26,112.704385
27,124.200467
28,121.465529
29,152.286044
30,151.549777
31,145.599759
32,129.925269
33,155.949027
34,146.97687
35,159.408533
36,167.185706
37,152.687551
38,162.425861
39,168.994545
40,161.104764
41,178.599228
42,176.701473
43,181.859825
44,184.419093
45,189.378734
46,190.7784
47,196.48769
48,194.382353
49,202.586658
50,207.404709
51,210.593381
52,215.320143
53,218.615397
54,222.515099
55,226.887474
56,230.997418
57,233.675128
58,233.704776
59,238.892197
60,241.605973
61,247.43682
62,251.30228799999998
63,253.54392000000004
64,259.127367
65,263.724175
66,267.373278
67,271.133932
68,276.159117
69,279.941532
70,283.931496
71,285.743203
72,291.956371
73,295.97423
74,297.729965
75,304.068117
76,308.968254
77,312.24863
78,315.628612
79,319.883549
80,325.270618
81,329.396242
82,333.136794
83,335.98005
84,341.211378
85,344.454903
86,349.321167
87,353.278844
88,356.456937
89,361.896238
90,365.161507
91,368.824339
92,373.363665
93,376.786549
94,382.102871
95,384.747383
96,389.598123
97,393.268506
98,397.255663
99,402.028814
100,406.423735
101,411.369338
102,414.547731
103,418.075841
104,422.465975
105,426.76939
106,431.718746
107,435.173348
108,439.308481
109,444.198055
110,448.518224
111,452.667255
112,456.238048
113,461.010432
114,463.621088
115,468.032304
116,473.094786
117,476.456133
118,480.98351
119,485.282741
120,487.557128
121,491.756516
122,496.221835
123,499.794836
124,503.4684700000001
125,508.75040699999994
126,512.622364
127,516.308945
128,521.348361
