1,4.660843666666667
2,7.019373
3,8.972676
4,11.022667
5,13.285653
6,15.527753
7,17.900721
8,19.726944
9,22.212086
10,24.292044
11,26.611172
12,28.693942
13,30.923823
14,33.809753
15,35.708692
16,37.897187
17,40.378658
18,42.308484
19,44.644154
20,46.622852
21,49.648414
22,51.596079
23,54.034
24,56.275757
25,55.702419
26,60.823264
27,63.59358900000001
28,65.60328
29,67.94098
30,69.991419
31,63.577166000000005
32,74.621657
33,76.59214
34,79.09296
35,81.241888
36,83.59984
37,70.159441
38,71.073228
39,90.279805
40,88.362577
41,95.574089
42,80.21987
43,99.857004
44,102.384213
45,104.376978
46,100.893451
47,79.559673
48,111.226208
49,113.528419
50,84.250944
51,118.005226
52,79.03903
53,113.708244
54,104.278399
55,128.066229
56,82.296918
57,96.0772
58,81.587408
59,127.86082900000001
60,84.366361
61,129.340135
62,117.494665
63,105.430596
64,102.897793
65,143.135919
66,103.999396
67,86.378591
68,88.149913
69,85.359142
70,123.172001
71,108.014576
72,95.974494
73,83.566457
74,88.882698
75,127.07471000000001
76,90.55899
77,112.166063
78,133.645165
79,108.371369
80,91.849649
81,128.054301
82,87.576236
83,88.767639
84,141.547789
85,111.228749
86,101.203735
87,127.722909
88,92.930484
89,106.170023
90,96.717543
91,108.137992
92,126.911256
93,100.213266
94,111.112431
95,137.08406
96,131.516389
97,97.328389
98,122.455993
99,143.53927
100,96.519651
101,97.538508
102,107.278194
103,117.896538
104,146.914933
105,145.531059
106,146.258741
107,145.103885
108,121.461415
109,143.308538
110,124.622309
111,143.989692
112,108.088213
113,136.335733
114,109.814759
115,111.623763
116,116.939934
117,112.360484
118,125.990441
119,134.008413
120,115.19805
121,116.594056
122,117.518104
123,146.253424
124,119.613225
125,144.728861
126,127.99940599999998
127,151.741384
128,123.180676
