1,10.62853
2,11.096661
3,12.403868
4,13.331814
5,15.239135
6,15.862089999999998
7,16.895028
8,18.010682
9,20.026621
10,21.241604
11,22.42317
12,23.053999
13,25.711652
14,27.124924
15,28.522934
16,29.493962
17,30.090474
18,33.942495
19,34.544961
20,35.997365
21,36.943961
22,45.048272
23,40.964743
24,42.008025
25,42.841048
26,45.936846
27,47.074143
28,48.476354
29,48.922139
30,52.078973
31,53.394166
32,55.123086
33,55.444132
34,56.468737
35,60.763264
36,61.56844
37,62.82244099999999
38,63.87696300000001
39,65.518857
40,68.160853
41,69.014857
42,69.970792
43,73.023234
44,74.399857
45,75.496041
46,76.353791
47,79.352047
48,81.097735
49,82.212916
50,82.9389
51,83.699381
52,87.980459
53,75.959582
54,74.233819
55,80.072256
56,93.667867
57,87.703175
58,79.542086
59,81.529062
60,98.421278
61,101.190813
62,86.53237
63,82.248073
64,86.16817
65,107.674822
66,82.973111
67,109.849534
68,103.487668
69,87.756248
70,118.480551
71,97.883103
72,110.712233
73,105.239514
74,119.242125
75,103.676841
76,115.70222
77,123.69622
78,129.856792
79,119.231192
80,102.185463
81,108.410998
82,102.346926
83,103.254768
84,115.65092
85,108.487442
86,128.890496
87,119.429768
88,112.132824
89,125.17150800000002
90,111.694114
91,136.105695
92,117.467907
93,140.947333
94,123.9478
95,129.315163
96,136.470378
97,118.758121
98,120.483409
99,119.762919
100,120.222849
101,120.416979
102,124.287038
103,124.873486
104,138.981585
105,154.831884
106,127.799724
107,136.897222
108,138.249151
109,156.338668
110,132.512956
111,133.992979
112,141.479798
113,152.823485
114,138.659282
115,147.226384
116,141.51205
117,141.105312
118,141.398774
119,142.473759
120,166.976683
121,155.74413
122,163.322845
123,160.559985
124,156.912068
125,154.919284
126,153.83864
127,155.432923
128,156.756053
