1,7.1107905
2,7.2445725
3,7.522579
4,7.898530499999999
5,8.962884
6,9.3167975
7,10.036876
8,10.388997
9,12.681259
10,13.05428
11,13.804455
12,14.085859
13,15.571181
14,15.994863000000002
15,16.720265
16,17.098575
17,17.367242
18,21.09375
19,21.385846
20,22.155893
21,22.447531
22,24.264391
23,24.679089
24,25.257712
25,25.562987
26,28.384195
27,28.744024
28,29.424596
29,29.785605
30,31.222227
31,31.673591000000002
32,32.283882
33,32.643365
34,32.916533
35,37.125242
36,37.488733
37,38.041961
38,38.479804
39,40.146655
40,40.581718
41,41.157791
42,41.4668
43,44.114549
44,44.621194
45,45.380294
46,45.793354
47,47.007383
48,47.456845
49,47.990463
50,48.521608
51,48.810605
52,53.010346
53,53.470487
54,54.044154
55,54.206186
56,54.41035
57,56.207178
58,56.919736
59,57.178145
60,59.877428
61,60.37134
62,58.170103
63,58.315368
64,62.868279
65,60.083865
66,63.85560999999999
67,64.336154
68,64.70449
69,64.189861
70,64.000081
71,70.641919
72,71.010045
73,71.830112
74,71.092503
75,72.971822
76,73.716996
77,75.918769
78,76.655423
79,77.214765
80,78.2738
81,78.795793
82,79.353877
83,79.784352
84,80.212904
85,80.576219
86,84.934074
87,85.829033
88,86.584364
89,74.193548
90,88.087176
91,88.375127
92,89.533448
93,90.285114
94,86.956669
95,75.453178
96,83.027659
97,77.377098
98,80.84588
99,83.488152
100,79.517948
101,96.515791
102,78.497665
103,85.374051
104,90.617297
105,86.235376
106,103.681267
107,104.5407
108,89.061524
109,105.814029
110,91.121468
111,107.969108
112,108.972372
113,85.39783
114,84.788883
115,99.351781
116,111.285475
117,91.049937
118,112.117557
119,88.386253
120,116.822693
121,110.570551
122,99.491195
123,92.603774
124,120.421861
125,92.537254
126,122.195216
127,92.355531
128,117.830147
