1,10.512203
2,11.617644
3,13.364434
4,14.440236
5,16.833364
6,18.65488
7,20.357588
8,21.951689
9,25.818435
10,27.430109
11,29.230393
12,30.807867
13,33.924044
14,34.996638
15,37.41083
16,39.030417
17,39.721349
18,45.188263
19,46.455411
20,48.807975
21,49.989124
22,53.302733
23,54.956229
24,57.258647
25,58.094633
26,63.646553
27,64.666445
28,61.554244
29,68.400435
30,71.217556
31,72.359066
32,66.590993
33,76.297195
34,77.16155
35,81.299884
36,84.051445
37,87.093511
38,79.517648
39,91.462088
40,83.283199
41,95.075623
42,88.804231
43,89.51896
44,99.379965
45,82.700033
46,93.587729
47,109.709417
48,111.388433
49,113.395478
50,88.030122
51,89.049498
52,93.28453
53,96.761655
54,99.137364
55,102.407856
56,105.765243
57,105.499983
58,125.16499
59,131.488988
60,118.940386
61,134.166881
62,121.271322
63,114.098172
64,127.975867
65,132.650096
66,129.411524
67,117.157641
68,116.550719
69,142.558556
70,132.092213
71,127.54496399999998
72,125.53081099999999
73,153.709244
74,127.88438199999999
75,140.081507
76,132.033609
77,146.288599
78,136.08671
79,153.841432
80,148.690936
81,147.214641
82,159.43134
83,142.447831
84,147.341682
85,144.651649
86,148.931012
87,169.423259
88,153.045842
89,156.398739
90,169.060743
91,172.006176
92,161.829836
93,173.558699
94,168.969256
95,174.963089
96,166.208811
97,175.329512
98,175.632042
99,169.301137
100,178.394342
101,179.93115
102,184.600688
103,177.608505
104,179.616074
105,180.887017
106,181.912378
107,192.953633
108,189.736
109,188.1541
110,195.637016
111,191.303887
112,193.399179
113,194.418673
114,200.890718
115,203.514664
116,197.713986
117,199.958167
118,200.489721
119,202.236331
120,211.236385
121,212.162727
122,209.645906
123,210.77912
124,211.663754
125,212.400927
126,214.624591
127,216.151417
128,221.392946
