1,10.083517
2,13.416496
3,18.33811
4,22.112309
5,28.146728
6,31.914053
7,37.434882
8,41.277514
9,47.488934
10,51.495144
11,56.908916
12,60.647577
13,67.183184
14,64.785938
15,76.110894
16,80.363537
17,82.650844
18,79.300311
19,93.089302
20,99.241288
21,93.664337
22,88.038332
23,108.515302
24,119.256054
25,106.271299
26,115.045858
27,119.250617
28,115.776846
29,139.053592
30,134.467792
31,117.529003
32,124.154587
33,135.381466
34,127.86046300000001
35,144.147781
36,135.92039
37,151.207435
38,142.061976
39,146.31695
40,151.217321
41,153.335704
42,175.13923
43,160.778076
44,166.274785
45,168.50672
46,174.638407
47,179.910008
48,189.477948
49,183.220711
50,187.095855
51,188.292105
52,195.550684
53,197.092186
54,201.94221
55,203.727431
56,212.598346
57,212.32195
58,217.460805
59,218.274036
60,225.826264
61,230.722986
62,235.020972
63,234.245243
64,241.810403
65,242.077551
66,246.47295
67,247.904131
68,254.84906400000003
69,257.463779
70,262.816628
71,262.899708
72,270.733284
73,272.630965
74,276.114958
75,277.658203
76,284.707656
77,286.990698
78,291.268156
79,292.661822
80,302.189515
81,301.941712
82,307.281961
83,308.454648
84,315.496118
85,315.594583
86,322.126717
87,322.923414
88,331.182929
89,329.877713
90,337.836763
91,336.779142
92,345.841865
93,346.498317
94,352.251481
95,353.430973
96,363.415846
97,359.910813
98,366.851167
99,366.761068
100,376.263669
101,377.02935
102,384.160608
103,382.969907
104,391.612139
105,390.894998
106,396.01026
107,397.415225
108,406.795338
109,406.218249
110,413.53991
111,415.856916
112,426.255056
113,424.045208
114,428.89263
115,429.202701
116,439.261645
117,440.453317
118,444.073929
119,444.123914
120,455.693177
121,453.866971
122,460.66345
123,457.630319
124,469.546527
125,471.030259
126,473.557292
127,474.73188
128,489.251089
