1,12.923459
2,12.222979
3,12.804821
4,13.402935
5,14.175472
6,14.730509
7,15.870827
8,16.702219
9,18.568327
10,19.071211
11,20.242815
12,20.975712
13,23.247009
14,24.746588
15,25.875462
16,26.503755
17,26.872924
18,31.441457999999997
19,32.310536
20,33.387766
21,34.368679
22,37.015147
23,37.913772
24,39.028897
25,39.55912
26,42.641738
27,43.237598
28,45.007349
29,45.716637
30,48.188685
31,49.178038
32,49.985871
33,50.888806
34,51.430735
35,57.917164
36,58.852777
37,60.260364
38,60.774523
39,63.010308
40,63.751425
41,65.238033
42,65.985778
43,68.347121
44,66.915457
45,70.170298
46,70.790377
47,70.690279
48,75.23635
49,76.33655
50,73.391303
51,77.903986
52,82.871708
53,83.29261
54,85.595782
55,80.465152
56,82.984628
57,84.775305
58,90.609203
59,91.636005
60,93.531684
61,77.685752
62,83.269851
63,96.570366
64,98.282422
65,82.900776
66,99.893115
67,100.701651
68,93.073647
69,91.560174
70,110.303191
71,111.780095
72,101.630325
73,90.826556
74,115.699019
75,88.261988
76,89.583656
77,97.309874
78,120.346047
79,121.302535
80,115.873664
81,120.164341
82,113.35366
83,93.744977
84,102.573581
85,126.13654599999998
86,132.050503
87,102.116591
88,123.544238
89,111.300915
90,128.199279
91,132.498226
92,104.622107
93,122.294673
94,128.658227
95,107.169837
96,136.539183
97,114.209341
98,112.382704
99,118.897317
100,110.963804
101,111.784559
102,142.797286
103,117.217893
104,135.201046
105,140.97647
106,139.979411
107,129.8188
108,134.157521
109,150.851764
110,143.715619
111,130.54427
112,133.278442
113,135.965549
114,148.707015
115,127.785243
116,129.566509
117,151.673557
118,143.911074
119,135.301907
120,142.767095
121,140.773996
122,151.153702
123,158.224132
124,145.209418
125,159.880318
126,142.159138
127,145.020839
128,146.623749
