1,0.0033716468034580217
2,0.003359734645971399
3,0.0033654364153580395
4,0.00336288847039933
5,0.003366066068334604
6,0.0033861726551145895
7,0.003363181531500651
8,0.0033660027530740396
9,0.003374690827475816
10,0.0033894391278333105
11,0.003385098472299943
12,0.0033631877500515574
13,0.003369772271538673
14,0.003355666925121843
15,0.0033592173724437103
16,0.003367235712323122
17,0.0033825849161768723
18,0.0033803433001531394
19,0.00337128486162054
20,0.0033653695276458034
21,0.0033617157540426126
22,0.0033338530746464977
23,0.003380213659330011
24,0.0033679940189239596
25,0.003379800946716407
26,0.00338590431899242
27,0.0033990696676863183
28,0.0033816572140138806
29,0.003387922624731853
30,0.0033638278409482466
31,0.003394788220044037
32,0.0033745518141377632
33,0.003376044748653501
34,0.0033590765091233363
35,0.0033555631506396112
36,0.0033793679140679137
37,0.00337598904815704
38,0.0033537686433155805
39,0.003364490224757953
40,0.0033605790022081146
41,0.003372777376162064
42,0.0033654241527196656
43,0.0033593932669496963
44,0.0033722475463773185
45,0.003348676636514293
46,0.0033961236694873775
47,0.0033678919722719145
48,0.003371963560685554
49,0.0033697554826715307
50,0.003378006921783005
51,0.0033670060698447893
52,0.0033936338135533953
53,0.0033747785768592758
54,0.0033706417949603035
55,0.003365824281292985
56,0.003368788251060978
57,0.0033718867570385813
58,0.0033684919320374966
59,0.0033914888643645433
60,0.0033573473757482946
61,0.003358828751628162
62,0.003360500941306756
63,0.0033687580866982067
64,0.003385588529411765
65,0.003374251146227465
66,0.0033677362760668418
67,0.003372125928739125
68,0.0033999684617107033
69,0.003343525527449464
70,0.0033896907198672295
71,0.00337138156258635
72,0.003381746241209564
73,0.0033882934042257437
74,0.003374132348410587
75,0.0033697657401472753
76,0.0033609294395796846
77,0.003360528869974396
78,0.0033656451308900523
79,0.0033828130907700856
80,0.003380903193779074
81,0.003365652288769307
82,0.003384746488236114
83,0.0033512467845434888
84,0.003361632228728901
85,0.0033720913417826146
86,0.0033808090425531917
87,0.0033583223177010854
88,0.0033992217357928147
89,0.003345408175263449
90,0.0033840641504820457
91,0.0033672868474743218
92,0.0033791684664469536
93,0.003379316241993873
94,0.0033901785759140384
95,0.0033969675780151807
96,0.003382180169921737
97,0.003379968065235573
98,0.0034003221786168864
99,0.0034029599477364224
100,0.0034071287221281404
