1,0.0033787426630625572
2,0.0033886841818686272
3,0.003374662191972077
4,0.0033669979456340377
5,0.003353930882352941
6,0.003377118249916768
7,0.003358981480446927
8,0.003368251664804469
9,0.0033942047867564534
10,0.0033682550075715854
11,0.0033665197810703227
12,0.003373001471241395
13,0.0033629454811623027
14,0.0033573101877966563
15,0.003367918467617848
16,0.00336606745141588
17,0.0033741959766043117
18,0.0033890987838776933
19,0.0033567544306896072
20,0.0033914372568839323
21,0.0033700322993206705
22,0.0033660099074521717
23,0.0033798517782426775
24,0.003361740306192978
25,0.003384136645336301
26,0.003377317968858131
27,0.003378871217440146
28,0.0033590041238877482
29,0.003365343489096573
30,0.0033664046464505315
31,0.003371004300894855
32,0.0033667913302078225
33,0.003369083535949983
34,0.003363963560092288
35,0.003433113087948789
36,0.00914942978334083
37,0.0033878141300527245
38,0.003395063391977481
39,0.0034069225326148612
40,0.0033992164399013042
41,0.0034036201889852628
42,0.0034223655097336343
43,0.0034221331532172062
44,0.003414884284804753
45,0.0034333993943472412
46,0.0038873201137246583
47,0.0034437134019509393
48,0.003430757950895725
49,0.0034387989784335983
50,0.003436940977122087
51,0.0034479331010948393
52,0.0037560671033138398
53,0.0037855195884806047
54,0.003800294942582979
55,0.0038051842038919086
56,0.003821899021601016
57,0.0038201916679111987
58,0.003821975533857267
59,0.0038271923128500437
60,0.003832897862313443
61,0.0038418074686940966
62,0.0038705371820429006
63,0.003902840462056795
64,0.003943285230034019
65,0.004028844547502342
66,0.004134596860801321
67,0.004166536541759561
68,0.004166391045290168
69,0.0041757262673010375
70,0.004184416880249372
71,0.0041808785936017934
72,0.004186895760954109
73,0.004190788442843503
74,0.004197571929215823
75,0.004201538909643789
76,0.004206759643105244
77,0.004211240041819132
78,0.004523742925875807
79,0.0045406580239408965
80,0.004543548152893089
81,0.004551275354759892
82,0.004555601008102506
83,0.004565000546396608
84,0.004574701650113419
85,0.0045747288161993764
86,0.0045813537933008875
87,0.004589554543305598
88,0.0046019877962085315
89,0.004624275746019639
90,0.004670425807847663
91,0.004859942618356522
92,0.004876564335277555
93,0.004905891556534508
94,0.0049068961192066385
95,0.00490857573179378
96,0.004920659751517929
97,0.004928968565314856
98,0.004907535019770861
99,0.0049262502752013045
100,0.00492470274049217
