1,0.0017305268373611555
2,0.0019923342679063643
3,0.0023721187533676216
4,0.002740308344172369
5,0.002917477230443974
6,0.0030957144982721105
7,0.0032756008553993677
8,0.0034550233501815337
9,0.003699172348811431
10,0.0034178036134453775
11,0.0036988701261685794
12,0.004149715906585836
13,0.00591271256707317
14,0.010502820134228189
15,0.011439325801640567
16,0.013023753592436975
17,0.014571165484993473
18,0.01637221421404682
19,0.01734893953944145
20,0.018385947145769622
21,0.019337926363155105
22,0.020467012662689802
23,0.021174616096256683
24,0.021766397097324985
25,0.022645410997067447
26,0.02347293950091297
27,0.024369611927181418
28,0.025746306885456885
29,0.026527476442634083
30,0.027383734047786365
31,0.02800103836053939
32,0.028859172809558294
33,0.03045786161998486
34,0.03111552539208365
35,0.03199102645722937
36,0.03269138905996758
37,0.03362547816611842
38,0.03456323884773662
39,0.03518888855678907
40,0.03586732658390411
41,0.03624015858629661
42,0.03736965572207085
43,0.038300766391941396
44,0.038921625574977005
45,0.039720092555235356
46,0.04054619308560677
47,0.04108439869565217
48,0.04196935395395396
49,0.042830507578840285
50,0.04379604882413087
51,0.04479945651709402
52,0.04528024432176656
53,0.046162908152173915
54,0.04706747169398907
55,0.0479960001650165
56,0.048959039977477484
57,0.050139674161490684
58,0.05087989128440368
59,0.0517495043144208
60,0.052586499630996306
61,0.05328549235074627
62,0.054220150186335414
63,0.05496071883604505
64,0.0557223797331639
65,0.05664141241331483
66,0.059276340600000005
67,0.060195678502080435
68,0.061141487363387974
69,0.06207480616835993
70,0.0633605498561151
71,0.06394771357039188
72,0.06496604720229555
73,0.06590467239819003
74,0.06635145248397435
75,0.07214384604430381
76,0.07351293225538973
77,0.07426651371237458
78,0.07525924001650165
79,0.07638493715753425
80,0.07740703420138888
81,0.07825923152542372
82,0.07901803888888889
83,0.08006399566787004
84,0.08100206501766784
85,0.08370296740740742
86,0.08424768962962963
87,0.08489447590476189
88,0.0856706848968105
89,0.08696900777559054
90,0.08684341358490567
91,0.08810134826923076
92,0.08901275059523808
93,0.08998081294466403
94,0.08958495487077535
95,0.09032016101190476
96,0.09075818386773546
97,0.0912216745490982
98,0.09200197010204081
99,0.09217365517241377
100,0.09278066303030302
101,0.09339290686868687
102,0.09408635745341613
103,0.09518260073375263
104,0.09420248402061855
105,0.09474788506224065
106,0.09546853010416667
107,0.0960723779661017
108,0.09663597625523014
109,0.09787980549568966
110,0.09862516627408993
111,0.0995491703501094
112,0.10038972105882353
113,0.1015685532150776
114,0.10244426961883409
115,0.10317092263513512
116,0.10372935550458716
117,0.10467806568181819
118,0.10396662659817352
119,0.10484058750000003
120,0.10564107240184757
121,0.1065079878752887
122,0.10931344444444445
123,0.11005719797136039
124,0.11092471348448686
125,0.11163795159705156
126,0.11281135279126214
127,0.11238398374083132
128,0.11351149420103093
129,0.11434956571782176
130,0.11523283805418721
131,0.11625669035532997
132,0.11964749330708661
133,0.1205541183844011
134,0.12118092421052636
135,0.12217364852150538
136,0.12380145704787233
137,0.12480700279255322
138,0.12572221253333332
139,0.12638826837016578
140,0.12722861684931505
141,0.13006857698863633
142,0.1305906531073446
143,0.13157813162393162
144,0.13275274373219373
145,0.13395669627507162
146,0.13442631095100865
147,0.1356205427728614
148,0.13666754431486877
149,0.13787787642642646
150,0.1417591676380368
151,0.14262711165644174
152,0.1434725449386503
153,0.14420228065015483
154,0.14537740624999998
155,0.14637486962616822
156,0.1470527284345048
157,0.14777742204472846
158,0.1488558757188498
159,0.14986299012944979
160,0.1556145143097643
161,0.15670844470198678
162,0.15739354283333332
163,0.1580412100340136
164,0.15953149195205477
165,0.15977809225589226
166,0.1603074464527027
167,0.16090560053003533
168,0.16158401228373703
169,0.16525219635416666
170,0.16610037588028168
171,0.16729848902877698
172,0.16856754820143882
173,0.1696840512589928
174,0.16975756370370368
175,0.1707622516363636
176,0.17160867197802196
177,0.1728577915413534
178,0.17393335639097746
179,0.18202757684824908
180,0.1831548180392157
181,0.18437914124513616
182,0.1853349746031746
183,0.17939563702290076
184,0.18040537499999995
185,0.18172834089147288
186,0.18250941167315177
187,0.18338156692607005
188,0.1919974347107438
189,0.19322997704918032
190,0.1940885416326531
191,0.19484435063291142
192,0.19548176673553716
193,0.19411896946721313
194,0.1952944558091286
195,0.1962285770661157
196,0.19708854435146442
197,0.19804656924686193
198,0.1984345116182573
199,0.19892507605932205
200,0.19934664957805903
