1,0.0017364198712339423
2,0.0019560117027713907
3,0.002286778942897593
4,0.0025447275300389234
5,0.002896194139359021
6,0.003049204327256671
7,0.003199993902116402
8,0.003389521835724829
9,0.0035593205055900177
10,0.0033923294134078213
11,0.003543183164676761
12,0.00379570890692977
13,0.0043548882901278405
14,0.006478399248281786
15,0.01056674081299041
16,0.01142786241688587
17,0.012906816883936079
18,0.01439224353130755
19,0.01596506070422535
20,0.01676740216572505
21,0.01793420055276382
22,0.018941742995802726
23,0.019848708801696712
24,0.020812139670738188
25,0.021415031168831165
26,0.022199305363321795
27,0.02293014528639618
28,0.0236911256060606
29,0.024541934745242484
30,0.02603952283669486
31,0.02660432033265444
32,0.027387750100806452
33,0.027870246167127074
34,0.02869932734887109
35,0.030461970456273763
36,0.031186911925515058
37,0.03184500890302066
38,0.032487214684756585
39,0.03324855378535774
40,0.03429883166946309
41,0.034741147696817416
42,0.035228154961832056
43,0.03580956444058977
44,0.03649961304728547
45,0.03773063214920071
46,0.03837343028492647
47,0.03899883111650486
48,0.0397098363336475
49,0.04054783526570048
50,0.04092159310009718
51,0.041781788156590685
52,0.042534966275510205
53,0.04338773634937239
54,0.044320066370292885
55,0.045069560495780585
56,0.04595055032085561
57,0.04676468551454139
58,0.04760548425720621
59,0.04852290708661418
60,0.049591531725312145
61,0.05040941118266979
62,0.05107779876760563
63,0.051803005312868945
64,0.052713448105134474
65,0.053593293780788184
66,0.054402456592039815
67,0.0550930290582404
68,0.055820877699228784
69,0.05664856285900783
70,0.05849026260000001
71,0.059275206340819016
72,0.06029457921810699
73,0.061146333036935716
74,0.062284712177650435
75,0.06370204212427746
76,0.06464351995515696
77,0.06576852143916913
78,0.06660153551262998
79,0.06741103405909799
80,0.072225489408867
81,0.0734335243311037
82,0.07401211652542372
83,0.07497130764802631
84,0.07599844941373533
85,0.07902093694493782
86,0.0799431345878136
87,0.08053969340659341
88,0.0815525397459165
89,0.0824087549090909
90,0.08338773611632269
91,0.08408961219739292
92,0.08466596033834586
93,0.08533091720226843
94,0.08619605085714287
95,0.0891489059642147
96,0.08992336925343812
97,0.09082861926977688
98,0.0916670508064516
99,0.09244197010101009
100,0.09005616014056225
101,0.09074274397590361
102,0.09103383885542168
103,0.09147355030241935
104,0.09202959526209678
105,0.09248199050505052
106,0.09299586424242423
107,0.09350472902240325
108,0.09417231041237113
109,0.094976990560166
110,0.09290024591836733
111,0.09385707073684209
112,0.09432275729166667
113,0.09507349865979382
114,0.09572413029045644
115,0.09724428718220339
116,0.09823850851293103
117,0.09890060956989247
118,0.09993287921225384
119,0.10054205305010894
120,0.10154602847533631
121,0.10245611121076235
122,0.10306466896162526
123,0.10378416371882086
124,0.10455887602739729
125,0.1052697511547344
126,0.10619584404205606
127,0.10700842254672896
128,0.10765708898104266
129,0.10858588306074766
130,0.11031934352517987
131,0.1110701061893204
132,0.11181881359223302
133,0.11249656031941033
134,0.11366247783251232
135,0.11510224228855723
136,0.11619286560913707
137,0.11708951383248732
138,0.11780579467005077
139,0.11866745140664961
140,0.11922326797900262
141,0.12015664458762888
142,0.12092918364361704
143,0.12181606203703703
144,0.12273391481481481
145,0.12492513953804349
146,0.12580674640883974
147,0.12678727424657532
148,0.12735670940054497
149,0.1280948412328767
150,0.13102710211267607
151,0.13147027556818183
152,0.1324748774147727
153,0.13344235746478872
154,0.13460522636887606
155,0.1346986761627907
156,0.13572374105571844
157,0.13695522170658678
158,0.13798759700598803
159,0.13899462073170726
160,0.14284642114803628
161,0.14372568107692307
162,0.14440316734375
163,0.1450797803125
164,0.1462004426517572
165,0.14619839371069182
166,0.14691354839743592
167,0.14755770581761007
168,0.14855283892508142
169,0.1495760086319218
170,0.15840816598639454
171,0.1596441448630137
172,0.16017028194444446
173,0.16101341401384084
174,0.162084804467354
175,0.16134780153061226
176,0.16202140501730103
177,0.16295642031250002
178,0.16334163142361113
179,0.164100761971831
180,0.16987526054545454
181,0.1709745341818182
182,0.17207343487084872
183,0.17337136484962407
184,0.17444617106227103
185,0.17105254072727274
186,0.17225680274725275
187,0.1732681053113553
188,0.17419710335820895
189,0.1751773477777778
190,0.18393506647058824
191,0.1847771039215686
192,0.1860716124
193,0.18699638980392158
194,0.1879089616141732
195,0.18966672
196,0.19040231385542167
197,0.19160252786885243
198,0.19221349338842975
199,0.19312642406639002
200,0.1916951617768595
