1,0.0017159676067343896
2,0.0016922565739289554
3,0.0017033871490888623
4,0.0017016754353543252
5,0.0017290559320837305
6,0.0017096029166666666
7,0.0017044997182518408
8,0.0017507838575728345
9,0.0017076179521052334
10,0.0017426404202804942
11,0.001699268344786712
12,0.0017095605213723686
13,0.0017180619708968906
14,0.001713270677711772
15,0.0017217544845015867
16,0.0017107203122224985
17,0.001710920156522718
18,0.0017071046805365012
19,0.001714736519648752
20,0.0017033159774718402
21,0.0017139196303265225
22,0.001740131254361207
23,0.001703522218699359
24,0.0016938657073921253
25,0.0016994129207614707
26,0.0016990402378083355
27,0.0017215808727364184
28,0.0017166353533816657
29,0.0017015729774723719
30,0.0016923114060759302
31,0.001703151476927426
32,0.001710678472911644
33,0.0017298069695865963
34,0.0017533425108671415
35,0.0019140082242357216
36,0.0017073803781586852
37,0.0017173867129249758
38,0.0017135378846712152
39,0.0017108858110761777
40,0.0016966350473599688
41,0.0017089078557140371
42,0.0016978264080346592
43,0.001711465662499102
44,0.0017576848111246508
45,0.00176295607028754
46,0.0017548051096585688
47,0.0017289962640809923
48,0.001719301021950342
49,0.0016999183377834457
50,0.0017099128821563055
51,0.0017086341056765436
52,0.0017059539619846953
53,0.0017936916449556033
54,0.001711474420515019
55,0.0017577160510207693
56,0.0016870607936619224
57,0.001709599290701098
58,0.0017116654264716271
59,0.0016977272177740072
60,0.0017139910076351922
61,0.0017018492058204764
62,0.0017136627084663972
63,0.0017066589672463462
64,0.0017002673199122756
65,0.0017043136291766735
66,0.0017035111074868569
67,0.001701709818747129
68,0.0017514143611342937
69,0.001798098600737053
70,0.0017279190796002267
71,0.0017375779199463486
72,0.00169988252248885
73,0.001721030779267203
74,0.0017201901573515941
75,0.0017114029287277161
76,0.0017034522315699412
77,0.001699681661855376
78,0.0017072358650241028
79,0.001724635643688004
80,0.001718286171586385
81,0.0017071620862257315
82,0.0017104892074558907
83,0.0017300012657113684
84,0.0017247741542647764
85,0.0017775212545385057
86,0.0017072581634827073
87,0.0017098592393818817
88,0.001760858033059613
89,0.0017185534767089055
90,0.0017324910708764584
91,0.0017109162664656686
92,0.0017009697539253907
93,0.0017136409990056113
94,0.0017128573976475513
95,0.001702666207724352
96,0.0017003747689658805
97,0.0017292680231312915
98,0.001723753078881346
99,0.0016937114695969667
100,0.0016993714818895956
101,0.0018466066675794086
102,0.0017154069809081883
103,0.0017376819525654382
104,0.0017002785771494235
105,0.0017267446864791935
106,0.0017022249744385288
107,0.001698196818894272
108,0.001708646201996072
109,0.0017138930073384137
110,0.0017389271079916746
111,0.0017127024218666095
112,0.0017124158088367251
113,0.001718322102128598
114,0.0016973082364966645
115,0.0017582269485083562
116,0.0017013231481810118
117,0.0017915379624152002
118,0.0017150767636699995
119,0.00171256700145251
120,0.001697486677665856
121,0.001742442344038653
122,0.001698809736322617
123,0.001741293640552995
124,0.0017090351170330259
125,0.0017079274232184105
126,0.001704540242772094
127,0.0016988945183017137
128,0.001718895216463406
129,0.001712765113215608
130,0.0017067909818757696
131,0.0017263790232156973
132,0.0016932809543346414
133,0.0017256843658465595
134,0.0018309216009202629
135,0.0017154581897009377
136,0.0017648189974552584
137,0.0017032733977782526
138,0.0017137205386844082
139,0.001706709160792093
140,0.001766393050848587
141,0.0017593359832211695
142,0.0017181443909905971
143,0.001702246862043304
144,0.0017082640967684972
145,0.001784233156259578
146,0.0017953746143417643
147,0.001745229025689578
148,0.0017064795429466415
149,0.0017025643930839798
150,0.0017517308639331975
151,0.0017417412960744239
152,0.0017940937111545424
153,0.0017103978538469792
154,0.0017140865895912882
155,0.0017119152579671178
156,0.0017542774617455375
157,0.0017278680283549282
158,0.0017202732761376959
159,0.0017101442188280636
160,0.0016987815975037903
161,0.0017046286457436438
162,0.0017079590529297225
163,0.001725434572671889
164,0.001718635532207849
165,0.00169996252741227
166,0.0017107767723681402
167,0.0017061500072854438
168,0.0017044310637996383
169,0.0017484857710595417
170,0.0017458118431428389
171,0.0016969920888983113
172,0.0017053154346749664
173,0.0017127896828785468
174,0.001710298632430924
175,0.0016919962203975191
176,0.0016989936921918691
177,0.0018030295158391375
178,0.0017706164118464665
179,0.0017000879098631675
180,0.0016971778203948356
181,0.0016941169822359324
182,0.0017050645469798658
183,0.0016987185154975527
184,0.0016963567654890604
185,0.0017113839293363359
186,0.0017010730407133723
187,0.0018178719345053136
188,0.0017329663981527175
189,0.0017241176860092557
190,0.0016989474892643967
191,0.001703291203572941
192,0.0017481012549653745
193,0.001738755295425712
194,0.001700989478105639
195,0.0016880416407519968
196,0.0017034351157138327
197,0.00171515278641051
198,0.0016902776652716696
199,0.0017163438839063279
200,0.0016973010566538698
