1,0.002425379051271699
2,0.0033290115493151634
3,0.0036373068839762393
4,0.010832146754700091
5,0.01609477047413793
6,0.019722281909282702
7,0.022636531656124212
8,0.026337433443928332
9,0.029073828149748026
10,0.032551935265700487
11,0.0351753301607445
12,0.038223901344086014
13,0.04103014451456311
14,0.04374055057172558
15,0.046927751090512546
16,0.050401248846597455
17,0.053476884417177906
18,0.056311145909090914
19,0.060641363636363646
20,0.06506985946348733
21,0.07234857183908046
22,0.07591864991596638
23,0.08129915585106381
24,0.08440436879629629
25,0.08933070602409637
26,0.09257955456389454
27,0.09147256418650791
28,0.09338994887983708
29,0.09358129915789475
30,0.09604749067085953
31,0.09991005678336982
32,0.10306714921875
33,0.10603079057471262
34,0.10937757255369929
35,0.11297010108433736
36,0.11718979198473284
37,0.12023982007772023
38,0.12489972756756754
39,0.12793554534246573
40,0.13315040317002885
41,0.13615528192419823
42,0.14286785856697817
43,0.14614487242990654
44,0.14835931269841265
45,0.16003076993243243
46,0.16164740360824745
47,0.16422852473498228
48,0.17338991697416975
49,0.17312957785977862
50,0.18443492202380954
51,0.18838943142857145
52,0.19252176127049175
53,0.19373411508264463
54,0.1982559330508475
55,0.20268018418803424
56,0.2044324153679654
57,0.20200950384615385
58,0.20542076732456138
59,0.20323809134199133
60,0.20554877034632035
61,0.20787420089285716
62,0.2122424156818182
63,0.2174305315909091
64,0.22115649372093024
65,0.22110391395348838
66,0.22234734834123224
67,0.22147948414634147
68,0.22426083976190475
69,0.23586109425
70,0.23423722500000002
71,0.24029065964466997
72,0.23388206428571431
73,0.23745812025
74,0.25956392005494505
75,0.25352260564516127
76,0.2596573024725275
77,0.2633470848066298
78,0.26198648214285714
79,0.27645641637426893
80,0.2754252977011494
81,0.27871592751479285
82,0.2922017395705522
83,0.2762518344827586
84,0.29223305878787886
85,0.2956832807453416
86,0.29565438527607363
87,0.30156126075949363
88,0.3036165176282051
89,0.308651639
90,0.31181811842105267
91,0.3142199476973684
92,0.32639616088435375
93,0.3077514522875817
94,0.31153423717105266
95,0.32444300986394553
96,0.3296416437931035
97,0.33915795571428575
98,0.34210054820143887
99,0.3432510823741007
100,0.35779292424242426
101,0.35000290437956205
102,0.35301244555555555
103,0.3580110167910448
104,0.34562111223021585
105,0.36736830725190833
106,0.3675266156488549
107,0.37135629919354834
108,0.3789225149606299
109,0.37031594083969466
110,0.3962677640495868
111,0.3998396239669421
112,0.38776316411290324
113,0.39401505371900825
114,0.38057013611111107
115,0.384199164516129
116,0.4143600637931034
117,0.41378931896551724
118,0.4237406460176991
119,0.42773604469026544
120,0.4126025478448276
121,0.42794461056338035
122,0.42135790219298236
123,0.4420117411764706
124,0.44464507268518527
125,0.41979585745614034
126,0.44593733472222225
127,0.4453469740740741
128,0.4484862891509434
129,0.4670534183168318
130,0.44324267941176465
131,0.4565110007575757
132,0.4592152176190476
133,0.4552730614922813
134,0.48166603571428573
135,0.44962380943396235
136,0.4535145806603774
137,0.4915296418367347
138,0.48570158790322576
139,0.4923493201237872
140,0.47671362460317473
141,0.480428393
142,0.5105624268817204
143,0.4970969072164948
144,0.5147288967741935
145,0.5178151140433815
146,0.48803053709677413
147,0.5322157427777778
148,0.5131261446236559
149,0.5162878306451613
150,0.5250308635869565
151,0.5144162478494624
152,0.5471426591954023
153,0.5506990781609195
154,0.5418518210227273
155,0.5591949314814814
156,0.5196316380434783
157,0.560043526851852
158,0.5638257023529412
159,0.5521639959770116
160,0.5790736096153845
161,0.5518013310344828
162,0.5553143643678161
163,0.5842900036585366
164,0.5832027530487804
165,0.6007106202500001
166,0.6046249060000001
167,0.5608864490740741
168,0.5963146431250002
169,0.5873230835365852
170,0.5913014421568628
171,0.622483688961039
172,0.59319825875
173,0.6391136570408735
174,0.6231005707792208
175,0.6260568364583332
176,0.6354885769736842
177,0.5995220481250001
178,0.6542985619565217
179,0.6580706489130435
180,0.6371256763157896
181,0.6582351423913043
182,0.6322278427083333
183,0.636160647368421
184,0.67805915
185,0.6488512283783785
186,0.6687837488888889
187,0.67278318
188,0.6380733671052633
189,0.6955717369565219
190,0.6399113510638298
191,0.7031782709302326
192,0.7071534641791045
193,0.6713929455555555
194,0.7030856674418603
195,0.6595141680555556
196,0.6635344805555555
197,0.724280663095238
198,0.6752727466666667
199,0.7270673893939393
200,0.7307745348484849
