1,0.001949815879459286
2,0.0024098532427449097
3,0.002967650410200652
4,0.0032892037327021117
5,0.0036149030056682584
6,0.0035658123429566815
7,0.004299015771663319
8,0.010001945272478555
9,0.012387202338760594
10,0.01521618461729622
11,0.01725846173076923
12,0.01907603861189802
13,0.02084537117061021
14,0.02211961214865709
15,0.02350029006578947
16,0.025369694721115544
17,0.02694564440326168
18,0.027991293763756416
19,0.030572216092874298
20,0.031880007504078295
21,0.033154611386986305
22,0.034666382813852814
23,0.03565710089365505
24,0.03698986827956989
25,0.03853148028100775
26,0.03980605269872424
27,0.040908677157360414
28,0.042425847909967854
29,0.04409379842733188
30,0.04552367898550724
31,0.047114839728260874
32,0.048688042670454554
33,0.05047096855421687
34,0.05176388645962733
35,0.05345343148387096
36,0.054800716465053766
37,0.05620420668523678
38,0.05890020491803279
39,0.06046112871428571
40,0.0623154819637883
41,0.06461393941267388
42,0.06648129528875381
43,0.0682218385895404
44,0.0737292282905983
45,0.07526796961130741
46,0.07917008780260706
47,0.08052764226519338
48,0.08221578264388488
49,0.08400852023121388
50,0.08500567065217392
51,0.08673446240079365
52,0.09018731898989898
53,0.09184381447916667
54,0.09006664323770491
55,0.09094086576763487
56,0.09172912875494071
57,0.0927552609014675
58,0.09372730581896552
59,0.09516046372549021
60,0.09385632053941909
61,0.09503781226012793
62,0.09710512610526316
63,0.0985700614699332
64,0.10014550465367965
65,0.10184691894977169
66,0.10329074826388888
67,0.10459394573459717
68,0.10611753369304554
69,0.10749165783132529
70,0.10929976330845773
71,0.11140140272277228
72,0.1127548721374046
73,0.11525529151670955
74,0.11711219087301587
75,0.11851639242819845
76,0.11977522959999999
77,0.1212995564516129
78,0.12317751126373629
79,0.12594409719887956
80,0.1275054040960452
81,0.1310052602639296
82,0.13240484193548388
83,0.13428275876923076
84,0.13527032425595237
85,0.1370288592145015
86,0.13910001404833836
87,0.1437531016025641
88,0.1450570498422713
89,0.14603655159744408
90,0.14743050239616615
91,0.14911855789473685
92,0.15867408833922264
93,0.160639758277027
94,0.16212835848056534
95,0.16196767010676158
96,0.16325628932384342
97,0.1695815603636364
98,0.17162032369402988
99,0.17374419264150942
100,0.17114570518518518
101,0.17324102290076335
102,0.17515213519230768
103,0.1844789268
104,0.18664209898785425
105,0.18829991204081636
106,0.19059720755102044
107,0.19227320928270042
108,0.191622060373444
109,0.19365914037656903
110,0.195044570083682
111,0.19787413739316234
112,0.20015456926406924
113,0.2018078906113537
114,0.20354337794759825
115,0.2040820883408072
116,0.20038946017316017
117,0.2016287782327586
118,0.202648638209607
119,0.20447560331858408
120,0.20590470379464287
121,0.2071410845982143
122,0.20381214344978166
123,0.20481963950892856
124,0.20562467270742357
125,0.20716381194690264
126,0.20855637343750005
127,0.2111194246606335
128,0.2122391906818182
129,0.21379892866972483
130,0.2177886386046511
131,0.2193765569047619
132,0.21840587796208533
133,0.21989254350961537
134,0.22128658714285712
135,0.22106406090047392
136,0.22251074571428572
137,0.22372315314009664
138,0.2214289819512195
139,0.22271889254807695
140,0.22417951177884612
141,0.2341807878865979
142,0.23560397055837567
143,0.2320166626237624
144,0.23393239550000006
145,0.23539477336683415
146,0.23997041802030458
147,0.24136190567010313
148,0.24318710131578955
149,0.23513195552763824
150,0.23695694128205133
151,0.25675770824175825
152,0.2586947019553073
153,0.2607017913407822
154,0.2529150741935484
155,0.25413600564516126
156,0.25569273598901104
157,0.2603554103351955
158,0.262173233898305
159,0.2587764624309392
160,0.26087235027932965
161,0.2626259036723164
162,0.27543121023391814
163,0.2766737357988166
164,0.27851572958579884
165,0.275692431595092
166,0.2774584187134503
167,0.28940249754601227
168,0.29126008571428574
169,0.29245953695652166
170,0.27438347341040464
171,0.27633707163742693
172,0.2778133038461539
173,0.29228790437499996
174,0.2937713608695653
175,0.2954392908227848
176,0.2937647066455696
177,0.2952435148734177
178,0.2997896719354839
179,0.3012292973856209
180,0.3025215939102564
181,0.3033389666666667
182,0.3048800670967742
183,0.30653792419354836
184,0.30948651
185,0.31101759705882354
186,0.3122104862745098
187,0.31373446166666663
188,0.31501899266666666
189,0.3251879417241379
190,0.3269763620689655
191,0.3286978375
192,0.30846392548387097
193,0.31052579771241823
194,0.32150532006802723
195,0.32340237241379316
196,0.3244805306896552
197,0.32786605103448274
198,0.3297065035211268
199,0.33074938611111104
200,0.3391195003597122
