1,0.0017014203446811523
2,0.0017012658813202242
3,0.001705347997230212
4,0.0018793404685190096
5,0.0019255065611940298
6,0.0019559573034841943
7,0.002020441991252682
8,0.0022579787300277547
9,0.002313667286914766
10,0.0023768387121286404
11,0.0025679946483441445
12,0.00268959526053708
13,0.002738837063846632
14,0.0029677277415530523
15,0.003050042296272899
16,0.0031252370991177994
17,0.003189343550834598
18,0.0032352452799892955
19,0.0033257474993624776
20,0.003372424423063515
21,0.003433873421983791
22,0.0034927358842676308
23,0.003566891529342027
24,0.0036379473448664903
25,0.0037421799190127257
26,0.0038367008625095826
27,0.0036156533951997617
28,0.0036176387735357596
29,0.003679658144212525
30,0.0038041010388792694
31,0.003912478357546409
32,0.003991747916152898
33,0.004080285069560844
34,0.0043239012063765615
35,0.00455913129799588
36,0.005243052771175453
37,0.005888802801069389
38,0.006781135902281954
39,0.008714782264430575
40,0.010013355310337478
41,0.010793098854027593
42,0.01105822683454877
43,0.011363852114058267
44,0.011995903334664536
45,0.012635554304611904
46,0.013165606271114865
47,0.013626903924664476
48,0.014146431884480747
49,0.01474389025527737
50,0.015335875207215993
51,0.015932605685203573
52,0.016594562846279196
53,0.01720526559851695
54,0.01699877442896936
55,0.017486511501416432
56,0.017908325848142167
57,0.018229098320268755
58,0.018562515307203386
59,0.018951646054181388
60,0.019256497090395477
61,0.01962650857068876
62,0.020016102049861498
63,0.020371923627684967
64,0.02073809734010759
65,0.020966779467084636
66,0.021215719188529592
67,0.021595101707609348
68,0.0216855439556962
69,0.021960138857142857
70,0.022337528929455445
71,0.022661630260586322
72,0.02288434917929293
73,0.023160999766355144
74,0.023457881431398417
75,0.023670082654402104
76,0.023967387959183673
77,0.024250508752584426
78,0.024633701097293344
79,0.025107774365303242
80,0.025575393205216193
81,0.02599400662228451
82,0.026234403438596492
83,0.026443048447424133
84,0.026763017617689018
85,0.027046556442376524
86,0.0273811876443418
87,0.02763380041167665
88,0.02792449284116331
89,0.02798735052316891
90,0.02812086733687405
91,0.028403848140975983
92,0.02890279038322487
93,0.02939112016317016
94,0.029995332038834952
95,0.03037547456279809
96,0.030651517207792207
97,0.03093714073190135
98,0.031146008738664466
99,0.03141878249185668
100,0.03175885801033592
101,0.032052107235142124
102,0.032293367302904566
103,0.0325389672003284
104,0.03276304982502187
105,0.033039043508168525
106,0.03341115224137932
107,0.03380288963466441
108,0.033820465664272895
109,0.03407162563764292
110,0.03430656593503073
111,0.03456735129757785
112,0.03478026520572452
113,0.03500951450348433
114,0.0352840991681261
115,0.035681817314189186
116,0.035776315388170055
117,0.03600606051660516
118,0.03636353755635709
119,0.036679389913544684
120,0.037016333539486204
121,0.03745613069353327
122,0.03754596059513074
123,0.037853672801932366
124,0.0381120736231884
125,0.03835830703441296
126,0.038563731298828126
127,0.03882350642156863
128,0.039159269620253165
129,0.03943939584584584
130,0.03969599395939086
131,0.04001040842418236
132,0.04039191164948453
133,0.04063712502606883
134,0.040986630535152155
135,0.041136163357588365
136,0.04143085939086295
137,0.04174219342245989
138,0.042076786354056914
139,0.04237060697802198
140,0.04265553683351469
141,0.042989991657810846
142,0.04330536756176155
143,0.04362177652733118
144,0.043988119243421046
145,0.04442695505107832
146,0.044726265371621624
147,0.04501816455347299
148,0.045539584392419175
149,0.04522326516724337
150,0.045562658736263736
151,0.04590289514450867
152,0.04622236969353007
153,0.046485323976608185
154,0.04679566431034483
155,0.04712915281690141
156,0.047420743990665114
157,0.04776091517241379
158,0.048124222350230415
159,0.048479815398126465
160,0.04878438766157463
161,0.04915973519388954
162,0.049310537941534706
163,0.04961040732292918
164,0.049937205936352515
165,0.05025819777108434
166,0.050491088172715894
167,0.050734835479797985
168,0.051020268479604454
169,0.051381807603092786
170,0.05155825351758793
171,0.051847547568578546
172,0.0522423769375
173,0.052489452078085655
174,0.052688667709637045
175,0.05313713658690176
176,0.053670913214739525
177,0.05400574903225806
178,0.05434252852522638
179,0.05455467671140941
180,0.05479672182175623
181,0.05505022618733509
182,0.05540028580000001
183,0.05561959246753248
184,0.055805978897849454
185,0.05610189304407714
186,0.05647701331994645
187,0.056745901104972386
188,0.05703845589849108
189,0.05991077520949721
190,0.06042181542940319
191,0.06060387313753582
192,0.06075108634423898
193,0.06115914425531916
194,0.06147695826086956
195,0.06182512618705036
196,0.062150473913043486
197,0.06246834104258443
198,0.06282990096011816
199,0.06302998658536588
200,0.06390862162756597
