1,0.0016977881612673551
2,0.001711814214280719
3,0.0017099795719638063
4,0.0017044363759284632
5,0.001710739075757347
6,0.0018475680648109365
7,0.0019088146593458492
8,0.0019501048927517504
9,0.001978624311740068
10,0.0020123898193146416
11,0.0021693129077982264
12,0.0022731636943877937
13,0.0023135769147607154
14,0.0023513438599054993
15,0.002397078237266486
16,0.0024485857168141598
17,0.0026275697422905087
18,0.0027046558596139944
19,0.002744226827398194
20,0.0027721135215965954
21,0.002900191590526569
22,0.0029306244680851064
23,0.0029980645841603806
24,0.0030326531885513435
25,0.003069445227662412
26,0.003107202835851791
27,0.003148307711598746
28,0.0031826957268896497
29,0.0032183412422608347
30,0.0032696176365020666
31,0.0033140302156057506
32,0.0033465804246755946
33,0.003381742230602696
34,0.0034254072883477464
35,0.003468231284094172
36,0.0035097258869621994
37,0.003551602774825836
38,0.0036185558753266144
39,0.0036833916230167765
40,0.0037555721378187733
41,0.0033724676478784927
42,0.0033714949143692566
43,0.0033740040320892916
44,0.0034338588525868207
45,0.003518152688172043
46,0.003590729230861844
47,0.0036460286602834732
48,0.003700237250343041
49,0.003764435655403951
50,0.0038174405599623027
51,0.003878911248903421
52,0.004153174555783359
53,0.004296955627409791
54,0.004692415439761497
55,0.005288493451963535
56,0.005662173726151699
57,0.0062017631759793985
58,0.007234130598149524
59,0.008328444045775252
60,0.0096210393608737
61,0.010378213763184757
62,0.010745852948534668
63,0.010926172496617051
64,0.0110738310579633
65,0.011267126457607433
66,0.011528612669192315
67,0.01190928006684492
68,0.01226366056355825
69,0.012640264574816026
70,0.013056404038211029
71,0.013337270126651982
72,0.013689436497437785
73,0.014087960852352116
74,0.014457057307692308
75,0.014803984402121504
76,0.015266127186406795
77,0.015638557952043258
78,0.016024961376927167
79,0.016574066972236772
80,0.017039305598958335
81,0.0172806022513089
82,0.01678187991430102
83,0.017137266044776115
84,0.01743092306855278
85,0.017711148059866965
86,0.01792021221794166
87,0.018141846729490024
88,0.018397586558577404
89,0.018651043600445186
90,0.0188935976309922
91,0.01908064605263158
92,0.019320483114166172
93,0.019539025138888888
94,0.019743275511396843
95,0.0200876744842233
96,0.020361066632996635
97,0.02059835729032258
98,0.020777870124999997
99,0.020916783510971787
100,0.021082086900369005
101,0.021336815128052414
102,0.02161439921414538
103,0.021511655752753975
104,0.021743793183201462
105,0.02185754705882353
106,0.02205409976931949
107,0.022278262199747153
108,0.022442547260273973
109,0.022547352975360296
110,0.0227586703477141
111,0.022973311741682975
112,0.023230730983182412
113,0.023415196506262358
114,0.023541607427536228
115,0.023740719708994707
116,0.02388440969738652
117,0.02411967965235174
118,0.02437997131474104
119,0.024590029362880888
120,0.02480903899371069
121,0.02522939630943932
122,0.02564149166051661
123,0.026036698977433003
124,0.02618156880311615
125,0.026335684864672367
126,0.026415772935779815
127,0.02659409583333333
128,0.026745443673312882
129,0.026945547244094484
130,0.027171214768413058
131,0.0273671535450517
132,0.027534468102189787
133,0.027678375401459857
134,0.02777396558441559
135,0.027854582686212364
136,0.027927793815201194
137,0.028052296207430338
138,0.02825587664206642
139,0.02861313855243722
140,0.028861560204081628
141,0.029234230451713396
142,0.029754773700787402
143,0.030091239588377724
144,0.03054223140096618
145,0.030763780588703257
146,0.030908709821428574
147,0.031149154300643078
148,0.031193525144508665
149,0.03131028811715481
150,0.0314848776119403
151,0.03171302425702811
152,0.03192837277639235
153,0.03208036046312179
154,0.03221768314798974
155,0.032357315173913055
156,0.0325264877092511
157,0.03270411523372288
158,0.03289268090986394
159,0.03306637861420017
160,0.03325874785330948
161,0.033490737979094076
162,0.033719753500000005
163,0.03400392027264733
164,0.034306627204585535
165,0.0344212302935943
166,0.034531894697674426
167,0.03466464991063449
168,0.03474219285102739
169,0.03483527515364355
170,0.03499251931407943
171,0.03509859873583261
172,0.03519905824337586
173,0.035353363736263736
174,0.03552695794223826
175,0.035735576481312675
176,0.0358061826184093
177,0.035862491018518516
178,0.03600736046931408
179,0.03617601154580153
180,0.03641628421774932
181,0.03666918943323727
182,0.03695046067362429
183,0.037162058140655096
184,0.03760796420507996
185,0.037808324148936166
186,0.03798782552480916
187,0.03815183594771242
188,0.038303799601196405
189,0.03844642774566474
190,0.03858392958579882
191,0.03872104135678392
192,0.03889070663010967
193,0.03904826208791209
194,0.03927053387423935
195,0.03947172015228426
196,0.03958950578680203
197,0.039754784918200406
198,0.039906576620139585
199,0.04013927540160643
200,0.040397729786150714
