1,0.001945844901685393
2,0.0024468013034153286
3,0.003026351508903468
4,0.0033458606369031183
5,0.003748309102774731
6,0.0037056638490164805
7,0.005439342835663333
8,0.011013008929226256
9,0.01347168757717622
10,0.016866738051654187
11,0.018217155571266967
12,0.020147610689045938
13,0.021583052398160312
14,0.02302424461057024
15,0.024619260396039604
16,0.026594351309880238
17,0.02784711471036585
18,0.030082682297628775
19,0.03168819413006757
20,0.03304212102473498
21,0.034640660840707965
22,0.035671161213592234
23,0.03707194235700197
24,0.03865025073170732
25,0.04001842369230769
26,0.04125359921383647
27,0.04282327537960955
28,0.04444633210290828
29,0.04610766653179191
30,0.04771537066115702
31,0.04962725751515153
32,0.051083090733830855
33,0.05266898983481576
34,0.054304168039215686
35,0.055699156556291395
36,0.05736062482269502
37,0.05981159322033897
38,0.06166142739322532
39,0.0643408142638037
40,0.06623318932496075
41,0.06793633580542266
42,0.07362919597989949
43,0.07525464947460597
44,0.07918312948717948
45,0.08072028005415162
46,0.08248542513966482
47,0.08413274263261297
48,0.0853483920289855
49,0.08912863260869565
50,0.09076291597510373
51,0.09230794513457556
52,0.09056095147368422
53,0.09141596020833333
54,0.09281119242738589
55,0.09327654746835444
56,0.09446049346895076
57,0.09337750455531453
58,0.09463477935779815
59,0.09598229837310196
60,0.09824228285077952
61,0.09986302656950671
62,0.10156909894859813
63,0.10312662581395347
64,0.10448281088992975
65,0.10612246808252426
66,0.1075519605011933
67,0.11015132026699029
68,0.11163481268656716
69,0.11329421275252524
70,0.11561502663185382
71,0.11739780723860592
72,0.1192701079015544
73,0.12043838887399462
74,0.1221757794277929
75,0.1251971335635359
76,0.12687294676056338
77,0.12826262966101695
78,0.1316409232035928
79,0.13355163452380953
80,0.13471020673652695
81,0.13693981393939395
82,0.13884548303030306
83,0.14350543476190478
84,0.14489155208333332
85,0.14597220698412702
86,0.14744249865319867
87,0.14915253025889966
88,0.15875631701388887
89,0.1607453950342466
90,0.16240887224199285
91,0.1623613695578231
92,0.16357630954063604
93,0.16983380883458649
94,0.17235395037313433
95,0.1744643733840304
96,0.1722927201923077
97,0.17418357170542637
98,0.183779229
99,0.1858138597165992
100,0.18769798061224488
101,0.19011301885245901
102,0.19189725224489795
103,0.1911158902892562
104,0.19318360358649792
105,0.1949083089958159
106,0.19773284912663758
107,0.2000850850649351
108,0.20188624868421054
109,0.203652964380531
110,0.20411091607142853
111,0.2006622463203463
112,0.2017812393939394
113,0.20307578399122805
114,0.20509864539473682
115,0.20629442566844922
116,0.20303785238095237
117,0.2042837831877729
118,0.20542721491228066
119,0.20647394620535717
120,0.20784287828947373
121,0.21044102420814478
122,0.21218375894495414
123,0.2134386307511737
124,0.2174650752293578
125,0.2191704112676057
126,0.22134805734597157
127,0.21993099
128,0.22123613459715638
129,0.22101403755868548
130,0.22253612812499998
131,0.22384922307692304
132,0.22169550545023697
133,0.22284941274038458
134,0.23321088415841587
135,0.23464899010152282
136,0.23636401421319794
137,0.2329149381188119
138,0.23446511782178217
139,0.2392240936548223
140,0.2408082892307692
141,0.24233737315789475
142,0.2344474603015075
143,0.23620685276381911
144,0.2380064652284264
145,0.2582319142857143
146,0.260405982320442
147,0.2525612195652174
148,0.2540827266129032
149,0.2557075377717391
150,0.2603738768156425
151,0.26233434802259886
152,0.2589527755494505
153,0.2611627377094972
154,0.26298025621468923
155,0.2757239719298245
156,0.2775270742603551
157,0.27471871923076924
158,0.27643271875000003
159,0.27803795059523806
160,0.2901159
161,0.2919331922360248
162,0.29364428291139244
163,0.27559496315789467
164,0.27720155887573966
165,0.29168408850931676
166,0.2932911295031056
167,0.29508587999999997
168,0.2934487371874999
169,0.29502336645962735
170,0.29975633814102565
171,0.30140576290322574
172,0.30259879516129035
173,0.30361215193548385
174,0.30532180947712423
175,0.3082439633986927
176,0.3100098003267973
177,0.3116735176666666
178,0.31290095400000006
179,0.3141446182432433
180,0.3158263814189189
181,0.3262140530612244
182,0.32828852310344836
183,0.3076720119354838
184,0.3097953450980392
185,0.3115009626666667
186,0.3230572613793103
187,0.32446265986394557
188,0.3275360568965517
189,0.32972920211267603
190,0.33070774655172414
191,0.33925426094890504
192,0.3408713317518248
193,0.34270088129496407
194,0.3419466949640288
195,0.3437543233333333
196,0.35620252765151517
197,0.3578931003787878
198,0.3595521454545454
199,0.35033303074074074
200,0.3517275160447761
