1,0.0033731394769874476
2,0.016765760432569977
3,0.026022100296638102
4,0.03429761318449874
5,0.04090665956730769
6,0.049588612168396766
7,0.058472187167553195
8,0.07220100072115385
9,0.0833591270718232
10,0.09006412114228457
11,0.09287756434426231
12,0.10149747973568282
13,0.11031884664268585
14,0.11920924160104987
15,0.13101733557422968
16,0.14281698597560974
17,0.15843884743150682
18,0.16987601798561153
19,0.1839488875984252
20,0.1916499591836735
21,0.20281392489177488
22,0.20439199698275867
23,0.20587690584415586
24,0.21710631353211016
25,0.22114768883720928
26,0.23328844603960397
27,0.23974792741116754
28,0.25714711114130434
29,0.2598442582872929
30,0.27548544537572256
31,0.2900166148484849
32,0.2919800110429448
33,0.30027856218750004
34,0.3090511225490196
35,0.32560095680272105
36,0.322669643537415
37,0.33911787852112674
38,0.35629466174242425
39,0.35578376851851856
40,0.36707821976744187
41,0.3773129420634921
42,0.396954155785124
43,0.39286364016393455
44,0.4124881773972603
45,0.4236842969026549
46,0.42718518918918924
47,0.44261853472222223
48,0.44534186029411765
49,0.4653970936893203
50,0.45676606714285706
51,0.48023383100000006
52,0.48931492142857147
53,0.49249670245901644
54,0.5090685983050847
55,0.5154082279569892
56,0.5314371899999999
57,0.5234824336956522
58,0.5473632754545456
59,0.557646962962963
60,0.5612297311764706
61,0.5788809375000001
62,0.5825749006097561
63,0.6011546720000001
64,0.5955906262499999
65,0.6201828545454545
66,0.6395064117021276
67,0.6338286312500001
68,0.6548842956521739
69,0.6578829395833333
70,0.6759104355555555
71,0.6694466644444445
72,0.6945591795454547
73,0.7044469488372093
74,0.7030846093023256
75,0.72315075
76,0.7278202484848485
77,0.74274513984375
78,0.733993975609756
79,0.7615823737500002
80,0.7739259602564103
81,0.7736350269230767
82,0.7996477245762713
83,0.801250225
84,0.8251104797297297
85,0.8283280432432432
86,0.8474707294642857
87,0.8595688628571428
88,0.8596261885714286
89,0.8796271471428572
90,0.8756669385714284
91,0.8958230720588235
92,0.8944902647058823
93,0.9107067181818183
94,0.9300835363636366
95,0.9256318242424243
96,0.9515091234375
97,0.9564636343749996
98,0.9747193645161291
99,0.966473788
100,0.9857124064516127
101,1.0092153416666667
102,1.0038428300000002
103,1.0286154641304348
104,1.0230995683333335
105,1.0245808652173913
106,1.0624493017241379
107,1.056862722413793
108,1.0859760446428572
109,1.0676972366666668
110,1.0969115392857143
111,1.0825338910714286
112,1.1041916499999997
113,1.1312953981481484
114,1.1308289833333331
115,1.1435577481481483
116,1.1394277666666666
117,0.9939074919354839
118,1.0034301300000001
119,1.0128324283333332
120,1.0182188433333332
121,1.02472138
122,1.031674641666667
123,1.041211751724138
124,1.0505275379310346
125,1.0611870622222224
126,1.0735000357142859
127,1.0841048875
128,1.0967769267857141
129,1.1092241255813953
130,1.1173350814814813
131,1.1228631500000001
132,1.1263524777777776
133,1.1314372370370371
134,1.1377680166666666
135,1.146424607142857
136,1.1551000326923078
137,1.1648738634615383
138,1.1746454673076923
139,1.185030546153846
140,1.1961745887500002
141,1.2068562479999998
142,1.2162890279999998
143,1.224814616
144,1.2331323419999998
145,1.2436694200000002
146,1.2527296395833334
147,1.2614497354166667
148,1.27210961875
149,1.2807431333333332
150,1.2907346729166667
151,1.2993372708333333
152,1.3079627195652175
153,1.3176917173913043
154,1.3258342326086954
155,1.3357487956521739
156,1.3460904108695653
157,1.3585558630434782
158,1.3691195113636363
159,1.3787677295454543
160,1.3879298772727273
161,1.3972449568181817
162,1.405854022727273
163,1.4154859863636364
164,1.4222662318181818
165,1.4286610655844154
166,1.4353764047619044
167,1.4440691904761906
168,1.4532431666666668
169,1.4636457476190476
170,1.473130942857143
171,1.4851201714285713
172,1.4946062500000001
173,1.5062658325
174,1.5145312825000001
175,1.522370145
176,1.5282703974999998
177,1.5350016525
178,1.5427473649999999
179,1.5540342825000002
180,1.563141245
181,1.571390095
182,1.582974497368421
183,1.5932166131578946
184,1.6016130921052631
185,1.6106883210526315
186,1.6195565736842106
187,1.6265376789473682
188,1.6333051684210524
189,1.6433972631578948
190,1.6537246421052632
191,1.6639577271072796
192,1.6725872666666666
193,1.6821167138888888
194,1.6891003527777777
195,1.6976801027777777
196,1.707961686111111
197,1.716907286111111
198,1.9193533624999999
199,1.9238031281249997
200,1.9392766437500002
