1,0.0016885697327323063
2,0.0016961722283147021
3,0.0017225157455410226
4,0.0017202276322364194
5,0.0017179420129927261
6,0.0017259627994573173
7,0.0017184609376668684
8,0.0016984833751928525
9,0.0018504019993918197
10,0.001899474654924375
11,0.0019159092487611915
12,0.001944226260357403
13,0.0019617312188903724
14,0.0019743321003876223
15,0.0019981655956693564
16,0.002035751051207327
17,0.0021683124938271605
18,0.0022557234814926047
19,0.002285230645209493
20,0.0023085640472879
21,0.0023386506017956804
22,0.002361047954401211
23,0.0023923119854777517
24,0.0024204834447487116
25,0.0024527194505326467
26,0.002602491611425492
27,0.0026617085475013733
28,0.0027007915349380276
29,0.0027313497804548528
30,0.002753781379703534
31,0.002776956272977941
32,0.0028993168269519747
33,0.002905598507462686
34,0.00292795834443906
35,0.002959784033116499
36,0.002995295779124044
37,0.0030255650619757106
38,0.0030522104104737206
39,0.0030766711756103765
40,0.0031008688017684833
41,0.0031226907515050865
42,0.003148157631551417
43,0.003173323501866527
44,0.0032031817766598266
45,0.0032209835718564864
46,0.003252508534604137
47,0.0032837896320157245
48,0.0033144640684931504
49,0.0033365370847434216
50,0.0033697974015146257
51,0.0033848749773028844
52,0.003412053085649461
53,0.0034390516979190475
54,0.00347060929582285
55,0.003490690800028908
56,0.003525366561204451
57,0.003555899030847418
58,0.003569120150759735
59,0.0036292833046149236
60,0.003671262802938503
61,0.0037146568145310765
62,0.003758285806251455
63,0.00379244914536616
64,0.0033717516465499196
65,0.0033690394266230606
66,0.0033714403769772136
67,0.0033748733073007465
68,0.003416014580491132
69,0.0034840671335974074
70,0.0035250468222189873
71,0.003567551389878831
72,0.0036124164779921053
73,0.003649552496041023
74,0.0036784415945330293
75,0.0037187900247371676
76,0.0037590704366306034
77,0.003794025264187867
78,0.0038207028911296675
79,0.003863548587189459
80,0.0040768520915251405
81,0.004150161318981718
82,0.004265450900386508
83,0.004347759458279856
84,0.004872987119308473
85,0.005257258994755244
86,0.0053515277322890705
87,0.005720136490142856
88,0.006039121953294966
89,0.006463954991053728
90,0.007359849696048633
91,0.00797689194319087
92,0.00906427744859813
93,0.009634954941717197
94,0.009933383309440916
95,0.010524173795572916
96,0.010743580026631156
97,0.01085435646821844
98,0.01096533753393665
99,0.01106534359116022
100,0.01118967979664927
101,0.011299122562471786
102,0.011483469084240416
103,0.01168090040953987
104,0.011944351222266936
105,0.012162891660246944
106,0.012452456296486277
107,0.012653845726607422
108,0.012918681301855018
109,0.013156689294436906
110,0.013339773201598577
111,0.013540548967216995
112,0.013812046326879272
113,0.014052680486663548
114,0.014320184655589504
115,0.014549742163278659
116,0.01478942349128526
117,0.015035647245868804
118,0.015321287776373973
119,0.015548785703479577
120,0.015838648969849246
121,0.01608784504235177
122,0.016459006050955415
123,0.016878807123436652
124,0.017034923890608882
125,0.017181821106674273
126,0.0173415384189981
127,0.016771843486523844
128,0.01701129282511211
129,0.01721228600536193
130,0.017411279901960786
131,0.01760839610426009
132,0.01774708195054945
133,0.01788576236673774
134,0.018024011317204304
135,0.018147880150884494
136,0.018329450756693833
137,0.018508025507328073
138,0.018665652579787237
139,0.018824575697211153
140,0.01896753976953345
141,0.0190808890103218
142,0.019222964394829612
143,0.019370251107226105
144,0.01952863317702228
145,0.019710277838933955
146,0.019848097036606626
147,0.020052754327485385
148,0.020228080583680762
149,0.020407780229885056
150,0.020562819272151898
151,0.020698297089460783
152,0.02077475715469613
153,0.020864965716057036
154,0.020970405293757648
155,0.021089563003778337
156,0.021250494478155343
157,0.021410579617453677
158,0.021615386960542538
159,0.021455153669451076
160,0.021579978037383176
161,0.02172487147864882
162,0.021741235407980942
163,0.02191750179987797
164,0.02202400570365778
165,0.022171293998716302
166,0.022291961963952767
167,0.02241866582480818
168,0.02245082581168831
169,0.022578130566801614
170,0.02272144300567108
171,0.022864091267700604
172,0.022995205462724932
173,0.023158821119592877
174,0.02329862162073491
175,0.023413524323410016
176,0.02346413257525084
177,0.023594721983311938
178,0.023713246378653116
179,0.023808257438292197
180,0.02392717290102389
181,0.024065169351604278
182,0.024242389330110498
183,0.02439798917079208
184,0.02451768322065151
185,0.02468496119505495
186,0.024831838157019295
187,0.025102304572763686
188,0.02534915136892539
189,0.025650556160337554
190,0.025969784128166914
191,0.026073487975592245
192,0.02615282310971784
193,0.026290541648898363
194,0.026351981956521737
195,0.026400809399293283
196,0.026495293537906136
197,0.026623164384085688
198,0.02670620775735294
199,0.02683512383345298
200,0.026960607765151513
