1,0.0016944957860258055
2,0.001904566300294406
3,0.002016983807799559
4,0.0023406616474648777
5,0.002670164108692392
6,0.0029018789705882344
7,0.0030491825157232706
8,0.0031686791221646983
9,0.003314442103460089
10,0.0034511070459770114
11,0.0036102369393532997
12,0.00337102409445528
13,0.003495819028852411
14,0.003704302011600642
15,0.004114470671452703
16,0.005291471931942921
17,0.007883005218525769
18,0.010751923768308922
19,0.011393674929544387
20,0.012620891962566848
21,0.01383480237217872
22,0.015185598706054688
23,0.016832744340114763
24,0.01704715805439331
25,0.017962036297943303
26,0.018804984722999442
27,0.01955462373540856
28,0.020492766241849435
29,0.021075152140672786
30,0.02161706654605263
31,0.022246371231155783
32,0.022846182725642556
33,0.023481735695538058
34,0.02414565096409575
35,0.0250504494568907
36,0.02620192407407407
37,0.026662994367227504
38,0.027360119186465078
39,0.02783113862802641
40,0.028226086654135337
41,0.029400365138339914
42,0.030738406640000004
43,0.03119278709810388
44,0.03185256817063167
45,0.03237718032994924
46,0.0329853853492334
47,0.03371594210084033
48,0.03449113558847078
49,0.034812669138543514
50,0.0352553923992674
51,0.035790656107566085
52,0.03626315200000001
53,0.03707584947619047
54,0.03800368378509196
55,0.038520252923686826
56,0.03903560654158215
57,0.03965441432186234
58,0.04037319287179487
59,0.04109335390143738
60,0.04132105730452675
61,0.0419994036119711
62,0.042668226228632485
63,0.0433631730299667
64,0.04418614794238683
65,0.044995397075055184
66,0.04547611717002237
67,0.046234908796821794
68,0.04690803180803571
69,0.04762562217694994
70,0.048405418947368425
71,0.0492813498815166
72,0.05004645270108043
73,0.05066394165644171
74,0.05125809825870647
75,0.05183989197761194
76,0.052648868309859154
77,0.053343055992268046
78,0.05406949415167095
79,0.054655536903225804
80,0.05534034532237674
81,0.05588425401606427
82,0.056604455615696894
83,0.05742976975308643
84,0.059069882415254245
85,0.05967111819484241
86,0.06054418347826088
87,0.06127983595988539
88,0.06225688583815029
89,0.06349814409509201
90,0.06443117436472345
91,0.06532838274539876
92,0.06608319727838259
93,0.06672640054095827
94,0.06746594635658916
95,0.07204884464594129
96,0.073126900974026
97,0.07381665316344463
98,0.0743889125423729
99,0.07519648162020906
100,0.07609870503472223
101,0.07896996841155234
102,0.0795751810469314
103,0.08033890534709193
104,0.08098832111913358
105,0.08169253846153846
106,0.08248690986717268
107,0.08328322066037734
108,0.08407884566929133
109,0.08450706281310211
110,0.08492518023255813
111,0.08553626358381503
112,0.08648176968503934
113,0.08914671014492755
114,0.08955229175152749
115,0.090658288125
116,0.09123660377358492
117,0.09194443459183675
118,0.09263741128691982
119,0.09011997176591374
120,0.09064099211065574
121,0.09088580106609809
122,0.09141274382845188
123,0.09160874525316456
124,0.09234809284232363
125,0.09253928505263158
126,0.09295562834728034
127,0.09338536114583335
128,0.09397443038379531
129,0.0944819790084388
130,0.09528571301075267
131,0.09305655890985325
132,0.0938482563169165
133,0.09421496075949366
134,0.09491175161637931
135,0.09533137107526882
136,0.09604337987551868
137,0.09734744415011037
138,0.09823474086859689
139,0.09878406754966888
140,0.0996010948081264
141,0.10019309841986458
142,0.10093120390625
143,0.10173591390186916
144,0.10261512163120567
145,0.10302760751789974
146,0.10371592727272727
147,0.10421956622911695
148,0.10498772364066193
149,0.10572538717647059
150,0.10627228621103119
151,0.1070191832125604
152,0.10756672487864077
153,0.10829256019417476
154,0.10909980775862069
155,0.11053040845959597
156,0.11113092067669174
157,0.11184628109137057
158,0.11241107386934673
159,0.11332633603491271
160,0.11423767651515151
161,0.1154458056701031
162,0.11645062660668382
163,0.11712150236220473
164,0.11772022335958007
165,0.11836474974226804
166,0.11942361090425534
167,0.1194970652925532
168,0.12035273351206435
169,0.12098723029490616
170,0.12179754783783786
171,0.12250113664850136
172,0.12469767444751381
173,0.1254306403361345
174,0.12598312750000001
175,0.12682825138888892
176,0.12735437471751415
177,0.12801636318051576
178,0.130586406980057
179,0.13126106473988444
180,0.1318560650887574
181,0.13249565581395348
182,0.1334761540816327
183,0.13451945512820512
184,0.13439580089285713
185,0.13530320515151517
186,0.13620151636904765
187,0.1370143537878788
188,0.13803951226993866
189,0.13887655333333332
190,0.14252982917981072
191,0.14338679
192,0.14403869392971247
193,0.1445763528301887
194,0.14517448349514564
195,0.14616133841269838
196,0.14610521298076926
197,0.14664463146964857
198,0.1472823880645161
199,0.14787999080645162
200,0.14872836869009587
