1,0.0017296793490379429
2,0.001717935137018114
3,0.0017186327873216442
4,0.0017355684495985726
5,0.0017185385185589852
6,0.001727789510047985
7,0.0016948417327552782
8,0.0018265689904117313
9,0.001882689986828901
10,0.0019201347115630591
11,0.001947466299939771
12,0.001985693739626766
13,0.001979368678067096
14,0.0020083736509520244
15,0.0020426126567892923
16,0.002292808307334356
17,0.002274774498523957
18,0.00230869907420732
19,0.0023376183475562447
20,0.002370488458902433
21,0.002399458144453312
22,0.0024608991890357635
23,0.002561290231647079
24,0.002648536869460554
25,0.00268648549280672
26,0.0027277187812187816
27,0.002752725186662867
28,0.0027931302964933104
29,0.0029005164825598845
30,0.002913278031809145
31,0.002938884028283564
32,0.002977597632725832
33,0.003017879013383131
34,0.003043427043549505
35,0.0030723241925249057
36,0.0031011970697003162
37,0.0031275392808825064
38,0.0031565907152610023
39,0.003182492954321393
40,0.0032058887592015385
41,0.0032415194402329013
42,0.0032743055065359472
43,0.003305999389495225
44,0.003334102009513305
45,0.003359173336571151
46,0.0033886023995031616
47,0.0034175440384178225
48,0.0034489755685733975
49,0.00347916622652371
50,0.003510420542579429
51,0.0035516911622132893
52,0.0035634784605356722
53,0.003623220549787107
54,0.0036678082204736322
55,0.003719163083302388
56,0.00377046694189126
57,0.0038024437808993174
58,0.003378775018518875
59,0.003368032166956522
60,0.0033673807860869556
61,0.0033994586223714497
62,0.003479572596637448
63,0.0035260844336875824
64,0.0035693142288498103
65,0.003618677047100097
66,0.0036571458468624926
67,0.0036960462422029514
68,0.0037379758974302396
69,0.003783883758583021
70,0.003816549795468848
71,0.0038492544678833847
72,0.004073253866763185
73,0.004155524273628439
74,0.004288565293339215
75,0.004434582641233915
76,0.005025786663664805
77,0.005298542198286964
78,0.005575372361272073
79,0.00590348602628057
80,0.006440930461197358
81,0.007307332718686942
82,0.008017900925925928
83,0.009219291753752612
84,0.009755065492012912
85,0.010311037984895298
86,0.010622237683380773
87,0.01081897115931721
88,0.010935214516129036
89,0.011037590018248175
90,0.011186075961186377
91,0.0113032736861448
92,0.011511513769246268
93,0.011772655488494908
94,0.012019491386138614
95,0.012315052053966975
96,0.01257922901785714
97,0.01283123223528649
98,0.01313835703873386
99,0.013331801594387757
100,0.01354979355867347
101,0.013852120971351831
102,0.014125383747697975
103,0.014402538938447814
104,0.014660295063694269
105,0.01491494489973845
106,0.015264051195748451
107,0.015506120860165595
108,0.015832403789618744
109,0.01610296182416549
110,0.016481654296875
111,0.01693428056234719
112,0.017093695855680158
113,0.01727402202409639
114,0.0175075803544683
115,0.016956229647283126
116,0.017175201926829267
117,0.017382740036706867
118,0.01759945567792462
119,0.017766922020348835
120,0.01791435818445196
121,0.01807787527335984
122,0.018243717774343124
123,0.018451683133133133
124,0.018620985170394035
125,0.018807754170931418
126,0.018966121842751846
127,0.019087801050420173
128,0.019238606881665815
129,0.019409140089615178
130,0.01958885008
131,0.019723428515007895
132,0.019966035718085105
133,0.020175083954154734
134,0.02037052108862144
135,0.020552272240172323
136,0.020705592491563556
137,0.020793571947283488
138,0.02089768878935939
139,0.021017838495575217
140,0.021158492180365293
141,0.021342190153172867
142,0.021521567541357672
143,0.02142469286123853
144,0.021571852790304394
145,0.02172553543635353
146,0.021735671489971346
147,0.021949070464725644
148,0.02205550744803695
149,0.022230534234787953
150,0.022385465873493975
151,0.022425287945368168
152,0.022549693405627198
153,0.02270507522576761
154,0.022863277369118622
155,0.02300478796875
156,0.023195087084089537
157,0.023350210323159787
158,0.02343363730585424
159,0.02354644753894081
160,0.023673510079413557
161,0.023784479586164302
162,0.023914971882494005
163,0.024068497923426344
164,0.024264370501835983
165,0.024422346859296486
166,0.024582020694259014
167,0.02474829084682441
168,0.024992176550632912
169,0.025276285925196852
170,0.025572051558441555
171,0.025884972757255938
172,0.026070999866220735
173,0.026192840283140284
174,0.02629933840677966
175,0.026351289686098657
176,0.02643255428093646
177,0.02656025265456989
178,0.02668068104359313
179,0.02681706653033401
180,0.026950672872340424
181,0.0271163169979438
182,0.027282428317373465
183,0.027387881009296153
184,0.02751363542798913
185,0.02763163393817204
186,0.027713555947441217
187,0.027788961262798634
188,0.02783408440972222
189,0.027889649345279124
190,0.027940419548063127
191,0.028021576550522648
192,0.028177634803583738
193,0.028384371334716458
194,0.028620897853441893
195,0.028798529340028696
196,0.029005638558106166
197,0.029369850436363636
198,0.029711533444940475
199,0.030001741085549965
200,0.030458477727614747
