1,0.002267682232432025
2,0.0030345070239366713
3,0.00352236072662601
4,0.0036970203418427603
5,0.009699334056377448
6,0.0137764432709854
7,0.017510963240418113
8,0.020422797217630854
9,0.022434141243275554
10,0.024914810172299535
11,0.02757458646805456
12,0.03060729983686785
13,0.03256475220282626
14,0.03476225876146789
15,0.036534583856088564
16,0.03897404566733068
17,0.0408491342915811
18,0.043253433938393836
19,0.045716915301724136
20,0.048296595390898485
21,0.05081261981707317
22,0.053128241272965886
23,0.055614305491698594
24,0.05899311380281691
25,0.06148604223021582
26,0.06509137740458015
27,0.06778619502332815
28,0.07417902730318256
29,0.07915399215328468
30,0.08159976763602252
31,0.08407080111524164
32,0.08610624691714835
33,0.0907753626293996
34,0.08998676293634497
35,0.09145842740585775
36,0.09282054050632911
37,0.09459326492537314
38,0.09406906581108829
39,0.09622804122055674
40,0.09927721438356164
41,0.10188770252293577
42,0.1039763343678161
43,0.10634898177458033
44,0.10871212876213592
45,0.11184521072319202
46,0.11515752169576061
47,0.11773381018276763
48,0.12008840013157895
49,0.12254338465753425
50,0.126530577994429
51,0.13073053108882524
52,0.13325133017751478
53,0.13543296710914457
54,0.1385127612307692
55,0.14408447306501546
56,0.14661458450704226
57,0.14789928627760254
58,0.15867535968858132
59,0.16115484930069932
60,0.16218144028268555
61,0.16409923944636678
62,0.17207582293233084
63,0.17103534388888889
64,0.17422047667910448
65,0.18453582182539682
66,0.18770103816326533
67,0.19152528863636362
68,0.19114248057851235
69,0.1942225041322314
70,0.1979080594827586
71,0.20120197227074232
72,0.20374557511210764
73,0.20518450379464281
74,0.2019422731441048
75,0.2043891320960699
76,0.20657755921052628
77,0.20400788893805308
78,0.2056652364628821
79,0.20755123660714284
80,0.21090697234513273
81,0.21304732293577983
82,0.21791194930232557
83,0.2208337634615385
84,0.22009657559241705
85,0.22066845539906108
86,0.22303943774038462
87,0.22139109597156392
88,0.22345172095238094
89,0.23436480150000003
90,0.23721466142131983
91,0.23437292252475248
92,0.23987944221105528
93,0.2421391180412371
94,0.23531080425
95,0.23794598074999998
96,0.25925568618784534
97,0.25245567777777783
98,0.25461868967391305
99,0.2603962762430939
100,0.26341280670391065
101,0.26115361648044694
102,0.27500943918128656
103,0.2775583434911243
104,0.275614879239766
105,0.27810927514792905
106,0.29144988509316777
107,0.2939887618012422
108,0.2765613124260355
109,0.291941849689441
110,0.29448241375
111,0.2937949978125
112,0.29631150256410255
113,0.30154973108974364
114,0.30320424551282055
115,0.3056774983974358
116,0.3096037233552632
117,0.31205284379084963
118,0.3139968351973684
119,0.32502239795918364
120,0.3277081694444444
121,0.308349914
122,0.3112584941176471
123,0.3238652117241379
124,0.32753602551724137
125,0.3301338472222222
126,0.33917982080291975
127,0.3416069467625899
128,0.34181780071942447
129,0.34457262230215835
130,0.35799999888059697
131,0.34952843582089554
132,0.35181313507462686
133,0.35624843037037035
134,0.3584696234848484
135,0.3453297474820143
136,0.3665181100775194
137,0.3691365759689923
138,0.3685079145038168
139,0.3713599311023622
140,0.37834504325396834
141,0.3684088798449613
142,0.37132425905511807
143,0.396652502892562
144,0.3992273378151261
145,0.3866672971311475
146,0.3892173384297521
147,0.39463679834710746
148,0.3803773237903227
149,0.38323483669354846
150,0.41269637327586206
151,0.4154006184210526
152,0.41378765905172415
153,0.42293427610619466
154,0.42573597927927936
155,0.4096765806034483
156,0.41297825877192984
157,0.4277089364864865
158,0.41995497433628315
159,0.42275306351351355
160,0.44230922175925935
161,0.4447365509259258
162,0.4190009105263158
163,0.42117571415929206
164,0.44647473657407405
165,0.44543846944444454
166,0.4476382103773585
167,0.46560603267326733
168,0.46866128762376236
169,0.4437503412037036
170,0.4562865566666666
171,0.4582654366666667
172,0.4529303928571429
173,0.45582712961165045
174,0.481214729
175,0.4486473551886792
176,0.45167696904761906
177,0.4890806969387756
178,0.4916813551546392
179,0.4853608647959184
180,0.48763274438775517
181,0.4936133242268041
182,0.47719670550000004
183,0.4800442555
184,0.5093409652542373
185,0.5118033478494625
186,0.4978203121052631
187,0.5147628706521741
188,0.5169419548913043
189,0.48627552499999993
190,0.4889489234693879
191,0.5322443616666668
192,0.5124868419354839
193,0.5146260043010752
194,0.523403955978261
195,0.5260663510869565
196,0.5138701918478261
197,0.5164555815217392
198,0.5483484448275862
199,0.5396804426136363
200,0.5419543204545454
