1,0.0025826357725745376
2,0.003394882344337913
3,0.003802940219599876
4,0.011691211753208431
5,0.017174413632007664
6,0.021033125482093667
7,0.02396478276608911
8,0.027684705967633172
9,0.031414610999225406
10,0.034580936515410964
11,0.0371345899639964
12,0.04028135486307838
13,0.043181243711656436
14,0.04661436334056398
15,0.05027753486078886
16,0.053478821943765284
17,0.05661091825806451
18,0.06113105443828017
19,0.06584578366111953
20,0.07348779659284498
21,0.07914289290780142
22,0.08262991031021896
23,0.08546136411439115
24,0.09108862186878726
25,0.09082207365805169
26,0.09268647663265306
27,0.09555014247881356
28,0.09537918354037267
29,0.09953066930585683
30,0.10289650090293453
31,0.10595809461358315
32,0.11018103144578312
33,0.11352021064356435
34,0.11773618384223919
35,0.1209114140957447
36,0.1257852797043011
37,0.1310373
38,0.13477838771676298
39,0.13817229534883724
40,0.14453667678018575
41,0.14715374953271027
42,0.15871197060810813
43,0.16259818235294116
44,0.16368158368055555
45,0.17266591290909092
46,0.17287345959409595
47,0.18442533463035019
48,0.18953634919999998
49,0.19286585409836066
50,0.1943334623966942
51,0.19924978640167362
52,0.20346940064655175
53,0.20054936313559324
54,0.20309017294372295
55,0.20646542280701755
56,0.20438087931034482
57,0.20702851244541481
58,0.2111691830357143
59,0.21448918923766816
60,0.22046359052132705
61,0.22094613395348842
62,0.2221512381395349
63,0.22155700258215963
64,0.23313158926829272
65,0.23653446574999995
66,0.23472640799999997
67,0.2412032152284264
68,0.235051996
69,0.257129171657754
70,0.26135026895604396
71,0.2550295279569892
72,0.2616781167582418
73,0.2608010732044199
74,0.27562218211009176
75,0.2747268280346821
76,0.2781997587719299
77,0.2920605521472393
78,0.276148999112426
79,0.2923751833333333
80,0.2928849564417178
81,0.2960465559375
82,0.30195837531249997
83,0.30478812564102564
84,0.3097454038709678
85,0.3127648980392157
86,0.31588754166666666
87,0.32855421836734694
88,0.31029264738562096
89,0.32368154758620693
90,0.32841225344827585
91,0.3382395577464789
92,0.3418326485714286
93,0.343064690647482
94,0.3578140776119403
95,0.3500170459259259
96,0.35522493432835817
97,0.3586605359848484
98,0.34621177158273375
99,0.3686269038759691
100,0.3691021186046512
101,0.3770431889763779
102,0.38065659126984125
103,0.3722154391472868
104,0.3985109684873949
105,0.38681139344262294
106,0.39307366270491806
107,0.3800681428571428
108,0.38394655
109,0.414224785775862
110,0.41373378275862066
111,0.42375256194690264
112,0.4087769800847457
113,0.4132177965517242
114,0.42928719459459463
115,0.4225966811403509
116,0.44302548014705884
117,0.4182297423611111
118,0.4213977118421052
119,0.44746647405660384
120,0.44723691415094335
121,0.4660546558252427
122,0.4425203212962963
123,0.4562251803030303
124,0.45906128476190466
125,0.4550662109523809
126,0.4821166235000001
127,0.4498328910447761
128,0.4885600035714286
129,0.49218735153061216
130,0.4868765092783505
131,0.4936097385245901
132,0.47835021800000005
133,0.508707004103479
134,0.4958237948453608
135,0.4999300027147767
136,0.5165467338709678
137,0.48709490867346933
138,0.5315428022222222
139,0.512461148924731
140,0.5160188618279569
141,0.5251347440217392
142,0.514358532795699
143,0.5475387287356321
144,0.5396068874999999
145,0.542662746590909
146,0.5596384729411764
147,0.5215323358695653
148,0.5620085923529412
149,0.5505699649425289
150,0.5774145296703297
151,0.5806166163461537
152,0.5541893856321839
153,0.5836256804878049
154,0.58245905
155,0.600176641875
156,0.6043063780000002
157,0.5609810847058824
158,0.5965652882352939
159,0.5876048609756098
160,0.6196137701298701
161,0.6235100779220778
162,0.5944894549999999
163,0.6409150712765956
164,0.624243311038961
165,0.6331083385416669
166,0.5980259143749999
167,0.6018940070000001
168,0.6563680423913043
169,0.6364474322368421
170,0.6575608065217391
171,0.6317587809210526
172,0.6359919967105263
173,0.6782913936619719
174,0.6492337819148937
175,0.6694987522222222
176,0.6353743190789475
177,0.6393217095744681
178,0.6965261420289856
179,0.6411256319148937
180,0.7051007627906978
181,0.6695964677777778
182,0.7012251627906976
183,0.7054893776119403
184,0.6625334333333333
185,0.7237766166666667
186,0.6747863222222221
187,0.7266819681818182
188,0.7308232977272727
189,0.6792676500000001
190,0.7432176046875
191,0.706026873255814
192,0.7329824939024391
193,0.6900041363636364
194,0.6935614420289854
195,0.76299197625
196,0.7091779917910448
197,0.7730651641025641
198,0.7105075843283583
199,0.7142730522388059
200,0.7751629858974359
