1,0.0019053720971496696
2,0.0023460877532183633
3,0.002799932071128503
4,0.003151350162490827
5,0.0034257465124230683
6,0.0037896228990610325
7,0.0036726409827544555
8,0.0049122970007092915
9,0.010462973282360543
10,0.012173398375594295
11,0.014674674609200532
12,0.01735471522248244
13,0.018448995184630737
14,0.020070726723194748
15,0.021505119937606353
16,0.022445182122587965
17,0.023762492552514322
18,0.025687912089274643
19,0.026913742180251825
20,0.027906979790115097
21,0.02988573597173145
22,0.031327983091048214
23,0.03250576805225654
24,0.033918745664505666
25,0.03493409747647561
26,0.03581800481099656
27,0.03717670856378233
28,0.038570608509659605
29,0.039685352427637724
30,0.04112377078048781
31,0.041984510020040076
32,0.043347065637651824
33,0.044855529586426295
34,0.04615665747613997
35,0.04751529029017856
36,0.049021888195232684
37,0.05055583451276102
38,0.051759353562945365
39,0.05307113357400722
40,0.054527434634760695
41,0.05574309868090453
42,0.05698771041397154
43,0.059397206666666674
44,0.061014840110650066
45,0.0626964807080925
46,0.06479044934971097
47,0.06648104505988024
48,0.0679372271755725
49,0.07345660807504077
50,0.07462362562396006
51,0.07644917545757071
52,0.07995618715277777
53,0.08128420272232305
54,0.08278969436090224
55,0.08408097028571429
56,0.08508755864312269
57,0.08659474339622641
58,0.0898146502020202
59,0.091358993220339
60,0.09270715197368422
61,0.09070291410788381
62,0.09142019640657083
63,0.09229952803180914
64,0.09294750342741935
65,0.0939041719387755
66,0.09515230525773197
67,0.09376743578838176
68,0.09483138521560575
69,0.09587888825995805
70,0.09799666171366593
71,0.09930942477973567
72,0.10065846950672647
73,0.10220426071428572
74,0.10344702725225226
75,0.10457243636363635
76,0.10590263750000001
77,0.10730533557919622
78,0.1085468542857143
79,0.11082095461165051
80,0.11201234393203884
81,0.11356646460396037
82,0.1155798577020202
83,0.1171305605263158
84,0.11852919146981628
85,0.11959229117647056
86,0.12101160992167104
87,0.12254179184210523
88,0.12541254959677423
89,0.12677750081521738
90,0.1279877256164384
91,0.13112180430555556
92,0.13240295974576274
93,0.13438018069164265
94,0.13518716627218938
95,0.1369176877218935
96,0.13875668215339235
97,0.14319900557275542
98,0.14439644018404907
99,0.14590286309148265
100,0.14636079512578615
101,0.14746995126984128
102,0.1492177092063492
103,0.15868881866666668
104,0.16016445607638888
105,0.16153092027491406
106,0.16154082054794525
107,0.162858175088968
108,0.16379212132867135
109,0.1698730489090909
110,0.17184872425373138
111,0.1738850929090909
112,0.17143206221804513
113,0.17316802655677654
114,0.1747778248120301
115,0.18403952710843374
116,0.18571973960000002
117,0.18743139186507937
118,0.18986917293388428
119,0.19148370714285715
120,0.19258758857142858
121,0.191659666194332
122,0.19356783946280992
123,0.19480497049180326
124,0.19765109572649572
125,0.19914545127118646
126,0.20102780421940927
127,0.20273818168103447
128,0.20355925833333333
129,0.20404409366812223
130,0.20062154173728813
131,0.20147379957627118
132,0.20234304935897432
133,0.2041378853448276
134,0.20549730000000005
135,0.20646837370689655
136,0.20309250106837606
137,0.20405254465811967
138,0.2050850551948052
139,0.20554684380952384
140,0.20719998386363636
141,0.20831206118421056
142,0.21063999048672566
143,0.21201122081447965
144,0.21324717466063345
145,0.21672552
146,0.21815511116279068
147,0.21990391046511631
148,0.21844403692660552
149,0.2197587356481481
150,0.22110492981220659
151,0.22065524837209308
152,0.22171962440758297
153,0.22299234383886257
154,0.2206315927230047
155,0.22196923372093022
156,0.22303917463414635
157,0.23298434679802954
158,0.2342744940886699
159,0.23559514950495047
160,0.23184728842364535
161,0.23361410960591134
162,0.23495687772277227
163,0.23942562868020303
164,0.24072647914572864
165,0.2419651552763819
166,0.2339183564356436
167,0.23545549225000004
168,0.23713206909547738
169,0.2566863902173913
170,0.25843073913043474
171,0.2603120776243094
172,0.2523194478609626
173,0.25359729893048133
174,0.2548802619565217
175,0.2595542215053764
176,0.2609297980978261
177,0.2626721393854749
178,0.2590234107142857
179,0.2608669687845304
180,0.2624481135359117
181,0.27500916734104036
182,0.2763286260233918
183,0.2777549606936416
184,0.27492051156069364
185,0.2763988312138728
186,0.27770322861271685
187,0.28962159246987945
188,0.29130268242424245
189,0.2921689378881987
190,0.27405188494318183
191,0.27575137687861273
192,0.27714314190751443
193,0.29154035272727274
194,0.29302201840490794
195,0.29411746625766877
196,0.2927089790909091
197,0.2937747260736196
198,0.2951163978125
199,0.2995598627329192
200,0.30120447406250006
