1,0.0024242805268678393
2,0.0033387698987673024
3,0.0036687215265220016
4,0.010838367754919498
5,0.016092540897302905
6,0.019718284221813723
7,0.022641371951219513
8,0.02632374559346126
9,0.02906790846839546
10,0.03254788121869783
11,0.03517104595588236
12,0.03822338618618618
13,0.041027293750000006
14,0.043732954560810805
15,0.04692286688466112
16,0.050417942298288505
17,0.053468786251621284
18,0.05631041362378976
19,0.06064784598278336
20,0.06506216568181818
21,0.07232949005059022
22,0.07590098831282954
23,0.08128344314079425
24,0.08438751850775193
25,0.08931859630390145
26,0.09255062182017545
27,0.09145212987421385
28,0.09335690784946236
29,0.0935399225263158
30,0.09602069096916299
31,0.09989213596881959
32,0.10298360887850468
33,0.10591997722891566
34,0.10926930479115479
35,0.11289663869346735
36,0.11704952538659791
37,0.12010742284946235
38,0.12483228158602153
39,0.12783342336182335
40,0.13302751978851965
41,0.13611941873111782
42,0.14286868300970873
43,0.14607909952681386
44,0.14830362901639343
45,0.15986497708333336
46,0.16148997302405502
47,0.16409090398550724
48,0.1733201113207547
49,0.17307498600746268
50,0.18431309740000001
51,0.18833121280991733
52,0.19248276581196583
53,0.1937041319502075
54,0.1981584782051282
55,0.20255961135371178
56,0.20435297358078605
57,0.20186566271929826
58,0.20536423415178576
59,0.20315950676855896
60,0.20538075
61,0.20770470614035094
62,0.2121200933035714
63,0.21714772093023255
64,0.2209586014084507
65,0.22096628672985782
66,0.22212904597156397
67,0.22131298904761904
68,0.22416125096618353
69,0.23568001732673263
70,0.23409396584158418
71,0.24012097706185567
72,0.23377386325000002
73,0.23740898096446697
74,0.2594984060439561
75,0.253364752173913
76,0.2595501980978261
77,0.2631959025568182
78,0.2619135508379888
79,0.2762913639053254
80,0.2753436924855491
81,0.27864666023391804
82,0.29196889813664595
83,0.2760667150887574
84,0.2920901729813664
85,0.29553409187499996
86,0.2955092563291139
87,0.30146098557692314
88,0.30363525709677425
89,0.308602141503268
90,0.311907779
91,0.3142294457236842
92,0.32631906360544216
93,0.30774561064516126
94,0.3115021934210527
95,0.3244039034013605
96,0.3296038479591836
97,0.3390394017857143
98,0.3420903186131387
99,0.34321596350364963
100,0.35780321007462695
101,0.3499381577777778
102,0.3530938555970149
103,0.3578976274809161
104,0.3456601649635037
105,0.36727819923664123
106,0.367449584351145
107,0.371268766535433
108,0.3788174301587302
109,0.3702881872093023
110,0.3963615281512604
111,0.39975389705882347
112,0.38770717148760325
113,0.394117129338843
114,0.3805895626984127
115,0.38409771557377054
116,0.4143764103448276
117,0.41362377236842107
118,0.4237087690265487
119,0.42772185180180183
120,0.41255712801724137
121,0.42794906531531535
122,0.42132624070796465
123,0.44197155235849056
124,0.44466300424528304
125,0.419711389380531
126,0.44586275999999997
127,0.44543179716981135
128,0.4484180217592592
129,0.4669139043689321
130,0.4431546791666667
131,0.456451361904762
132,0.4591474847619048
133,0.45503922766990296
134,0.48164598673469383
135,0.4496736166666666
136,0.4535153699999999
137,0.49139400412371137
138,0.48562709758064515
139,0.49244468157894744
140,0.4768088300000001
141,0.48035403265306126
142,0.5103336584745761
143,0.49698543473684204
144,0.5147412607526882
145,0.5178358810530219
146,0.48802288571428576
147,0.5320302927777778
148,0.5129765215053764
149,0.5162071005376344
150,0.52510182
151,0.5140931768817204
152,0.5470535798850574
153,0.5506290431034483
154,0.5418910164772727
155,0.5585874805882354
156,0.5196515858695652
157,0.56001508
158,0.5637969788235295
159,0.5520721218390805
160,0.5789678713414635
161,0.5517566206896553
162,0.555326717816092
163,0.5842598213414636
164,0.5830480274390244
165,0.6007130280000001
166,0.6045414487341771
167,0.5610620652941175
168,0.5960611281249998
169,0.5872456701219512
170,0.591068805882353
171,0.6223496253246753
172,0.5932955518749999
173,0.6389427927771557
174,0.6230161805194807
175,0.6261069717105263
176,0.6350705690789473
177,0.5994930113924051
178,0.6543108173913043
179,0.6582018805555555
180,0.636959025
181,0.6581519618055556
182,0.6320817473684212
183,0.6360187914473684
184,0.6779773873239436
185,0.6487652763513514
186,0.6692197011111111
187,0.6731050466666666
188,0.6382944960526316
189,0.6955261137681159
190,0.6400386393617021
191,0.7033882802325582
192,0.7068793
193,0.6714733844444445
194,0.7028840104477613
195,0.6594812375
196,0.663632175
197,0.7241242560606062
198,0.6753856
199,0.727065609090909
200,0.7309776787878787
