1,0.0017008481039121582
2,0.0017181239659182846
3,0.0016990979490654873
4,0.0017012934661088457
5,0.0017096068100295396
6,0.0018772688488526456
7,0.0019043214285714284
8,0.0019409773944057064
9,0.001967442294146223
10,0.001995398369967893
11,0.00206141213090757
12,0.0022511890758506975
13,0.002297601184360731
14,0.0023360476522750404
15,0.0023812248649445044
16,0.0024174824728588652
17,0.0025431331769776872
18,0.002660673100779449
19,0.0027150600180505416
20,0.0027493462175075365
21,0.0027811733016147636
22,0.002904770597946809
23,0.0029484525775254965
24,0.0029905657474456893
25,0.0030365989359022794
26,0.003072075208028965
27,0.003109833152173913
28,0.003148647226002303
29,0.003183171893530109
30,0.003215292551421154
31,0.003265239305887465
32,0.00330710394880546
33,0.003342441978942994
34,0.003375396136680614
35,0.0034174357077988416
36,0.0034580422766550024
37,0.0034953832633560153
38,0.0035503758598274438
39,0.003584037221228384
40,0.003653071359589558
41,0.003720521663778163
42,0.0037820330089878857
43,0.0033664180232558134
44,0.003369001187408594
45,0.003380551164574617
46,0.003470600757140807
47,0.003529067213890507
48,0.003598962718562875
49,0.003653327548323769
50,0.003704375536639525
51,0.0037739533707865174
52,0.0038181447801117147
53,0.003887954470304853
54,0.004150387521639319
55,0.0042930111214046236
56,0.004691560376369811
57,0.005276303605323442
58,0.005620297795056284
59,0.006177946532124154
60,0.007056786411855462
61,0.008106241894596395
62,0.009486545177154299
63,0.0101465578397216
64,0.010647918339595277
65,0.010875678906600806
66,0.01102495248750568
67,0.01120664756238447
68,0.01142418330834733
69,0.011733184361866187
70,0.012079922759396929
71,0.012475798175745118
72,0.012794451936758893
73,0.013182172599736957
74,0.013451993500355466
75,0.013836628059528514
76,0.014252218757789781
77,0.014570791634124364
78,0.014925596846153844
79,0.015333653132588635
80,0.015735121375283816
81,0.016109255365723437
82,0.01662581056824217
83,0.017034033244680856
84,0.017300306138933762
85,0.01677911948798328
86,0.01714508940188877
87,0.017416448558999455
88,0.017693283003844044
89,0.017892569900221724
90,0.018106346939328274
91,0.018328201795649972
92,0.0185970457622739
93,0.01882888409767719
94,0.019043941555812606
95,0.019223052829218105
96,0.0194409598636756
97,0.019711948147058823
98,0.019956467345132747
99,0.02022162084063047
100,0.020490835173223722
101,0.02069920486518171
102,0.020826284367469878
103,0.020969509848024315
104,0.02116094123505976
105,0.021385276727828743
106,0.021368815035169988
107,0.02158499315155358
108,0.021750588956857695
109,0.02190628776837996
110,0.022060263339793284
111,0.022277641867088607
112,0.02243580502776064
113,0.022569613335455124
114,0.022770671599203717
115,0.022980931019736844
116,0.023209326220735783
117,0.023402548463047745
118,0.023502799337309477
119,0.02369268170170828
120,0.02385977928769018
121,0.024054101600474213
122,0.024318190488968393
123,0.024500495487967913
124,0.024736100716723552
125,0.025043119297036526
126,0.02545175843579235
127,0.025887266118881116
128,0.02610127227961432
129,0.026265295981830885
130,0.02636149291424418
131,0.026480900219780217
132,0.026640252560351133
133,0.02680974057610242
134,0.027010801551226555
135,0.02722553120926865
136,0.027400714961832058
137,0.027551352459016392
138,0.027711318058690745
139,0.02780636589090909
140,0.02786428533026114
141,0.02792315153788447
142,0.028039415150346955
143,0.0282572758841234
144,0.028586538541666668
145,0.02882178167456556
146,0.0291782005126183
147,0.029691804411764704
148,0.03004636448194662
149,0.030502479725609762
150,0.030728364620797498
151,0.030832956084437084
152,0.03107133392724573
153,0.031183355564995758
154,0.031237596005046258
155,0.03140357514498757
156,0.03159846993437244
157,0.031815797390223687
158,0.03199223266499582
159,0.032132618714285716
160,0.032271047708333334
161,0.03242898496240601
162,0.03257065805340223
163,0.03273997362344583
164,0.03294544386831276
165,0.033129320533446235
166,0.03328869987102322
167,0.033524563906390636
168,0.03375546333038086
169,0.03404496220400728
170,0.03432162442680776
171,0.03441444938864629
172,0.03455000917107584
173,0.03466572486654805
174,0.03472247423580786
175,0.03482356586144029
176,0.03498474380650994
177,0.03507541202809481
178,0.03516835127450979
179,0.03530213814847943
180,0.03545978243371213
181,0.035680944046466594
182,0.03577580143518518
183,0.035832904481792716
184,0.035884595952380964
185,0.03606443926526718
186,0.03633251422727273
187,0.03652968894009217
188,0.03674593801932366
189,0.0370262015434986
190,0.0372237276076555
191,0.037684159246575345
192,0.03784593974600188
193,0.038005445089285717
194,0.03817964442800789
195,0.03832314766221374
196,0.03846683303303304
197,0.03858721321951219
198,0.03873242239795919
199,0.03889343839641435
200,0.039037915503489534
