1,0.0019381265158612045
2,0.0024270055764310846
3,0.002889590305329828
4,0.0031600330754657405
5,0.0034476360199579893
6,0.003332938228406116
7,0.0037028166050067824
8,0.005305895936753305
9,0.010850365790062667
10,0.01279848401686874
11,0.015379156099360553
12,0.01740019104062326
13,0.019040432436260617
14,0.02068650998140112
15,0.021646400743955362
16,0.02303070059190031
17,0.02436690204286671
18,0.026289354187366925
19,0.027506935410662823
20,0.0285559623012869
21,0.030779273057851237
22,0.03195213620836892
23,0.033140629505300355
24,0.03461272666374781
25,0.035606348842592596
26,0.036514059403669724
27,0.038216839258911825
28,0.03931049512795275
29,0.0405812991861648
30,0.041648902533609096
31,0.04305765040609138
32,0.04464356555299538
33,0.04560775779976716
34,0.04704876212296984
35,0.04851715900954654
36,0.0502960485419198
37,0.0516724325308642
38,0.05277169413265308
39,0.0541659784351145
40,0.05545542677631579
41,0.056716106147540975
42,0.059877923484848494
43,0.0614676556671449
44,0.06313975480769231
45,0.06419047136363636
46,0.06592551494082839
47,0.06716243296875
48,0.07369969127118643
49,0.0749447734375
50,0.0768773321299639
51,0.0782321900179856
52,0.07969898607594937
53,0.08117859024390245
54,0.08399261876190477
55,0.08516045900195694
56,0.08684760902777779
57,0.08742589421157686
58,0.08912799242424242
59,0.09102525525252525
60,0.090387650625
61,0.09117085202020202
62,0.09191263044806516
63,0.09280307675906184
64,0.09379043989473683
65,0.09336940159914713
66,0.09463213993576017
67,0.09566367261904762
68,0.0965876359030837
69,0.09823116434878587
70,0.09969345378440367
71,0.10133914360986548
72,0.10261843911564625
73,0.10368149131944447
74,0.1033756842889908
75,0.10489980440476193
76,0.10621278279069767
77,0.10949989304878051
78,0.11081758168316833
79,0.11211615210396039
80,0.11241122438118811
81,0.11405721701298699
82,0.11544838698453609
83,0.11948507220744681
84,0.1208377704
85,0.12215727671232879
86,0.12431980876712327
87,0.12584312937853107
88,0.127000394198895
89,0.13019489426934097
90,0.13152503222543352
91,0.13336583800578036
92,0.13451937521994134
93,0.13633961966966965
94,0.13814730390390392
95,0.14250340920634919
96,0.14376362460567824
97,0.1453231037735849
98,0.14676897916666667
99,0.14792977182410427
100,0.1496429042763158
101,0.1558177113013699
102,0.15740105996563575
103,0.15886291223776222
104,0.15981925807560138
105,0.1607607314236111
106,0.1618296403169014
107,0.16586691921708188
108,0.1679261218181818
109,0.16968666355311357
110,0.17038130531135529
111,0.17187432312030076
112,0.17362428685185186
113,0.1824212881632653
114,0.1843383785714286
115,0.18589819615384615
116,0.18070134305555557
117,0.18231975694444444
118,0.1841596284313725
119,0.19311496835443037
120,0.19443008347280336
121,0.19572306452991456
122,0.1945452771966527
123,0.19640862800829875
124,0.19802329661016946
125,0.1989309912663755
126,0.19928984894514767
127,0.20085528534482758
128,0.20188674870129875
129,0.20268924610389605
130,0.19992353571428567
131,0.2011959378787879
132,0.2022901974137931
133,0.20327848995633185
134,0.20469085065789472
135,0.2056390149122807
136,0.20502156964285714
137,0.20650884579646014
138,0.20794324820627802
139,0.2033084319196429
140,0.2051089549107143
141,0.20652574955752218
142,0.21414133096330276
143,0.21537928930232556
144,0.2171888331018518
145,0.21771817379807692
146,0.21891597511737088
147,0.2202003888095238
148,0.22022650900473933
149,0.2215950335680751
150,0.2227826492788461
151,0.22010284624413143
152,0.22138064976744193
153,0.22270801833333334
154,0.2281130042079208
155,0.22929810960591132
156,0.23080444346733667
157,0.23183373140703514
158,0.23318157663316583
159,0.23455172875000002
160,0.2387190878865979
161,0.2399227394871795
162,0.2415518505154639
163,0.2358943449748743
164,0.23745281
165,0.23911896979695435
166,0.24952126604278074
167,0.2510177310160428
168,0.25255180645161296
169,0.25042390267379677
170,0.25142036881720436
171,0.2530064755376344
172,0.2579518081521739
173,0.2594713519337016
174,0.2611047494475138
175,0.26004047115384615
176,0.2618328790055249
177,0.26356592928176803
178,0.2718218557803468
179,0.27347481127167633
180,0.2748324057803468
181,0.27336245438596496
182,0.27475064766081875
183,0.28103940625
184,0.28246755446428573
185,0.2834962795180723
186,0.2737851813609468
187,0.27558683905325443
188,0.2770727842105264
189,0.2889092263803681
190,0.29062205093167703
191,0.2918513073619632
192,0.29378326343749994
193,0.2948907534375001
194,0.29621591281250004
195,0.29548653187499996
196,0.2967179613924051
197,0.2977020863924051
198,0.2977017579113924
199,0.29932929937499997
200,0.301225621835443
