1,0.0017674535785953177
2,0.0020262713130173057
3,0.0024352675738723273
4,0.0029007569285242757
5,0.0031181389044652123
6,0.003332873859407306
7,0.0035595776552412774
8,0.003371168902566243
9,0.003664732369417108
10,0.004198266185220315
11,0.006985495212642343
12,0.01094551958509142
13,0.012429694727345633
14,0.014329064666377817
15,0.016496595091324198
16,0.017484823513513513
17,0.018750802833500505
18,0.019977873753976666
19,0.021062856672158153
20,0.02191523043721973
21,0.022872059807355516
22,0.02383287035294118
23,0.025218049400252518
24,0.026435907485029938
25,0.027435307874828067
26,0.02799616696685879
27,0.02973038541818182
28,0.03116014924981246
29,0.031976414119472454
30,0.03284194595469255
31,0.034033191313383206
32,0.034757309647651
33,0.03545348979328165
34,0.036115072770154376
35,0.03761063480956599
36,0.038495183725135634
37,0.039428185296889726
38,0.04037003411264612
39,0.04096474880382774
40,0.04201081047227926
41,0.04309782637474543
42,0.044237315190735704
43,0.04521026464059197
44,0.04632957908108109
45,0.04737169731947484
46,0.0485361740340909
47,0.049806666021126746
48,0.050780056984866116
49,0.0517533888424821
50,0.05282009864029666
51,0.05390338340611354
52,0.05486353597256858
53,0.05580576172370089
54,0.05684042403598972
55,0.05906659021592442
56,0.06003715226337449
57,0.06126320995850622
58,0.06265916513629842
59,0.06444398264401772
60,0.06574908495508983
61,0.06681279246987952
62,0.06813453116169546
63,0.07327208914790999
64,0.07413571285714285
65,0.075349916
66,0.07688019024179621
67,0.07988484747386759
68,0.08081134096715328
69,0.0818883506352087
70,0.08311031606498195
71,0.08416368896226416
72,0.0849042817679558
73,0.08586601618773947
74,0.08909799789579156
75,0.09020043221343874
76,0.0912404507936508
77,0.09229920983606558
78,0.09016483092885376
79,0.0908302741550696
80,0.091431066598778
81,0.09193261048879837
82,0.09262780806122448
83,0.09326577981744423
84,0.09410206053191489
85,0.09502609510416665
86,0.09325410395537524
87,0.09410731639175259
88,0.09506819589473683
89,0.09589941735357917
90,0.09749072827004221
91,0.09865330129310343
92,0.09983808474945534
93,0.10083486898148149
94,0.1021245610375276
95,0.1030384021590909
96,0.10390269229910713
97,0.10498790372460495
98,0.10595720474537038
99,0.10704236850574711
100,0.10798076170960187
101,0.1093106608433735
102,0.11102694404761908
103,0.11189169544334975
104,0.1129529041564792
105,0.11489987066831683
106,0.11621673516209476
107,0.1171938547314578
108,0.11825041099744246
109,0.11915097069408741
110,0.12028987901554404
111,0.12118201546391753
112,0.12248469289544237
113,0.12495113400537634
114,0.12596986141304345
115,0.12693878567567565
116,0.12804290590659342
117,0.13108865356125354
118,0.13204044059829062
119,0.13329570386819484
120,0.13460170621387285
121,0.13501360158501446
122,0.1364927933717579
123,0.13786164927113703
124,0.13906278398791544
125,0.1432314713846154
126,0.14423582242990654
127,0.14506562555205044
128,0.14645052059748426
129,0.14650830234375
130,0.14757307841269843
131,0.14867714870550164
132,0.1499491221153846
133,0.1588747525510204
134,0.16018491151202746
135,0.16120311597938144
136,0.16281185756013747
137,0.16196373625429553
138,0.16300427388316152
139,0.16365383785211265
140,0.16968855
141,0.17067391272727273
142,0.17245420222222224
143,0.17397239078947369
144,0.17104844652014656
145,0.1723097630597015
146,0.17346514450549452
147,0.17489798415094343
148,0.18382698115079363
149,0.18514042224409447
150,0.18658178156862745
151,0.18778922779999999
152,0.18979422753036437
153,0.1907443963562753
154,0.19197990612244897
155,0.19302538785425102
156,0.19183137530612243
157,0.19317853530612245
158,0.1943707150826446
159,0.19532489152892565
160,0.19777126924686195
161,0.19918805384615385
162,0.2004797670940171
163,0.20179486603375527
164,0.20299950323275864
165,0.203773515720524
166,0.20405452748917752
167,0.2051928417748918
168,0.20104055043103444
169,0.20179839653679654
170,0.20232018818565403
171,0.20410630324675322
172,0.2048402775862069
173,0.20580875786026198
174,0.20662714668141596
175,0.2029952420940171
176,0.20380227077922078
177,0.20432063809523807
178,0.2053336709606987
179,0.20573712522123894
180,0.20684273711790396
181,0.20770357522123897
182,0.20875829910313898
183,0.2108808171875
184,0.21195723669724773
185,0.21272104796380095
186,0.21374586809954754
187,0.21715481307339451
188,0.21818472293577984
189,0.21940051441860467
190,0.22097058826291077
191,0.21902651353211006
192,0.22008724744186045
193,0.2211546751162791
194,0.2223699034883721
195,0.2212075164319249
196,0.22229971737089205
197,0.22317705328638496
198,0.2240414447619048
199,0.22142909061032867
200,0.22229531502347413
