1,0.0017256975938197334
2,0.0020242125762641038
3,0.0024366590469700523
4,0.002900102018838493
5,0.0031129649098258706
6,0.0033285078677230454
7,0.0035446841886507432
8,0.0033697345061599504
9,0.0036401567223099483
10,0.004149195058783439
11,0.006457744494067457
12,0.010857442980873332
13,0.012198974534942182
14,0.01411782769208382
15,0.016195959169279
16,0.017278519920544834
17,0.01858919696273609
18,0.01975158781362007
19,0.02093051456628478
20,0.021739110803059274
21,0.022695157301899145
22,0.02370523570437196
23,0.02483827087412588
24,0.02635646378504673
25,0.02728979034822105
26,0.02790703378787879
27,0.029235006674473072
28,0.0309519898909396
29,0.031807318622448975
30,0.03261666639554795
31,0.033677962216828485
32,0.03466379901234568
33,0.03525134256086565
34,0.03587705528804815
35,0.03709234082031249
36,0.0382992109406953
37,0.03907552185598377
38,0.03999916711045365
39,0.041181584764826175
40,0.04174521088082901
41,0.042750383814102566
42,0.043880700107526885
43,0.04518401802259888
44,0.0460059476300578
45,0.04704839197384066
46,0.048213929689234186
47,0.04946895134146341
48,0.05051149894366197
49,0.05154784580725908
50,0.052438707450980386
51,0.05356209733840304
52,0.054541971819425446
53,0.055602515733333344
54,0.0564816032369146
55,0.058595641725601125
56,0.05961570068870524
57,0.060860296242774566
58,0.062147399236641226
59,0.06398975899843505
60,0.06523954953846153
61,0.06644334230205279
62,0.06738287669683257
63,0.07273360879310344
64,0.07383958835845895
65,0.07468178245149912
66,0.07608095224525044
67,0.07919734990974729
68,0.08035768122710622
69,0.08149294467889909
70,0.08254955982490272
71,0.083866525390625
72,0.08453500948275862
73,0.08534174929718877
74,0.08659162666015624
75,0.08940997829614604
76,0.09071984710578843
77,0.09177433660337551
78,0.09287460698447893
79,0.09053122540983607
80,0.09098271061855669
81,0.09151981093749999
82,0.09259122835051546
83,0.0928231498924731
84,0.0935068563559322
85,0.09432070675105485
86,0.09556687555066079
87,0.09375886006355932
88,0.0944324022580645
89,0.09520953006465516
90,0.09652265526315788
91,0.09820643002207508
92,0.09904751724137932
93,0.10011463237250552
94,0.10129049116972474
95,0.10247111182669791
96,0.10337493013856813
97,0.10422945248815167
98,0.10518706952941177
99,0.10627521917475731
100,0.10731361361445783
101,0.10829742268292684
102,0.11030512846534657
103,0.11111199767726164
104,0.1122019557788945
105,0.113412434962406
106,0.11513575
107,0.11647996259842522
108,0.11742897831168829
109,0.11853557140992164
110,0.11927595538057745
111,0.12043872065789471
112,0.12149883472972972
113,0.12268450428954428
114,0.12520877708333336
115,0.12631069861878455
116,0.1271122149859944
117,0.12815881976744187
118,0.13111617564102568
119,0.13216742414772728
120,0.13335538226744187
121,0.13477504460641399
122,0.13520681604046245
123,0.13672071661676646
124,0.1379512304733728
125,0.13915655674846625
126,0.14329661782334388
127,0.14424343706624607
128,0.14512518241935488
129,0.14652748075709782
130,0.14658602208201893
131,0.14758281112903227
132,0.14875246747572815
133,0.1500789198360656
134,0.1590467587628866
135,0.1601905653169014
136,0.1611551291958042
137,0.16107889293286218
138,0.16194331144366197
139,0.162950446797153
140,0.16356430565371025
141,0.16959127971014493
142,0.17056588333333333
143,0.17232987761194027
144,0.1739145620300752
145,0.1709722131481482
146,0.17223809304029303
147,0.17329700171755724
148,0.1748222032442748
149,0.1836483618
150,0.18494842698412697
151,0.18637299599999999
152,0.18757550763052208
153,0.18962354858299593
154,0.19047948817427388
155,0.1917036582987552
156,0.19292198545081968
157,0.19163711823770493
158,0.19295757139830508
159,0.19417701514522823
160,0.19510290529661017
161,0.19772075253164556
162,0.19894679094827586
163,0.2001864419213974
164,0.2015749417748918
165,0.2029187828125
166,0.20370690938864625
167,0.20409715328947364
168,0.20483532013274336
169,0.20080721185344824
170,0.2015934614718615
171,0.2021168197368421
172,0.20315621842105264
173,0.2044635371681416
174,0.20568101084070792
175,0.2063541439461883
176,0.2074535858744395
177,0.20354001902654867
178,0.20420341659388644
179,0.2050145360619469
180,0.20608404513274337
181,0.20644955896860986
182,0.20746652760180995
183,0.20844135633484165
184,0.21034535825688078
185,0.21142276490825684
186,0.21227616990950227
187,0.2133577516203704
188,0.2166867037037037
189,0.2179414697674419
190,0.21910307085308056
191,0.22041130000000003
192,0.21850413333333332
193,0.21980594691943126
194,0.22034180047393365
195,0.2216384146919431
196,0.2209719362559242
197,0.22170967584541065
198,0.2227355072463768
199,0.22358680642857143
200,0.22094082699530512
