1,0.0019133571787325878
2,0.0023382520290277176
3,0.002797848421386184
4,0.003150014772132007
5,0.0034245128102937824
6,0.003788939346635368
7,0.0036645320570003023
8,0.0049177654893229426
9,0.010464714925371953
10,0.01217370002970303
11,0.014671727367055772
12,0.01735723734211972
13,0.018439730076142132
14,0.020069565058324496
15,0.021505078965517243
16,0.022449925014526438
17,0.023767393606755123
18,0.02569061754855994
19,0.02691099100491919
20,0.02790646715176715
21,0.029884555253353203
22,0.03133548503016591
23,0.032496507000795545
24,0.03392431031483016
25,0.034932142504258946
26,0.035819646354635463
27,0.03717657032772365
28,0.03857445069832402
29,0.039699350696378824
30,0.04112606468599034
31,0.04198943338264299
32,0.043340834642497494
33,0.044857416216216216
34,0.046148520967741934
35,0.04752710934734514
36,0.04902791920492721
37,0.050559050232018565
38,0.05176014704840615
39,0.0530795931598063
40,0.054541938466413184
41,0.055730184605597956
42,0.057004076326002594
43,0.059410527284768214
44,0.06100364098474342
45,0.06269113640416046
46,0.06477504332344214
47,0.06647366030927837
48,0.06793082267267268
49,0.07343467554076541
50,0.07460014155518394
51,0.07647517799657536
52,0.07992881045296166
53,0.08128684894179894
54,0.08277399879182157
55,0.08411256362799265
56,0.08511843450184503
57,0.08660848859275055
58,0.08979886104417671
59,0.09132633611111111
60,0.09270121877510039
61,0.09068051373517787
62,0.09138230861723447
63,0.09225380419161676
64,0.09289158673684211
65,0.09380680456389452
66,0.09508754906639003
67,0.0937438931632653
68,0.09478242380952381
69,0.09579145784518829
70,0.0979588857601713
71,0.09925051903719913
72,0.1005985519607843
73,0.10214496908482144
74,0.10339779401805867
75,0.1044966230681818
76,0.10584433276255706
77,0.10723918009828008
78,0.10853167809523812
79,0.11075998429951692
80,0.11194463652912622
81,0.1134978050742574
82,0.11553070939849622
83,0.11704303813131313
84,0.11850488144329896
85,0.11953451876640421
86,0.12096113847150261
87,0.12250728793565681
88,0.12540372983651227
89,0.12675759532967035
90,0.12796363684931505
91,0.13104167321937324
92,0.1323614804034582
93,0.134378423313783
94,0.13510428633720928
95,0.1368911498542274
96,0.1386438636227545
97,0.14320174151515155
98,0.14426612699386504
99,0.14587915109034266
100,0.1463442062893082
101,0.14744072428115018
102,0.14923420709677418
103,0.15861071335616436
104,0.1601413033783784
105,0.16141794726027398
106,0.16147355736301375
107,0.16281991783216784
108,0.1637845554195804
109,0.16986575719424463
110,0.1718964771217712
111,0.17388445335820896
112,0.1713501078181818
113,0.1731386308118081
114,0.17481234925373135
115,0.18404964186507936
116,0.18571609606299214
117,0.1874746424
118,0.1898488078947369
119,0.19142197510121456
120,0.19261709877551017
121,0.1916896861570248
122,0.19357559235537192
123,0.19480663807531384
124,0.19767101820083685
125,0.19911999539748954
126,0.20110666926406928
127,0.2027619808189655
128,0.20358081077586204
129,0.20423106212121211
130,0.2005627097457627
131,0.20157803405172417
132,0.20247902884615382
133,0.20429617575757572
134,0.20553114978165937
135,0.20651098750000005
136,0.20326921069868994
137,0.20417764978448272
138,0.2051906879385965
139,0.20578204491150442
140,0.20731712256637166
141,0.20845984641255605
142,0.2108084473214286
143,0.21217848437500003
144,0.21338434537037038
145,0.21693032454128441
146,0.21834052291666667
147,0.2202140565116279
148,0.21868220139534889
149,0.21993148418604655
150,0.22136704790697673
151,0.22092048441860465
152,0.2221422028169014
153,0.22344863591549297
154,0.22091196830985915
155,0.22219172018779343
156,0.2231814567307692
157,0.23318149243902436
158,0.2345550460591133
159,0.23577164748743723
160,0.23204478024390243
161,0.23373793718592964
162,0.23506293350000004
163,0.2394564637055838
164,0.24094039695431477
165,0.2420750061538461
166,0.23404731804878048
167,0.23562831624999997
168,0.23724748341708546
169,0.25684194972826085
170,0.2584651665745857
171,0.2604149884615385
172,0.2523624831578948
173,0.2538094415760869
174,0.2548695182065217
175,0.25951429483695654
176,0.260967145923913
177,0.26264740773480655
178,0.2589566521739131
179,0.260771458839779
180,0.2624178812154696
181,0.2750758852601156
182,0.2763420137931034
183,0.2778062358381503
184,0.2749188410919541
185,0.27638698554913305
186,0.27766466315789473
187,0.2897458384848485
188,0.29124585909090905
189,0.29223790889570556
190,0.2739547216763005
191,0.27574650632183906
192,0.2770861909356725
193,0.2914727159509203
194,0.2929759181818182
195,0.2941290925
196,0.2927053705521472
197,0.29383549233128836
198,0.2951512863354037
199,0.299597771835443
200,0.30123023955696204
