1,0.0018966944535105097
2,0.0023263122456377784
3,0.0027762418818657623
4,0.0030444127295597484
5,0.0032882791181273814
6,0.003528450415482177
7,0.003364276001941478
8,0.0037248607009631144
9,0.005117776272439283
10,0.010212304811288677
11,0.011982809152667985
12,0.014163251593115683
13,0.016702362768891338
14,0.017932863931190073
15,0.019253914909638556
16,0.02078402975030451
17,0.0215351506097561
18,0.0227583039261745
19,0.023875139491525428
20,0.025540490160502447
21,0.02679756218390805
22,0.027882846492007105
23,0.028948718254520164
24,0.030846263992094863
25,0.03190909467281879
26,0.03291716403508772
27,0.034374250043975374
28,0.03522428087406015
29,0.036034108124419685
30,0.0371948082538168
31,0.03841431185897435
32,0.03947186448032291
33,0.04056650762355415
34,0.04146827559585493
35,0.04266588928170594
36,0.04405023498896247
37,0.04492387428097345
38,0.04616620823529412
39,0.047390310735122516
40,0.04870447232037692
41,0.050317138977832514
42,0.051394252306733175
43,0.05255601213720316
44,0.053641743806451606
45,0.054767750066401055
46,0.055847065943877554
47,0.05726276167127072
48,0.06010547923186345
49,0.06152883196480939
50,0.06299870481049562
51,0.06402512474226804
52,0.06547457829457365
53,0.06631998001555209
54,0.0725467134879725
55,0.0741440217206133
56,0.07538901857876713
57,0.0769913339539007
58,0.07820995288966724
59,0.07936814111111111
60,0.0807040524208566
61,0.08378013692449356
62,0.08458133890020365
63,0.08556515256916995
64,0.08638795171717173
65,0.08765292075098814
66,0.08908564597938144
67,0.0905033265560166
68,0.09025309173387099
69,0.09093146640159046
70,0.09157043892339543
71,0.09220022308488612
72,0.09300204293248947
73,0.09394852357894737
74,0.09340176685022025
75,0.0944930146680942
76,0.09546905431578946
77,0.09647181296296298
78,0.09751325802603035
79,0.09876358278508772
80,0.10001733941441442
81,0.10158126848837208
82,0.10264307736720556
83,0.10359373278688526
84,0.1050090463095238
85,0.1043985715116279
86,0.10562526244075829
87,0.1068440380668258
88,0.1097707835839599
89,0.11094009605911333
90,0.11228437932330829
91,0.11228520513447432
92,0.11374998766066836
93,0.11492432598425198
94,0.11645944398976983
95,0.12020677956403271
96,0.12106823709677421
97,0.1224506021917808
98,0.12446590299727521
99,0.12579079488950276
100,0.12686459902777777
101,0.1300689358757062
102,0.1308968594476744
103,0.13234629843304843
104,0.13402900991124259
105,0.1349270759818731
106,0.13642731766467067
107,0.13813825863636361
108,0.14225172715654957
109,0.1435020459752322
110,0.1446878121794872
111,0.14621076650485434
112,0.1472270734920635
113,0.1485101125
114,0.14988939057507988
115,0.1558573275086505
116,0.15722401297577854
117,0.158147029109589
118,0.159348373183391
119,0.16029931608391607
120,0.16100290121527774
121,0.16503148297491038
122,0.16631688290909094
123,0.1678126066420664
124,0.16954521007462683
125,0.17009061203703704
126,0.1715104219557195
127,0.17296276943396227
128,0.18166103093385214
129,0.18294460277777783
130,0.18457921318897635
131,0.18605710204918036
132,0.18051618035019457
133,0.1818859307086614
134,0.1832983394
135,0.19218923298755186
136,0.19378628838174275
137,0.19485755129310345
138,0.19377862700421947
139,0.1948747257322176
140,0.19629231666666666
141,0.19767001794871794
142,0.19834171282051283
143,0.19890410818965518
144,0.19963070584415588
145,0.20108085705128206
146,0.2020344655844156
147,0.20272498230088493
148,0.1998113371179039
149,0.20098955797413792
150,0.2018735398268398
151,0.20294917161572051
152,0.2037824128318584
153,0.20461636479820625
154,0.2056975088495575
155,0.20482928849557522
156,0.20620288348416288
157,0.2074646755605381
158,0.20274124935897436
159,0.20410998549783546
160,0.20551134977876104
161,0.20678106438053098
162,0.21415453032407403
163,0.21532811226851853
164,0.21698112793427232
165,0.21710324606481482
166,0.2184256921800948
167,0.21955099069767442
168,0.22148754428571432
169,0.22030686214285716
170,0.22160113116279065
171,0.2226206920673077
172,0.21992627582938393
173,0.22107961184834127
174,0.22212773476190475
175,0.22730931514423078
176,0.22845911425120768
177,0.22945316576354682
178,0.23107132797029703
179,0.23185896699507388
180,0.23295381287128708
181,0.23416318849999995
182,0.23835192005076142
183,0.23951682291666668
184,0.24047989666666666
185,0.23485728725000005
186,0.23643110152284266
187,0.23777762868020308
188,0.2392989042328042
189,0.24919955555555556
190,0.25061599518716576
191,0.2519107232804233
192,0.24985175962566847
193,0.2507438296791444
194,0.25183373994708996
195,0.2567520562500001
196,0.25799179285714285
197,0.25935281456043957
198,0.26081538922651937
199,0.2596681513736263
200,0.261173508839779
