1,0.00194649987693769
2,0.0025112061295265746
3,0.003004103318340829
4,0.0033236981176308343
5,0.0036918790564645096
6,0.0036333626680183223
7,0.00507981536613392
8,0.010830843623804464
9,0.013138947251145356
10,0.016053182647874305
11,0.01788882679012346
12,0.019722175080213906
13,0.021427538752304857
14,0.022623807785467128
15,0.02413476023824855
16,0.026312170267558523
17,0.027645418486269255
18,0.028981172334079045
19,0.031195340472501932
20,0.032523216720386786
21,0.03430523122289679
22,0.03515778367346938
23,0.036349824136442145
24,0.038215403409090916
25,0.03948022727272727
26,0.04093545093847758
27,0.04207816882845188
28,0.04367896287393162
29,0.04525491300546448
30,0.04688341394675927
31,0.04854162017837236
32,0.05033788704358067
33,0.05174260400246306
34,0.053341751476014776
35,0.05479158457516339
36,0.056245400939597325
37,0.05897629734265734
38,0.06058080909090908
39,0.062479319364599106
40,0.0648652744493392
41,0.06663107795527158
42,0.07216078406408094
43,0.07399223901581721
44,0.0757977227031802
45,0.07940107056074766
46,0.08118543181818183
47,0.08297182090558766
48,0.08431497234432236
49,0.08548085140280562
50,0.08924255932377048
51,0.09089965450819672
52,0.09245514184322033
53,0.09067531235177866
54,0.09147101566390041
55,0.09240927
56,0.09332148973029047
57,0.09453529242105264
58,0.09336724475890985
59,0.09459772349137932
60,0.09592408377192983
61,0.09827281012793176
62,0.0998150191466083
63,0.10148879364896077
64,0.10295985878378376
65,0.10435647453488373
66,0.10586663436754179
67,0.10745204004914004
68,0.10906350990453459
69,0.11139518267813267
70,0.11276690766331658
71,0.11527709378238342
72,0.11718091026666666
73,0.11867324896103895
74,0.12008265555555554
75,0.12167997621621619
76,0.12478989878378377
77,0.12642974323204423
78,0.12783276774647886
79,0.13115114770773637
80,0.13273087197640115
81,0.13489792633928568
82,0.13585041532738099
83,0.13799880716463417
84,0.14280838217665615
85,0.1442972918032787
86,0.14597998806451612
87,0.1466665319047619
88,0.14809021803278688
89,0.15016990868852462
90,0.15986276311188813
91,0.16118137829861112
92,0.16141450459363954
93,0.16295001223776223
94,0.16408872359154927
95,0.17058919148550727
96,0.1731338771863118
97,0.1709682326007326
98,0.1728283411654135
99,0.1747919971374046
100,0.18418949841269838
101,0.18634606299999998
102,0.18808610448979593
103,0.19042472520491804
104,0.19211236359832634
105,0.19166377704918033
106,0.19364192807377048
107,0.19503527692307696
108,0.1979900782327586
109,0.20020056645021644
110,0.2026904764069264
111,0.20372735553097343
112,0.204165281441048
113,0.20074467434210524
114,0.20178884451754384
115,0.2029927547413793
116,0.20502353628318584
117,0.20623153214285714
118,0.2029679792576419
119,0.20422852721238938
120,0.20529279181818183
121,0.20623934224137927
122,0.20769725915178572
123,0.2092881319004525
124,0.2117903373303167
125,0.21317555848623856
126,0.2170500218309859
127,0.21877221303317532
128,0.22075775913461537
129,0.21954297606635073
130,0.22089685853080568
131,0.2204718707142857
132,0.22196384666666666
133,0.22347956298076924
134,0.22120813262910793
135,0.22260474404761904
136,0.22386133677884615
137,0.2340462465
138,0.23543810499999998
139,0.23196160649999997
140,0.23387237412060302
141,0.23538170728643218
142,0.2400315161458333
143,0.24144301615384609
144,0.24347511692708326
145,0.23533082474999997
146,0.23723718333333335
147,0.25707898076923075
148,0.2591034809392266
149,0.2610202480446927
150,0.25324343818681316
151,0.2543994032608695
152,0.2593850116022099
153,0.2610589832402235
154,0.26302505558659217
155,0.2596456379888268
156,0.26144214670329674
157,0.26342348938547483
158,0.27593284999999995
159,0.2776811029585799
160,0.27500905088757405
161,0.2767636851190476
162,0.278122725
163,0.29039841552795037
164,0.29192880124223597
165,0.27367230178571433
166,0.27553348601190475
167,0.27720846272189337
168,0.2916214534161491
169,0.29313739325153376
170,0.29501599468750006
171,0.293260448136646
172,0.2949349928125
173,0.29941571740506323
174,0.3011106964516129
175,0.3022690493548388
176,0.3032174051282051
177,0.30481723289473683
178,0.3064246509868421
179,0.30943416013071895
180,0.3111061970394736
181,0.3124047125
182,0.3135989003289474
183,0.3150692817567568
184,0.3255892506802721
185,0.3273106885416667
186,0.30692863571428575
187,0.30933382171052626
188,0.3110951016447369
189,0.3222544378378378
190,0.3237643265517241
191,0.32537792448275865
192,0.32877611760563374
193,0.33018455416666664
194,0.3382710715827338
195,0.3400284755395684
196,0.34172130827338126
197,0.3410185032374101
198,0.3429598244604316
199,0.3448165087591241
200,0.3576311544776119
