1,0.0017089005734513272
2,0.0017197086845754997
3,0.0017247503900210822
4,0.0017550322029510452
5,0.0019688058495821725
6,0.002021420735576522
7,0.002060124120346762
8,0.00197706874464862
9,0.0023122291159749855
10,0.002425871635468775
11,0.002479780332665948
12,0.002354003064704736
13,0.002580276278636121
14,0.00283637432776677
15,0.0029072125420976664
16,0.0027290926529385325
17,0.0029620722721042953
18,0.00300009764160351
19,0.0030643290916011166
20,0.0031260904831168826
21,0.003178919975023005
22,0.003216413362241494
23,0.0032692458994996736
24,0.0033256422750775594
25,0.0033751574267782427
26,0.0034274737192622954
27,0.003476340736470419
28,0.003523876403024135
29,0.0035903934391029466
30,0.0036544230157533734
31,0.0037550761132968823
32,0.003842322557901371
33,0.003909822704108467
34,0.0036494860472922577
35,0.003656668600313363
36,0.003700731731860483
37,0.0038299775688538664
38,0.003888952301362818
39,0.004009447964500895
40,0.004109564596764753
41,0.004169342908425899
42,0.004204618463984515
43,0.004536320837524001
44,0.004673766928527418
45,0.005442501330462625
46,0.0059122681807228916
47,0.006573316890404357
48,0.007757838579734683
49,0.009453966229093736
50,0.010393733814102565
51,0.010800516607349351
52,0.011015854895014499
53,0.011237239552238805
54,0.011602304207842258
55,0.01211967799208168
56,0.01260458006289308
57,0.013002316572883173
58,0.013444967127871925
59,0.013803188001137334
60,0.01429820140342531
61,0.014736296707132019
62,0.015149783646028765
63,0.01565576130982368
64,0.016113899409871246
65,0.016745363069094805
66,0.017200964515250543
67,0.01745512786170831
68,0.01733097970350404
69,0.017660593784994405
70,0.01795535797632469
71,0.018235608864488485
72,0.01850241048478016
73,0.01879482429494712
74,0.019107320705882353
75,0.0193271563549832
76,0.01964264219201851
77,0.01991994743150685
78,0.020258843010752692
79,0.02053325912571793
80,0.02081313622545915
81,0.02097939847161572
82,0.021176809286998208
83,0.021457605365371953
84,0.02148629590663058
85,0.02175539335538184
86,0.02198304036375239
87,0.022285211846459294
88,0.022562427941176473
89,0.022714737141967617
90,0.022960445363811977
91,0.023178724931600544
92,0.02341168003640777
93,0.023601282514930325
94,0.023818014001349527
95,0.02403078517915309
96,0.02426307846987136
97,0.024612265828334156
98,0.024891700072833214
99,0.02531884491582491
100,0.02575473135349172
101,0.026000627683823524
102,0.026181137359943978
103,0.026349366808346215
104,0.02656347770221904
105,0.02684042704918033
106,0.027078347466467957
107,0.027344639891696748
108,0.027553007561156403
109,0.027809564781021902
110,0.027953836904761904
111,0.0279923078021978
112,0.028112506714060032
113,0.02829596248043818
114,0.028694381245283025
115,0.029030385584518165
116,0.029475110852090033
117,0.029924683135391924
118,0.03026951088992974
119,0.030548412231595098
120,0.030727431982267257
121,0.03095218886589404
122,0.031105923748974564
123,0.03134455331400166
124,0.031601377813504826
125,0.03187473151294498
126,0.032093568271604936
127,0.0322731181547619
128,0.03248314763877382
129,0.032642764927905
130,0.032884456806049824
131,0.03310551392020815
132,0.03340599721269297
133,0.033713016346992156
134,0.034063502586975915
135,0.03392259512195121
136,0.034122053772727284
137,0.03431084769911505
138,0.03452903961474037
139,0.034710105000000005
140,0.03485625651571165
141,0.03506499306976743
142,0.03527145209973754
143,0.03558027315405652
144,0.035764548988040476
145,0.03586274737327189
146,0.03607161576492538
147,0.036359090577096485
148,0.036608868570102135
149,0.03687896742640077
150,0.03724047766761096
151,0.03756189284323271
152,0.037563548476190485
153,0.03779069212827989
154,0.03803733377735489
155,0.03821990863414634
156,0.038397539943074
157,0.03857190581395349
158,0.038794425642292484
159,0.03902156709090909
160,0.039409308634146344
161,0.039478173647984276
162,0.039708141202783306
163,0.03995491585728443
164,0.040270403462321795
165,0.040507642726347916
166,0.04071304017489712
167,0.041009575051975056
168,0.04109021491769547
169,0.04132903624229979
170,0.04158708974780701
171,0.041825215115062764
172,0.04210144199363733
173,0.0423436562236287
174,0.04255752813829787
175,0.042800665036803374
176,0.043084910319148934
177,0.04334475382571732
178,0.04358771287076272
179,0.04388255286928799
180,0.04423212943502825
181,0.0445233347006652
182,0.04475135542099192
183,0.04498377057205721
184,0.04534742190635451
185,0.04507273376259798
186,0.045353277136514984
187,0.045606757263513514
188,0.04586578928987194
189,0.04612671340090091
190,0.04637128534482758
191,0.046572807142857144
192,0.046842682420091326
193,0.047098578440366974
194,0.047340927619589974
195,0.04760629739952719
196,0.047876525795053006
197,0.04819774381563594
198,0.04847375179012346
199,0.048699893567251455
200,0.04895515822407627
