1,0.0017021158312239297
2,0.0017020026705861396
3,0.0017004285701043727
4,0.0017391869557199162
5,0.0017088532050382429
6,0.0016964163400545735
7,0.0017026463894047163
8,0.0017058970437839566
9,0.0017244891466329257
10,0.0016890964314340475
11,0.0017098647279797084
12,0.001697137646035297
13,0.0016881026124257233
14,0.0017380781088314006
15,0.00169230975981104
16,0.001706626038007417
17,0.0016993697655235355
18,0.0017016154926310528
19,0.001706787709144481
20,0.0016987738005002269
21,0.0017045359753724214
22,0.0017136036655970984
23,0.0016994885614247904
24,0.001703941820330123
25,0.001697530054663957
26,0.0016950163996597432
27,0.0016978510217785128
28,0.0017063279970373506
29,0.0017004739475816393
30,0.0017063216363571785
31,0.0016984932712731586
32,0.0017041597063418789
33,0.001702811943233762
34,0.001714359305215846
35,0.0017027428346236032
36,0.001697993303806812
37,0.001707679643285583
38,0.0017024606546580758
39,0.0017703418646403837
40,0.0017188962805100869
41,0.001698112337397537
42,0.0016981314418473667
43,0.001693321375260868
44,0.001707057253696384
45,0.0016975878573270982
46,0.0017112749731509986
47,0.0017200573296772834
48,0.0016998220333603697
49,0.0016902114598751961
50,0.0017111897378162806
51,0.0016971725464237802
52,0.0017193383724995145
53,0.0016974722727914194
54,0.001704249678887752
55,0.0017433028944208772
56,0.0017090113179448994
57,0.0017009049007553135
58,0.0017102016158052566
59,0.0016954864641465723
60,0.0016839177384592155
61,0.0016985552742020808
62,0.001702585070133182
63,0.0016873483052638996
64,0.001723252741879148
65,0.0016936101776685894
66,0.0016965895777146915
67,0.0017074940804183197
68,0.0017006301655358462
69,0.001710102531577243
70,0.0017450481328706421
71,0.0017016572351358605
72,0.00170615998469642
73,0.0016991687334299548
74,0.0017077333941736455
75,0.0017050753248582596
76,0.0017078461216906641
77,0.001718537903290321
78,0.0017055928151822148
79,0.0017123788491364119
80,0.0016939450498413917
81,0.001701008124053397
82,0.0017089418359443756
83,0.0017108920673484377
84,0.0016977576221430069
85,0.0017033552256146111
86,0.0017029334712475126
87,0.0017035771237828225
88,0.001703646741885957
89,0.0017773841521751365
90,0.0017218567710929153
91,0.0019222702216996979
92,0.001762468402482532
93,0.0017046942517566154
94,0.0017062217594654924
95,0.0016987521925915365
96,0.0017560544705674387
97,0.001701206436502695
98,0.001761217637058447
99,0.0017041000088136788
100,0.0017015712313104663
101,0.0017202762214375178
102,0.001702335899811166
103,0.001703993617441827
104,0.0017052307190125143
105,0.0017026524543311008
106,0.0017138338947515965
107,0.0016930334277620396
108,0.0017310777960817655
109,0.001765953854679803
110,0.0017738897237147837
111,0.001706200471800043
112,0.0017066700843582467
113,0.0017169256414825374
114,0.0017005602621803116
115,0.0017141396763646899
116,0.0016954375441601542
117,0.0017885566039218285
118,0.0017182973333292571
119,0.001747285413335385
120,0.0017080162242831256
121,0.0017075674753655153
122,0.0017697192515404132
123,0.0017145329511566436
124,0.0017112403010387963
125,0.0017019087363106245
126,0.001850365199910654
127,0.0017281152082000994
128,0.0016957895531511526
129,0.0016994832672145084
130,0.0017262698586048531
131,0.001723362176516718
132,0.001714617292776523
133,0.0017198646562872144
134,0.001739678193056498
135,0.0017264892984878081
136,0.0017281192330705338
137,0.0017794189314346994
138,0.0017290346360975613
139,0.0017274120549663813
140,0.001711328178681936
141,0.0017045905070858383
142,0.001807094325261966
143,0.001691344110227392
144,0.0017067558776311096
145,0.00177871626691851
146,0.001707006821939978
147,0.0017093020380818053
148,0.0017503934303739472
149,0.0017125591419118176
150,0.0017097812840838817
151,0.0017482175775690295
152,0.001711712835600028
153,0.0016966815515321336
154,0.0017058922118434352
155,0.00171345540421638
156,0.0017321681981885605
157,0.0017001678591323723
158,0.0017969463700610341
159,0.0017452899825783975
160,0.0017095891526388836
161,0.0017075146121147715
162,0.0016978669762575697
163,0.0017037429291150263
164,0.0017587013222705242
165,0.001730082228027153
166,0.0017152378824658954
167,0.0016971002673228765
168,0.001703424343793171
169,0.0017044865823412699
170,0.0017111515408891127
171,0.0017065611783710385
172,0.00173149604719869
173,0.0017076770747070365
174,0.0017035255092641797
175,0.0017731126975763963
176,0.0016889132574783045
177,0.0017082440951184128
178,0.0017067471470836857
179,0.0017473984082403903
180,0.0017067103103525967
181,0.0017084007152214707
182,0.001703134392211207
183,0.0017074236141323418
184,0.0016935134035287423
185,0.0017049386740527678
186,0.00172783204880618
187,0.0017025776136323377
188,0.0017326386589550386
189,0.0017049149043970211
190,0.001703247197744096
191,0.0017400574970268046
192,0.0017582504584311754
193,0.0017556602628285357
194,0.0017228693694967996
195,0.0017021315523695175
196,0.0016964918239994343
197,0.0016974296078152247
198,0.0017070718746511888
199,0.0017068237058738946
200,0.0017303898156747872
