1,0.0017054382607514205
2,0.0016926947265210937
3,0.0017016539925768823
4,0.0017113820304730785
5,0.0016993931130700596
6,0.001693440462052003
7,0.001712023586502449
8,0.0017016031793785204
9,0.0016997704257868949
10,0.001702643934885039
11,0.0016999245128279568
12,0.0017084984225638155
13,0.0018214038917438763
14,0.0018489546267830789
15,0.0018813523023255817
16,0.0019006771387673428
17,0.0019227552956786942
18,0.001967977747747748
19,0.0019589500100891883
20,0.001967378026811984
21,0.001976234564987385
22,0.001990284206639038
23,0.0020060552571641538
24,0.002021516172174929
25,0.0020520897754237287
26,0.0022102045601936422
27,0.0022607293273205565
28,0.0022787895576559546
29,0.0022951979624792214
30,0.002312045518052621
31,0.002337254867578579
32,0.0023648051118125395
33,0.002366392371929482
34,0.0023887571612942653
35,0.0024049510712287154
36,0.002423064258064516
37,0.0024495031444630106
38,0.002558986471889087
39,0.002618205023301181
40,0.002639381906341353
41,0.002656067210866295
42,0.0026785770450900013
43,0.0027075830359556633
44,0.0027330823502951926
45,0.0027378036057964447
46,0.002769484011843079
47,0.002762621036986223
48,0.0028779010210764466
49,0.0028801913622549307
50,0.0028945161499790537
51,0.0029292819285800173
52,0.0029292175581771837
53,0.002954949120220191
54,0.0029802054422105573
55,0.0030016270745472588
56,0.0030189966787364216
57,0.003032573475399561
58,0.0030461933104577216
59,0.003066045565459258
60,0.003079871638002158
61,0.0030953148505154637
62,0.0031207142901522214
63,0.0031293066055428217
64,0.003145607975480021
65,0.003180207110151753
66,0.003179125008214497
67,0.0031965984160506862
68,0.0032122699522736313
69,0.0032380286599827507
70,0.0032723075452280354
71,0.0032738464274026397
72,0.0032951118721461187
73,0.0033052314512270146
74,0.003322766932325661
75,0.0033369387926871336
76,0.0033526731264272363
77,0.0033720606348314605
78,0.003389737505640794
79,0.0034125617396731723
80,0.0034310429440045248
81,0.003449961488269272
82,0.0034594057129570003
83,0.003475613539422662
84,0.003502359848249629
85,0.0035211481116584563
86,0.003525175736934822
87,0.003553847833550373
88,0.0035944522599762937
89,0.00362343008151361
90,0.003654480883477432
91,0.003681103172464478
92,0.00370701306294276
93,0.003760479905711415
94,0.0037943071254997254
95,0.0033713328677904713
96,0.003367710022937374
97,0.0033719564221140474
98,0.0033688307148852827
99,0.0033785267433751745
100,0.0033747886544086923
101,0.0034010095754025585
102,0.0034831469663952285
103,0.003495926775814276
104,0.003511308607062577
105,0.003544400989244642
106,0.003570573416141685
107,0.003600190871015567
108,0.0036352022004340996
109,0.003648851925109467
110,0.003674488573700954
111,0.0036984372216290412
112,0.003725812197613711
113,0.003757169141051262
114,0.0037808030386740333
115,0.0038010209109276185
116,0.0038247524877351884
117,0.003844804360854821
118,0.003876396719879279
119,0.00403216930176565
120,0.004144746367357381
121,0.00416273264973715
122,0.004228581970340821
123,0.004318460604852993
124,0.004387107555995323
125,0.004775019749513731
126,0.005056202100010396
127,0.00527870657580365
128,0.0053548596365248224
129,0.005536582069788588
130,0.0057537657445792655
131,0.005930846510067114
132,0.006404721166776534
133,0.006579132397613235
134,0.007221841251119738
135,0.007615642817896389
136,0.008113173129707113
137,0.00884443183804977
138,0.009358284384645062
139,0.009701607154392765
140,0.009866252320374518
141,0.010445103187594227
142,0.010555738064146305
143,0.01069925620665742
144,0.010802432553475938
145,0.010880349202483791
146,0.010952409192420484
147,0.01101351978364503
148,0.011094608683729433
149,0.01117938182865039
150,0.011255547198265919
151,0.011348599568034558
152,0.011475926473944466
153,0.011575874649446496
154,0.011757647844495766
155,0.011921038325857647
156,0.012060747182995147
157,0.012239650440705128
158,0.012430100688259109
159,0.012565878789047436
160,0.012708705085784314
161,0.012902276546391754
162,0.01309292596513076
163,0.013202600867768595
164,0.01332381160752458
165,0.01344962091489362
166,0.013613751325051758
167,0.01380735449957948
168,0.013930592137986362
169,0.014129977424308906
170,0.014313032168458781
171,0.014456096162528215
172,0.014598931571061645
173,0.014784837453445063
174,0.014919927270723101
175,0.015123310097647582
176,0.015312888028482418
177,0.015470349775381849
178,0.015649798106751822
179,0.01583329565807327
180,0.015975016836995398
181,0.01619724280199818
182,0.016459062464114833
183,0.016668427578475337
184,0.01695597946470867
185,0.017030367325301204
186,0.017127850909985247
187,0.017232861503141617
188,0.017342064891518738
189,0.01668648706978968
190,0.016871779194001874
191,0.01701716457364341
192,0.017163688617689705
193,0.01726352955361724
194,0.01741154095330739
195,0.017561885973282444
196,0.0176571018555667
197,0.017744641216904278
198,0.017855296587462082
199,0.01793871985550573
200,0.01802038570738773
