1,0.0016987590695354804
2,0.0017023797692690553
3,0.0017306344453064393
4,0.001706400480934594
5,0.0017058251201158765
6,0.0018136828737429376
7,0.0017863513062341039
8,0.0017980929737644044
9,0.0017160850418102432
10,0.00179858623385283
11,0.0017114122832909877
12,0.001707595439513548
13,0.0017092119936528314
14,0.0017259224356702347
15,0.0017123874667366945
16,0.0017033012220498496
17,0.0017512433558478492
18,0.0016994954425528534
19,0.0016921983096842852
20,0.0017659979968419504
21,0.001715145203488372
22,0.0018104480502956369
23,0.0018477984643680196
24,0.0018785638049004243
25,0.0018770056642596477
26,0.001969506783066719
27,0.0019483443793589846
28,0.0019209132870932687
29,0.0019405433518060761
30,0.0019437064105647074
31,0.0019471102891368867
32,0.0019558398904021275
33,0.0019641803680007265
34,0.001965747889096371
35,0.0019741322492067364
36,0.0019812735821322118
37,0.0019865696703396775
38,0.001997690685507127
39,0.0020112832434338824
40,0.0020168253631331415
41,0.0020706563923607326
42,0.002075081948051948
43,0.0021885219911631924
44,0.0022104885014633258
45,0.0022499562102030113
46,0.0022622813816185324
47,0.00227573708030853
48,0.0022901216165856875
49,0.0022951240852356323
50,0.0023220821688361413
51,0.002316258024536805
52,0.0023307655310912173
53,0.002339405635817133
54,0.0023657721533751276
55,0.0023553813869503686
56,0.002395443348982786
57,0.002385128939997052
58,0.002423743199259063
59,0.002406264041479821
60,0.002443644042843389
61,0.0024238292557051855
62,0.002458147937651088
63,0.0024527561103511175
64,0.0025433731244707872
65,0.0025827749188095618
66,0.002634060516314675
67,0.002648329543838539
68,0.002661867419461061
69,0.0026746554902484644
70,0.002687707937287833
71,0.002703994926820508
72,0.002721928848068048
73,0.002732601530497604
74,0.002740493336267605
75,0.0027476909770376263
76,0.002757005649991444
77,0.002767859554268013
78,0.0027744961184588846
79,0.002780535143548945
80,0.0029010374902478544
81,0.0029026145464934442
82,0.002917149494767232
83,0.002905969401276955
84,0.0029204943918185117
85,0.002925401022136204
86,0.0029316891737891735
87,0.002943258483743543
88,0.002959531870899745
89,0.0029694385957110387
90,0.0029887129416435094
91,0.0030252516990533136
92,0.0030135725088470846
93,0.0030257577776385057
94,0.0030560389082993017
95,0.0030436597109133375
96,0.003052288551933283
97,0.0030617756341154083
98,0.003072713517377216
99,0.0030820688999936337
100,0.0030919098325557608
101,0.0031053655981801258
102,0.0031127401740391586
103,0.0031217333091135553
104,0.0031317653121748176
105,0.003142536700459866
106,0.003152533993503091
107,0.0031621870933782508
108,0.0031715200843247487
109,0.0031805209467455626
110,0.0031880415522250096
111,0.0031982849152766744
112,0.003210453280852051
113,0.003215146052719164
114,0.0032258534365634368
115,0.0032415914453882686
116,0.003256288614183474
117,0.0032677665597826097
118,0.003280791415022348
119,0.0032909016679426883
120,0.0033023059772618966
121,0.0033139670651503735
122,0.0033263470428256683
123,0.0033313038474786444
124,0.0033433467268076866
125,0.0033536882538472202
126,0.0033617304229859465
127,0.0033735469896290114
128,0.0033837688477653632
129,0.0033949865026595746
130,0.0034091826249181617
131,0.0034181230051881263
132,0.0034304115409288867
133,0.003446426100059346
134,0.0034540387592939363
135,0.0034622147260273974
136,0.003476078652853456
137,0.0034849304888600477
138,0.003501616893112669
139,0.0035112711598405226
140,0.0035221566877591103
141,0.0035360330310975165
142,0.0035467515377310245
143,0.0035631421972581634
144,0.0035688827982176194
145,0.0035692245838887158
146,0.003579441375954584
147,0.0035996108694189128
148,0.003622993948331218
149,0.0036423176689468545
150,0.0036580364769893446
151,0.0036734361094270984
152,0.0036936091666033
153,0.003707155345252774
154,0.0037252099751979126
155,0.003764723691610656
156,0.003764320202686961
157,0.0037794075654552562
158,0.003793238939370202
159,0.0038030753127792673
160,0.0033937548596564724
161,0.003388637895508835
162,0.003393910381045433
163,0.003394019500801784
164,0.0033932400627833975
165,0.003392442860627178
166,0.003402604708551483
167,0.00340999043259487
168,0.0034014493404982906
169,0.003420344574564777
170,0.0034173655185704283
171,0.003425176403435879
172,0.0034601180691080247
173,0.00349163208981993
174,0.00351742912477396
175,0.0035270169847605227
176,0.003548654358918289
177,0.0035578895100043815
178,0.0035829817877169974
179,0.003601330833696609
180,0.003622669177498059
181,0.003629868443516089
182,0.0036500443296653942
183,0.0036609149204793858
184,0.0036733732703213614
185,0.0036848590454166353
186,0.0037032805696923655
187,0.003713797448785317
188,0.0037333760893695253
189,0.0037496572617696047
190,0.0037694946138217417
191,0.003782804806757137
192,0.0037986605146716353
193,0.0038122948938163646
194,0.0038445101017612524
195,0.0038437278178963894
196,0.003846209649122808
197,0.003862177283123029
198,0.0038800192429146604
199,0.003888488063149788
200,0.003947056968278731
