1,0.0022365303512091564
2,0.002979000851569463
3,0.003445514405652326
4,0.0035702053666944013
5,0.006444330412508318
6,0.012584364285714283
7,0.0171046494855463
8,0.01925142895866881
9,0.021585571043272085
10,0.023684889486404834
11,0.026437959228187924
12,0.02818412834757835
13,0.03134858031026253
14,0.03339121619778346
15,0.03522133160762943
16,0.037281245575221236
17,0.03946735046772685
18,0.04125863092729189
19,0.04353725867456896
20,0.04593188
21,0.04834619621749409
22,0.05077834309927361
23,0.05292548380368098
24,0.05522302474554707
25,0.05844504612771739
26,0.06097427025139665
27,0.06432302193113773
28,0.06692873091715977
29,0.07350632943143814
30,0.07597363527874564
31,0.08036416994727591
32,0.0830439778584392
33,0.08487799107142857
34,0.08921743707753481
35,0.09166658202614379
36,0.09059100119284294
37,0.09165252691511387
38,0.09319961069915254
39,0.09510555970464134
40,0.09427527813141684
41,0.09708199186550977
42,0.09940863186936938
43,0.1018700900462963
44,0.10388033140877598
45,0.10617018838630808
46,0.10836067931442081
47,0.11148664085213034
48,0.11394295942211054
49,0.1171605625
50,0.11916656631853784
51,0.12163111303763442
52,0.12551991689373296
53,0.12768544145299146
54,0.13168770703812316
55,0.13455878673469385
56,0.13676113277945617
57,0.13955071511976044
58,0.1446297904153355
59,0.1463197905362776
60,0.1484730459677419
61,0.15908977591973245
62,0.16146387147766322
63,0.16235916458333333
64,0.16413183374558302
65,0.17207168139999998
66,0.17103261679245282
67,0.17358436301886793
68,0.18407211840000004
69,0.1870163375
70,0.1903711975409836
71,0.1928247458677686
72,0.19326387932489453
73,0.19537168883928568
74,0.19958627076271188
75,0.2028051291666667
76,0.20400332662337664
77,0.2008908875
78,0.20236584590517237
79,0.20540896447368417
80,0.20711441431818184
81,0.2042563037610619
82,0.2055610095132743
83,0.2077087732300885
84,0.21110177197309418
85,0.2130873988636364
86,0.21778024004739338
87,0.2206263234597157
88,0.21999360539906104
89,0.22257658190476187
90,0.222511163507109
91,0.22078696744186044
92,0.222780868957346
93,0.23374730700000002
94,0.23586834924999994
95,0.233155142
96,0.23560356532663312
97,0.24100995206185566
98,0.23366386174999998
99,0.23626011275
100,0.257106339010989
101,0.26016827679558013
102,0.25321420645161297
103,0.2552414068681319
104,0.26082198192090394
105,0.2636120379888268
106,0.26123146902173916
107,0.2750342973988439
108,0.27747236871345027
109,0.275438069005848
110,0.27788753184523807
111,0.29080473322981365
112,0.2930852555900621
113,0.2759788309941521
114,0.27844364023668644
115,0.2935814344720497
116,0.2929261270186336
117,0.29508527187499994
118,0.30056046281250004
119,0.3024924798076923
120,0.30407476032258063
121,0.3065482663398693
122,0.31007495326797385
123,0.3122834496710527
124,0.3142455193333333
125,0.32553822083333334
126,0.32835168298611106
127,0.30866108104575163
128,0.31137594129032264
129,0.32372929379310345
130,0.32571229793103446
131,0.3300234785211268
132,0.33854175071942444
133,0.3408166864285714
134,0.34103359051094895
135,0.3437350356115108
136,0.3575900380597015
137,0.35960162251908395
138,0.35089808592592586
139,0.35475049242424234
140,0.35735223992537307
141,0.34392984671532845
142,0.3460960773722628
143,0.36730796356589146
144,0.3703776748031496
145,0.3694101565891473
146,0.37185566395348835
147,0.3786637726190476
148,0.36873893759689924
149,0.3715182862204725
150,0.3966773421487603
151,0.3989149123966942
152,0.386301549590164
153,0.3888056676229508
154,0.3942959359504132
155,0.39669902899159665
156,0.38248569549180333
157,0.41189670833333325
158,0.41429356447368426
159,0.41267318146551735
160,0.41503265745614026
161,0.4244409075221239
162,0.42721829549549545
163,0.411087348245614
164,0.42613015454545455
165,0.4285256085585586
166,0.42102972105263164
167,0.4235246112612612
168,0.442589299537037
169,0.4449455916666666
170,0.4191000425438596
171,0.4213876359649122
172,0.44657686132075475
173,0.44553534490740737
174,0.4474095188679246
175,0.4653934805825243
176,0.46772066893203895
177,0.4430638458333334
178,0.44551418632075485
179,0.457579330952381
180,0.4523253676190477
181,0.4545394371428571
182,0.480063151
183,0.48300830357142854
184,0.44975031792452835
185,0.4529231614285714
186,0.49019205360824736
187,0.4926304221311475
188,0.48584045721649494
189,0.4915932224489796
190,0.4940803786885245
191,0.477547091
192,0.48038727800000003
193,0.5093857166666667
194,0.5115389215053763
195,0.49752912886597933
196,0.5143818618279571
197,0.5166929722826087
198,0.4854878290816326
199,0.4883384663265306
200,0.5316657927777777
