1,0.002780368520757759
2,0.0037885647193718897
3,0.009707686283540247
4,0.017068879511918277
5,0.021128972978056427
6,0.02490747436619718
7,0.028966692440000004
8,0.033328466499162476
9,0.03652412875368008
10,0.040486448275862064
11,0.044180308140814084
12,0.04829061221692491
13,0.05232827554002542
14,0.05616968426666665
15,0.061469064316546765
16,0.06681345743865029
17,0.0751280602233677
18,0.08158587672897194
19,0.08533281299065419
20,0.09152809056603772
21,0.09144996453608248
22,0.09393706513859276
23,0.09481662144329898
24,0.09926069100877194
25,0.10337540427251732
26,0.10713304926829269
27,0.11180627338308458
28,0.11705959587628868
29,0.12084900265957448
30,0.12650209416666666
31,0.13216030143266475
32,0.1364698163663664
33,0.14400520079365078
34,0.14715060737179486
35,0.15978725721649484
36,0.16216381557093423
37,0.17082526185185185
38,0.17209599619565216
39,0.18455113273809523
40,0.19006477868852456
41,0.1922508146694215
42,0.1978263542735043
43,0.20293702455752213
44,0.20079334722222222
45,0.20436575917030567
46,0.20336798168103445
47,0.20582271140350875
48,0.21081517083333334
49,0.21689731465116274
50,0.21849150069444442
51,0.220449072985782
52,0.22056554763033176
53,0.2242710992753623
54,0.2370508070351759
55,0.23591018153846155
56,0.24319877345360832
57,0.237942626
58,0.2610965891061452
59,0.25560180733695653
60,0.26327992812499995
61,0.26297007499999997
62,0.2782513630057804
63,0.2780762810650888
64,0.29264829844720497
65,0.2774447124260355
66,0.2942990763975155
67,0.29541880187499997
68,0.30212436708860757
69,0.3055009196774194
70,0.3111774049019608
71,0.31441126933333335
72,0.3276316666666667
73,0.31051469802631576
74,0.3241599108843537
75,0.33015263368055553
76,0.34041634500000006
77,0.3426286471223022
78,0.35790555075757574
79,0.35090563395522384
80,0.3571031590909091
81,0.3453960675182481
82,0.3683871236434109
83,0.36976827596899225
84,0.37817070357142857
85,0.3705566546511628
86,0.397759731092437
87,0.38653398196721306
88,0.39343050454545453
89,0.3814006471774194
90,0.41247924035087713
91,0.41260495732758623
92,0.4237490756637168
93,0.4095130533898306
94,0.4270543381818181
95,0.4209558228070175
96,0.44220453101851853
97,0.4180906128318584
98,0.44519574575471704
99,0.44538079858490565
100,0.4645155723300972
101,0.4416570386792453
102,0.4560774023809524
103,0.45217577688679256
104,0.4790809775
105,0.44851171084905656
106,0.4532966749999999
107,0.4926682885245902
108,0.4875760290816326
109,0.49533166597938144
110,0.4807792081632653
111,0.5115724005376344
112,0.5001505042105264
113,0.5176330315217391
114,0.48895876237113417
115,0.533211161111111
116,0.5155556298913043
117,0.5258508472222223
118,0.5155034827956988
119,0.5491374310344828
120,0.5416114829545455
121,0.5592037703703705
122,0.5220006869565218
123,0.5625576041176471
124,0.552476798275862
125,0.5798985859756097
126,0.554242383908046
127,0.5842026164634146
128,0.583705481097561
129,0.6027992848101266
130,0.56015105
131,0.5964959012500002
132,0.5884433
133,0.6210397525974025
134,0.5928663756250001
135,0.639997420212766
136,0.6246506571428573
137,0.6343494092105263
138,0.5997695668749999
139,0.6549720923913043
140,0.6360168763157894
141,0.6579405083333333
142,0.6329925263157893
143,0.675624023943662
144,0.6477703946808511
145,0.6690628088888889
146,0.6356681921052632
147,0.6939383804347826
148,0.6395201840425531
149,0.7036945325581396
150,0.6696293822222223
151,0.7017578186046513
152,0.6595766284722222
153,0.7219932869047619
154,0.6732835711267606
155,0.7262261136363637
156,0.6762420584507042
157,0.7408552093749999
158,0.7042937597014925
159,0.7091479813432836
160,0.7367214963414634
161,0.6943078637681157
162,0.7649329277777779
163,0.7118799440298507
164,0.7762150179487178
165,0.7142385343283583
166,0.7763152717948717
167,0.75052430578125
168,0.8022923986842105
169,0.7367492218750001
170,0.8033776152542372
171,0.757726885
172,0.8277252017241379
173,0.75966889125
174,0.8304651991379312
175,0.8041131245762713
176,0.849564726388889
177,0.7837557628205128
178,0.8604633557142856
179,0.8031019991525424
180,0.8605839557142857
181,0.7959741223684211
182,0.8802475872727273
183,0.8362374180555557
184,0.8762154936363635
185,0.8104737059322035
186,0.89625385
187,0.8320112431034483
188,0.8944892264705883
189,0.8286485068965517
190,0.9103762969696969
191,0.8713268918181817
192,0.9303053469696969
193,0.8474212982142856
194,0.9245349431372549
195,0.8705127485714286
196,0.9506363406250001
197,0.8676508928571428
198,0.9548911343749998
199,0.9106041363636365
200,0.9738365451612901
