1,0.001758010537973562
2,0.0017298518853288533
3,0.00173158369909865
4,0.0017603467223198594
5,0.0017203758361018398
6,0.0017247444521276596
7,0.0017285001962478845
8,0.0017309451969702335
9,0.0017264332183327016
10,0.0017444050360666224
11,0.0017247211728269993
12,0.0017252359593346984
13,0.0017050292272809725
14,0.0017136398355861479
15,0.0019351615055965537
16,0.0019726107491929608
17,0.001708179736382121
18,0.0017083990626285427
19,0.0017118931829139482
20,0.001738707001044932
21,0.0018240221898057523
22,0.0018471533732588395
23,0.0018612468395773293
24,0.0018939680306215509
25,0.0019474827985171183
26,0.0020108216489969654
27,0.0019437742387043125
28,0.0019360122519068732
29,0.0019997866142318376
30,0.0019546176675808665
31,0.001989661947017721
32,0.0019950274203381566
33,0.0019730181111020603
34,0.0020208683566576642
35,0.0020104672034419175
36,0.0020103544152300632
37,0.0020304524988565965
38,0.0020176115796491523
39,0.0020282287184636627
40,0.0021376355510465614
41,0.0021978363485344985
42,0.002253797833710147
43,0.002267311526327649
44,0.0022756652713821998
45,0.0022850782089903505
46,0.00229710198716425
47,0.0023061621893406123
48,0.002320986312620424
49,0.0023332710202499762
50,0.0023372251297347113
51,0.0023482560278508136
52,0.0023650775457875464
53,0.002377196584612367
54,0.0024097268545049343
55,0.002409352280130293
56,0.002409333978520478
57,0.002419910030578579
58,0.002454948451926937
59,0.0024498912412083186
60,0.002536937652027027
61,0.0025812339445390672
62,0.002617769394448661
63,0.002648430112796364
64,0.0026622431224927186
65,0.002675428586704687
66,0.0026966289535092437
67,0.0027075975164222088
68,0.0027237605713509596
69,0.0027342430333980915
70,0.002745199228193632
71,0.0027532870741141004
72,0.002764516385183489
73,0.0027757149143973338
74,0.002791739462012557
75,0.0028996515801490022
76,0.002912446302086465
77,0.0029032503188737143
78,0.0029190301199011866
79,0.0029136435468307105
80,0.002926525981223501
81,0.002932075635426145
82,0.002941564519557823
83,0.0029563395480789014
84,0.0029692747556520883
85,0.0029868074992560265
86,0.003001952480326726
87,0.003018542763116851
88,0.0030288837931034484
89,0.003036525541289023
90,0.0030483234109164505
91,0.0030626372639117757
92,0.003067841223286195
93,0.0030782030951775037
94,0.0030982254284258144
95,0.0031167750639549754
96,0.003107596414157094
97,0.00313945686508348
98,0.003130209085239085
99,0.0031492132954308366
100,0.0031584354513998114
101,0.003158366769721426
102,0.003172446661857293
103,0.0031881220597919134
104,0.003192102279494475
105,0.0032040394803128725
106,0.003209179523272027
107,0.003222251755730277
108,0.003234475890950347
109,0.0032516282217890406
110,0.003283323865610074
111,0.003275878310825528
112,0.0032883760398423815
113,0.0032986385284917716
114,0.003314689087043007
115,0.003334887835044443
116,0.003343088333793675
117,0.003349493132630411
118,0.003362542652167871
119,0.00337321580359632
120,0.003381403925677564
121,0.003393199129127028
122,0.003406588066478109
123,0.003431568746021664
124,0.0034323928486707503
125,0.003447034998632217
126,0.0034612753665713212
127,0.003465891086599558
128,0.0034799820081732155
129,0.00349436349635721
130,0.00350212899138368
131,0.0035195220065312037
132,0.0035373406140861464
133,0.003550197804041731
134,0.003570186497911182
135,0.0035713982117479876
136,0.003575497639891163
137,0.003575160810425771
138,0.003599794998638001
139,0.003621076867505771
140,0.003643875896683961
141,0.003659779414424599
142,0.0036833121757925075
143,0.0036982033565201703
144,0.0037235202329607316
145,0.003743381722605909
146,0.003758688320647979
147,0.0037853038512409547
148,0.0038034074317452866
149,0.00381753237187034
150,0.003401376863169659
151,0.0034002707742296127
152,0.003409641308081929
153,0.0033956994589877843
154,0.003398420254710398
155,0.0033952245517963023
156,0.0034104851752303823
157,0.003418188126704426
158,0.0033985993851313586
159,0.003437154473592165
160,0.0034327916152551885
161,0.003453347067198178
162,0.0034849664371633593
163,0.0035137789447163836
164,0.003533496141583943
165,0.0035502597813411073
166,0.003560907142857143
167,0.00359132041639176
168,0.0035997446864980452
169,0.003607434563484735
170,0.003637174851585599
171,0.0036589704560772863
172,0.0036675401054613943
173,0.0036828549108491987
174,0.00369282460443637
175,0.0037520242050813933
176,0.003740648448341593
177,0.0037503700037124117
178,0.0037613750003980878
179,0.003770374394813936
180,0.0038030256539110267
181,0.00382524122684104
182,0.0038471666118935835
183,0.0038504104565422028
184,0.0038659597545626172
185,0.0038688991455347304
186,0.0038821838215554677
187,0.003925308807878644
188,0.003949402717461969
189,0.004077119237469847
190,0.00417316562579767
191,0.004195624963777379
192,0.004201435412036244
193,0.004238438227695486
194,0.004259236253350261
195,0.004358475718835708
196,0.004375548699852224
197,0.004440737121116236
198,0.00469303179182688
199,0.004916587503728365
200,0.0050842915231375805
