1,0.0017546684362462082
2,0.0017041994609306409
3,0.0017015358754189024
4,0.0017226208428206115
5,0.0017554948686718916
6,0.0016979135447116288
7,0.0017097446360153253
8,0.0016987648675706054
9,0.0017043098480746845
10,0.0017256739024912617
11,0.0017603232975604358
12,0.001703127627112651
13,0.001711257664428099
14,0.0017528561010065342
15,0.0016995541089126372
16,0.0017130816472411003
17,0.0016975065559942572
18,0.0018178042253287595
19,0.0017426736179140638
20,0.0017016349899188848
21,0.001792111396332863
22,0.0017092984826106836
23,0.0017182245414506326
24,0.001695632994832135
25,0.0017444479731414527
26,0.001699888599366328
27,0.0016856333108372114
28,0.0017053815255424322
29,0.0016946861151148091
30,0.0016936027185115038
31,0.0017027905632902402
32,0.0016985164283944939
33,0.0017024262431498292
34,0.0017443288259732822
35,0.0016953187408771805
36,0.001741918457935697
37,0.0018191022803487596
38,0.0017356203473973643
39,0.0017548286939615314
40,0.0017006320186673215
41,0.0017160101186658114
42,0.0017072302538442762
43,0.0017294083101901303
44,0.0017148247950456044
45,0.0016986184546163112
46,0.001740196171570704
47,0.0016971619448030424
48,0.0017435220147780474
49,0.0017179076666901606
50,0.0017045045818131664
51,0.001705684451358059
52,0.0016981565712762172
53,0.0018469298461972119
54,0.0017082126204787137
55,0.0017213887030620187
56,0.00170193081166419
57,0.001704606373962583
58,0.0017243468125918756
59,0.001708512589270009
60,0.0017044864222653983
61,0.0017201409434762624
62,0.0017303514227642277
63,0.0017505706829966032
64,0.0016954468399050554
65,0.0017091457692015755
66,0.0017109140628354686
67,0.0017119053766391577
68,0.0016979550745095235
69,0.0018094747517832179
70,0.001720610848408104
71,0.0017106317021049256
72,0.0016800543423436223
73,0.001714121631555848
74,0.0017155748514886915
75,0.001708292071847768
76,0.0016962196388341309
77,0.0016979891731028131
78,0.0017098559395629608
79,0.0017515620535280656
80,0.0016953100083431831
81,0.0017094801109823342
82,0.0017227175792999397
83,0.0017046148654498237
84,0.001709366173541963
85,0.0017876439525524256
86,0.0016910231757397071
87,0.0017095740886296546
88,0.0017502958679050803
89,0.0017080199075538685
90,0.0017112051815498415
91,0.001740876510157407
92,0.0017082508890369646
93,0.0017010413459740774
94,0.0017003199611781885
95,0.0017117102595898687
96,0.001733536188867153
97,0.001703293897825703
98,0.0017082369803102203
99,0.0017138536345826997
100,0.0017092479386385427
101,0.0017190288510123474
102,0.0017216671044702043
103,0.0016975420952178987
104,0.0017032728698287408
105,0.0017344403222383363
106,0.0017037220992812377
107,0.0016991060623011572
108,0.001724104980832461
109,0.001705440187656234
110,0.0017022051318716235
111,0.0017357920450919919
112,0.0017114137375659857
113,0.0017067384841196857
114,0.0018264819034690004
115,0.001708917456514022
116,0.0017059578668978208
117,0.001746555998578633
118,0.0017025935837742506
119,0.0016925757118371346
120,0.0017232147620904836
121,0.001709000579199194
122,0.0017063632319819823
123,0.0017010552762673219
124,0.0017013289705103299
125,0.0017004698862446784
126,0.0017104119814847782
127,0.0017013305884101106
128,0.0017110412578449107
129,0.0017070910690865266
130,0.0017009908829121
131,0.001697441717661954
132,0.0016972855956945373
133,0.001702394900725072
134,0.0017029617527970346
135,0.0017058648886661416
136,0.0017065346108532666
137,0.0017072559505748985
138,0.0016936278927117607
139,0.0016974992176334788
140,0.0017349215782582472
141,0.0017212911750079923
142,0.0017141267120141341
143,0.0017212156364477692
144,0.0017054319939481368
145,0.0017050108524659865
146,0.0017409412236349673
147,0.0017071089601069446
148,0.0016990018522853884
149,0.0016957727145799155
150,0.0017284735683618575
151,0.0016892418446739284
152,0.001703035200572566
153,0.001698136979282197
154,0.0017322605769873542
155,0.0017006019125876603
156,0.0017135876859918969
157,0.001713651439186265
158,0.0017059172263322907
159,0.0017656000279345214
160,0.0017055827943789276
161,0.001689837718173028
162,0.0017685689371100596
163,0.0017019902252311534
164,0.001750061162170695
165,0.001691057271457399
166,0.001700008214476258
167,0.001710590945720473
168,0.0016981829546915857
169,0.00169502130542307
170,0.0016941871213143511
171,0.0017015813893410715
172,0.0017811390832386258
173,0.0017032006051234613
174,0.0017430286807359695
175,0.0017287963673970456
176,0.001703649104219409
177,0.001703743903087448
178,0.001723341109654097
179,0.0017145998750044639
180,0.0017865227774425947
181,0.0017190131292564765
182,0.001706555654759574
183,0.0016950349117688093
184,0.0016970802472527473
185,0.001717928085991678
186,0.00174797
187,0.00169298781623331
188,0.0017181017700409595
189,0.0016927236951723155
190,0.0016972277430076731
191,0.0016995581481481484
192,0.0016930352118961765
193,0.0016998466386851016
194,0.0017038877226261985
195,0.0016991897172281374
196,0.0017077450875451906
197,0.0016991977178794045
198,0.0016962612050212184
199,0.0017116449348615365
200,0.0017042512678964864
