1,0.020706344515948515
2,0.039455076593720266
3,0.05964706949728261
4,0.08922744478346457
5,0.10050823392070485
6,0.12165279946666664
7,0.1473396981072555
8,0.18414438235294117
9,0.2048998521834061
10,0.2130837515625
11,0.23478793712871288
12,0.2531927949197861
13,0.2895594809090909
14,0.3024590731012659
15,0.31025645580645156
16,0.3575624523015873
17,0.36786353206106864
18,0.388827639516129
19,0.4256509601769911
20,0.4191946506944443
21,0.45660698106060604
22,0.4924595680412371
23,0.4990126850515464
24,0.5245929619565217
25,0.5195163157608698
26,0.5812283780487806
27,0.5982239837500001
28,0.6251057664502165
29,0.6581128326086957
30,0.6352617749999999
31,0.6730289415492958
32,0.7293967227272726
33,0.6919233326086957
34,0.7729064551282051
35,0.8046619710526317
36,0.8044730542372882
37,0.8604709757142858
38,0.8094830728813558
39,0.908875970011435
40,0.9284608212121213
41,0.9129432166666667
42,0.985575206451613
43,0.9245672606060606
44,0.9478185937499998
45,1.0578101982758623
46,1.0327690510869565
47,1.1033965714285712
48,1.0446242896551725
49,1.068373638888889
50,1.0122455000000001
51,1.152173176190476
52,1.0482274327586207
53,1.0749138785714285
54,1.1926585615384617
55,1.1222668333333332
56,1.27450985625
57,1.2631917333333333
58,1.1744393211538464
59,1.315245741304348
60,1.2225184759999999
61,1.4012815386363633
62,1.3871675840909088
63,1.2897496937500001
64,1.4381636
65,1.3326799608695654
66,1.3592389257142856
67,1.511612785
68,1.4033899295454546
69,1.5613111425
70,1.581705692982456
71,1.4626142976190477
72,1.6346430578947369
73,1.5115210225
74,1.6894281055555553
75,1.713789030555556
76,1.5707855675
77,1.7636599481481483
78,1.6170717921052633
79,1.6333944736842108
80,1.8435236205882355
81,1.6801141555555557
82,1.8861364718749998
83,1.95964868125
84,1.745071761111111
85,1.967358196875
86,1.7906269882352939
87,2.0096513533333336
88,2.0889896366666663
89,1.8527755911764705
90,2.0962126566666663
91,1.911903340625
92,1.9335921718749995
93,2.221390267857143
94,1.9682343531250004
95,2.2248242714285715
96,2.008778126666667
97,2.031729926666666
98,2.343192353846154
99,2.085353686666667
100,2.3625513423076923
101,2.391335607692308
102,2.150758025
103,2.471338961538461
104,2.1953929999999993
105,2.2198204499999994
106,2.5111606625
107,2.2586450357142853
108,2.5986953416666667
109,2.304093882142857
110,2.326791815384616
111,2.639333329166667
112,2.374585896153847
113,2.723385349197861
114,2.6757529958333333
115,2.442550230769231
116,2.7580737590909092
117,2.490804723076923
118,2.5147524875
119,2.8093547636363634
120,2.5633655208333335
121,2.892499609090909
122,2.611028783333333
123,2.632786479166667
124,2.939327627272727
125,2.6779691208333336
126,3.02381117
127,3.0527707549999996
128,2.757990013636364
129,3.065053965
130,2.798134822727273
131,2.820527772727273
132,3.187023775
133,2.866397968181818
134,3.1843529549999996
135,2.915669240909091
136,2.9403198681818186
137,3.3229850214285714
138,2.9914948249999997
139,3.31639384
140,3.424281833333333
141,3.0655404950000005
142,3.4538114833333338
143,3.108344685
144,3.439874272222222
145,3.555440938888888
146,3.1835677600000007
147,3.587219027777778
148,3.232328785
149,3.25150607
150,3.702532877777778
151,3.3081024857142864
152,3.721010122222223
153,3.7515686916666664
154,3.3763175444444444
155,3.8455796312499997
156,3.4290034555555557
157,3.8650303374999995
158,3.8973834875000004
159,3.519698827777778
160,3.9763476750000004
161,3.550263422222222
162,3.5731145888888887
163,4.0188459624999995
164,3.6315788611111106
165,4.1136790125
166,4.0374306125000015
167,3.69493985
168,4.15515686875
169,3.741477004166667
170,4.22912905
171,4.151995675000001
172,3.8244060625000005
173,4.28290208125
174,3.8774715437500005
175,3.9033628687500004
176,4.288391386363635
177,3.94328791875
178,4.421211928571429
179,4.452176035714286
180,4.024367606250001
181,4.411668171428571
182,4.079197775000001
183,4.557943128571428
184,4.5835545
185,4.152306150000001
186,4.540713407142857
187,4.2011330000000005
188,4.225246199999999
189,4.721755578571428
190,4.271754513636363
191,4.6765502214285695
192,4.33808085
193,4.368850657142857
194,4.873688785714285
195,4.410271607142857
196,4.8135212
197,4.969301014285715
198,4.477778164285715
199,5.007381613888889
200,4.5305842428571435
