1,0.003677767202584568
2,0.020206792805755394
3,0.030428451058631928
4,0.03871352645968489
5,0.04780657660443407
6,0.0583415367361111
7,0.07382506598290597
8,0.08539133255159476
9,0.09243141540041068
10,0.09841077161706514
11,0.10770913710843373
12,0.11909591992287917
13,0.1319885989884393
14,0.14511462804487182
15,0.16129749565972223
16,0.1725672703703704
17,0.192142619874477
18,0.20275578968609867
19,0.20547037576419216
20,0.20820090372807015
21,0.2185526533175355
22,0.22196689507042253
23,0.23491534802955666
24,0.25681130108695654
25,0.26096757016574584
26,0.2778126798245614
27,0.2740604423976608
28,0.2939792790625
29,0.3058100115131579
30,0.32506130878378375
31,0.3238025129251701
32,0.3413922846428572
33,0.34916495777777773
34,0.34508398037037025
35,0.37110480620155045
36,0.3960911475206611
37,0.3942014442148761
38,0.4146709436936936
39,0.40829670646551725
40,0.4219254219298246
41,0.42039802850877195
42,0.4646486461165048
43,0.4574003933333334
44,0.4833576394999999
45,0.48424238520408164
46,0.47889476984126983
47,0.49960767268041234
48,0.53100734
49,0.5243931777173912
50,0.5494389706896552
51,0.5189424445652174
52,0.5519898201149427
53,0.5546647086206895
54,0.6004813006249999
55,0.59639347625
56,0.6227153980519482
57,0.6233099266233766
58,0.6000871431249999
59,0.6376739723684209
60,0.6752482788732395
61,0.6700760477777777
62,0.6967705913043479
63,0.669337
64,0.6614576659722223
65,0.6769830492957747
66,0.7418402648437499
67,0.7345603531249999
68,0.7645126738095238
69,0.711009554477612
70,0.7486382671875
71,0.7369076670731707
72,0.8236668405405404
73,0.8289903439655173
74,0.8505651152777777
75,0.8007656483050848
76,0.7955957118421054
77,0.8375373694444445
78,0.8953631235294119
79,0.8951601323529412
80,0.913317253030303
81,0.8466846714285714
82,0.8714871136363637
83,0.87010914
84,0.9735907419354838
85,0.9669741690000001
86,0.9879548468749999
87,0.9516195203124999
88,0.9262186787878787
89,0.9500632953125
90,1.0233770233333332
91,1.0629129755555555
92,1.0592276551724138
93,0.9848531967741937
94,1.0337831271739133
95,1.0095982866666666
96,1.1033366162790699
97,1.1314378018518518
98,1.132587822222222
99,1.065281670689655
100,1.067342228888889
101,1.1169492962962961
102,1.0107976516666666
103,1.0184149633333333
104,1.0257248358695654
105,1.123667085185185
106,1.1426153518518518
107,1.1458102904761904
108,1.0717583586904762
109,1.0840296732142858
110,1.0983095285714286
111,1.2438645881578947
112,1.2149262140000001
113,1.23154428
114,1.1301741555555556
115,1.1377275185185185
116,1.147785448809524
117,1.2625379708333337
118,1.3166508630434781
119,1.2915976479166664
120,1.1943147024999998
121,1.206498952
122,1.2172709760000002
123,1.344733682608696
124,1.3580680826086957
125,1.4055274795454549
126,1.2597543395833333
127,1.2708940708333334
128,1.2813900166666665
129,1.4166459795454545
130,1.4287063755411256
131,1.4402143714285716
132,1.3241797739130434
133,1.3353146369565219
134,1.3465513804347826
135,1.52829345
136,1.5031964174999999
137,1.5134026449999998
138,1.3945424
139,1.4052767568181819
140,1.4157970681818182
141,1.562778355
142,1.611936421052632
143,1.5816640894736842
144,1.4507668404761902
145,1.4625802714285716
146,1.4737237976190476
147,1.6335059842105264
148,1.6514306289473688
149,1.511175165
150,1.5215406700000003
151,1.5283145100000002
152,1.7403137805555557
153,1.711983852777778
154,1.7224212444444442
155,1.569145625
156,1.5809882447368422
157,1.5921678842105262
158,1.775605944117647
159,1.82490285
160,1.798647694117647
161,1.6304166815789476
162,1.6411566473684212
163,1.6529752868421055
164,1.843746370588235
165,1.8606010799999997
166,1.9165348062499996
167,1.6936593083333336
168,1.7051463277777776
169,1.7160809277777775
170,1.9192494062499998
171,1.9259418656249998
172,1.94393769375
173,1.7588626500000004
174,1.7709677999999998
175,1.7829539117647057
176,2.041620853333333
177,2.0135771333333334
178,2.0134467133333334
179,1.8262454176470586
180,1.8333958205882355
181,1.8435140323529413
182,2.07141369
183,2.12894207
184,2.1004195900000004
185,1.8968473750000003
186,1.9130856499999997
187,1.9256674312499995
188,2.14243160487013
189,2.1670478607142853
190,2.221684121428572
191,1.9587486812500001
192,1.9679986812500003
193,1.97888168125
194,2.2238479857142863
195,2.2241550642857137
196,2.2487790678571433
197,2.0206762599999997
198,2.0295353099999995
199,2.0402879966666667
200,2.343322915384615
