1,0.004893547844170247
2,0.005090786926903115
3,0.005372188823863636
4,0.005956918405436448
5,0.005890068681046237
6,0.005243459385462793
7,0.0064594535011073895
8,0.007004222653044338
9,0.006133417208190971
10,0.0073990791454573495
11,0.007176005279457307
12,0.007986287983736188
13,0.007084460191408533
14,0.00837050504820333
15,0.00860767982329607
16,0.007831682467315219
17,0.009315408664717348
18,0.009234139163643306
19,0.008563855631399317
20,0.009359441159733126
21,0.01009316485809683
22,0.009847607845631892
23,0.011353068201335878
24,0.012103767161386881
25,0.01447892777271346
26,0.015290087250712247
27,0.016079034635416666
28,0.01643525188528943
29,0.016777193316455698
30,0.017563604555373702
31,0.01773544568874869
32,0.018201579273343375
33,0.01906374660460022
34,0.018817506862745095
35,0.019684746733524355
36,0.019632411943993164
37,0.019818909713024285
38,0.020742804331450093
39,0.020618626553166073
40,0.02158058346625767
41,0.021431851721068252
42,0.02186032506257822
43,0.022676743702531643
44,0.02316816129666012
45,0.023077896590163936
46,0.02352300495662949
47,0.024349962097326937
48,0.02474206950280112
49,0.025027775460750853
50,0.025442037897648692
51,0.02585924930362117
52,0.026395883018181816
53,0.026754780343796712
54,0.02712832490537471
55,0.027008864784795972
56,0.027835265179968694
57,0.02770100647189349
58,0.02809511698956781
59,0.028569467171717173
60,0.029478155787781356
61,0.029738502480916033
62,0.029769354239302697
63,0.030298215578284816
64,0.028468478997704664
65,0.029162351116243268
66,0.029131949028749025
67,0.029985660673701293
68,0.029796714122738006
69,0.03064596776045939
70,0.030781671218315612
71,0.030973429113418535
72,0.03192544191297208
73,0.03197046655574044
74,0.03247063383233534
75,0.03252907015371477
76,0.03282391621043627
77,0.03320588574380165
78,0.03374442173913044
79,0.033698146049165933
80,0.034274871099744246
81,0.03493087107364685
82,0.03540577386692381
83,0.03587500409540954
84,0.03620277785778578
85,0.036546982894736846
86,0.0368345104206501
87,0.037095443002915465
88,0.03686625075542965
89,0.03765905157142857
90,0.03768027892483349
91,0.03809400876146789
92,0.03891913014423077
93,0.03864943042430087
94,0.039374558714703016
95,0.0377911509223301
96,0.03880844844206426
97,0.03928136284584981
98,0.038968049247412984
99,0.03922819966918715
100,0.03974198106212425
