1,0.004786163123579967
2,0.005017981976431793
3,0.004873304485129517
4,0.005073567328098472
5,0.004951703969066885
6,0.0052204785152609335
7,0.005066825710940114
8,0.00508511950383219
9,0.005058239375819135
10,0.0050932965293731544
11,0.005112607301796605
12,0.005420946512252246
13,0.005139557629679369
14,0.005487193671178989
15,0.005925949021297551
16,0.005919363432103611
17,0.005902016416015625
18,0.006056488137596417
19,0.005971473312340092
20,0.0060791355093528805
21,0.005986073827281648
22,0.006334688902925531
23,0.005243103788617886
24,0.006506895339214373
25,0.005238241436613619
26,0.006515779274611398
27,0.005226354545454546
28,0.005244374878180834
29,0.0064633584098892196
30,0.006636688578632431
31,0.006917855718411553
32,0.006727916894574327
33,0.0071116701020116245
34,0.007224192468024633
35,0.006159695246800732
36,0.007187218369259607
37,0.00609605579589057
38,0.006197447829971917
39,0.006378685402706608
40,0.0074289545234375014
41,0.0069553026653967134
42,0.007036071663555763
43,0.0074266501014357035
44,0.007479040666666667
45,0.007572009875060067
46,0.007573041840193703
47,0.0077493485558094
48,0.006922888480139315
49,0.007953844006991843
50,0.007968479369250984
51,0.008042603877929521
52,0.008333214468347734
53,0.007935193444944403
54,0.00800948863598742
55,0.008048445370983771
56,0.00837919915641476
57,0.008419325754101254
58,0.008402321532910949
59,0.008636887934763023
60,0.008659746999819267
61,0.007837669324258629
62,0.007829735705533625
63,0.007834014497328802
64,0.008695586956521737
65,0.007851528414937805
66,0.008942194810620125
67,0.008900446635410921
68,0.009359659870740304
69,0.009108826309344387
70,0.009173456527140675
71,0.009239978474093172
72,0.00937774691345966
73,0.009206906565510155
74,0.008569018724373467
75,0.008594225979089138
76,0.00865304864094637
77,0.009633760979832961
78,0.00922980015467904
79,0.009374872454563223
80,0.00950073885804917
81,0.01000325332430179
82,0.010039428146453089
83,0.010050915810540361
84,0.010335039403758912
85,0.010314825834589704
86,0.010361752647503783
87,0.009870427953890488
88,0.010266537513295046
89,0.011028437423752077
90,0.010905896671949286
91,0.010860176404745915
92,0.011628699221877826
93,0.011434833321987622
94,0.01219888496847415
95,0.012669722200469852
96,0.01295497736777368
97,0.013444959652076318
98,0.014291724690265486
99,0.014535332526115859
100,0.014520238077430707
