1,0.004874796199829206
2,0.005066932057080224
3,0.005133754096319555
4,0.005091326170916463
5,0.006080811428386428
6,0.005989558199135899
7,0.0064884713547954396
8,0.0052710760818441005
9,0.007016186589814678
10,0.007177990816326529
11,0.007411267001254706
12,0.007408950489434432
13,0.007587153371419377
14,0.007966825966057443
15,0.007932176405904325
16,0.008400215496817538
17,0.007889923608669453
18,0.008613784766697163
19,0.009304918013336973
20,0.009195817762158052
21,0.009644734302325582
22,0.009637283773965692
23,0.010030271184510251
24,0.010352780400603058
25,0.011026296394582722
26,0.011288919897364124
27,0.012617655523613961
28,0.013883257414024117
29,0.015629502426213103
30,0.015665328532608696
31,0.016734716708924947
32,0.0165493493164557
33,0.01737941967257112
34,0.01759447431708623
35,0.018320542525360386
36,0.018217566849263313
37,0.01901261706081081
38,0.019298162416851443
39,0.019630400742009137
40,0.019468211628540302
41,0.01974013541666667
42,0.019920474406108602
43,0.02079225455891059
44,0.02069725688745604
45,0.021123242919500556
46,0.02143307360159817
47,0.022216502891052956
48,0.02208914251847291
49,0.022550781597222222
50,0.023427311121983044
51,0.023240683343828714
52,0.024008164241803274
53,0.0239064697518444
54,0.024252291705374917
55,0.024569590294117653
56,0.025378905991440798
57,0.025323962381596753
58,0.026172949680624558
59,0.026122446461758392
60,0.026874564295925663
61,0.026753101810584955
62,0.027112487207602346
63,0.02787044604974397
64,0.027693608461002786
65,0.028010918301350395
66,0.02894842716143841
67,0.02935245302435192
68,0.029163472235023042
69,0.02991384704956727
70,0.029950009560524286
71,0.030922958122028534
72,0.028447115175242357
73,0.02956537750379362
74,0.029548291320754712
75,0.02928252989930287
76,0.030101572542648256
77,0.030130789814814814
78,0.030168790238515902
79,0.030902345132398753
80,0.031042755449482897
81,0.03155326623134328
82,0.03190817853736089
83,0.03247797561074919
84,0.03237889527138158
85,0.033093864585115484
86,0.03305017405382675
87,0.03380280064047823
88,0.03350179224872232
89,0.0345023226431718
90,0.03487300354397951
91,0.034445293766233766
92,0.03528220513636364
93,0.03527286056458511
94,0.03611655618181817
95,0.035900480344522964
96,0.03616134645776567
97,0.03637436865079365
98,0.037061478711484595
99,0.03732952328767123
100,0.0371521049537037
