1,0.004839989307535642
2,0.0049126189722108705
3,0.0050216550072871135
4,0.005263438280732729
5,0.005156511553112756
6,0.0054567485702848
7,0.0050608984908276445
8,0.005930012839338598
9,0.00588046332688588
10,0.006019833247930626
11,0.005243833362227759
12,0.00524017966395664
13,0.006458951880204137
14,0.006466850858599411
15,0.007028736817867833
16,0.0063237447135402695
17,0.007201624471937237
18,0.006097767347580139
19,0.0073989569968798755
20,0.006884456301727894
21,0.0070965999485294124
22,0.007048326120432087
23,0.007838655936783491
24,0.0068729784835609925
25,0.008309534066703152
26,0.008001372549181682
27,0.008402292659499471
28,0.008390040452616689
29,0.007857126946449447
30,0.008489487837104074
31,0.007858469786096256
32,0.009071936692647217
33,0.009370013035363459
34,0.009193764155424663
35,0.00938189371322087
36,0.008554484400459549
37,0.009743278802030455
38,0.009343826801890507
39,0.009633382805339711
40,0.0103123674366617
41,0.010347949826238054
42,0.010389272632266492
43,0.01104018238857143
44,0.011035196352029184
45,0.012255484723277336
46,0.012721775629194632
47,0.013600702594272755
48,0.013957084269406393
49,0.015506381007157469
50,0.015379450564440263
51,0.015660321732673267
52,0.01620275084200099
53,0.01674523189788551
54,0.016478534508881922
55,0.016707726127049183
56,0.01733384137658228
57,0.016973837732656514
58,0.017653424732092495
59,0.01765285108065366
60,0.018454087073307222
61,0.018158517697228146
62,0.0184770757468767
63,0.01870034632847534
64,0.01917956513310185
65,0.01881632789473684
66,0.018948668034188036
67,0.019305394591671174
68,0.019838156847624924
69,0.019599885348706412
70,0.020238380420991922
71,0.019819328355607204
72,0.02065101061893204
73,0.020330482726204465
74,0.020493489489311165
75,0.02121739519807923
76,0.021473439446589446
77,0.021673432822477648
78,0.021839146726190476
79,0.02159519835918855
80,0.021803340321620013
81,0.02247048964646465
82,0.022678172999369885
83,0.02279075675049636
84,0.022703960788113698
85,0.023413992959183675
86,0.023618009402882632
87,0.023287343848684215
88,0.023519795363811977
89,0.02409252319944598
90,0.02438043836734694
91,0.024033933289386945
92,0.024760135794655413
93,0.024477925912408764
94,0.02507804856943475
95,0.024830969433198378
96,0.02552951997146933
97,0.025302746779778392
98,0.025620135510948903
99,0.025783114530812324
100,0.026021581002331005
