1,0.004881775593495935
2,0.004853595877361512
3,0.004895351709839255
4,0.00496247785579543
5,0.00503517549646955
6,0.005074500057961851
7,0.005115719937012187
8,0.005297387801749273
9,0.005122072085481457
10,0.005144934923868753
11,0.005189480169237068
12,0.005940436751450797
13,0.006068584301950148
14,0.006072526905631852
15,0.005940209226884228
16,0.006080233190938511
17,0.0057866110002478925
18,0.005283518852235551
19,0.006474710404040404
20,0.0064488831510868105
21,0.005232072890067085
22,0.006476816937869824
23,0.005293150763827919
24,0.006848116014033499
25,0.0069841746854895975
26,0.006718299694749695
27,0.00627809260053072
28,0.006133326559660811
29,0.00722798145882353
30,0.006130131757157814
31,0.007403915292740048
32,0.0067676437738389056
33,0.007427686625546534
34,0.0070438921861217295
35,0.007441009470167804
36,0.007498006153225808
37,0.0069737895020651666
38,0.0069650056372188756
39,0.006862321394340484
40,0.006890318258101851
41,0.007992039399671053
42,0.007803042747013425
43,0.00797963652798415
44,0.008403022882993676
45,0.008092063306945712
46,0.008117909946371711
47,0.008212787272262897
48,0.008546342168348953
49,0.007836054938754236
50,0.007830858368091762
51,0.008664042651296831
52,0.008939514261569692
53,0.008162361604507647
54,0.009335718431183828
55,0.009062213532282282
56,0.009378126938895417
57,0.00923348524297029
58,0.009330020976954895
59,0.009194884315214093
60,0.00855552252700398
61,0.008768667836342458
62,0.009623238939950977
63,0.009290235155796397
64,0.00943385515951162
65,0.009990000958360874
66,0.010262943372982157
67,0.010038160948419302
68,0.01034895483836207
69,0.010371242273706897
70,0.009764284740259742
71,0.010624098394010044
72,0.011105997949781156
73,0.010856912051569505
74,0.011675937972841902
75,0.011934691818405514
76,0.01201599786713834
77,0.013461729916201115
78,0.01298262260695187
79,0.013853568717875497
80,0.014118420101276969
81,0.015192838208730557
82,0.015610197105943151
83,0.015326929778197267
84,0.015837667176959006
85,0.01566080834158416
86,0.016543075970228603
87,0.016236830481012657
88,0.016722614957264962
89,0.01638221637279597
90,0.016941046639784945
91,0.016641241450381684
92,0.017185259152267818
93,0.017323665249187433
94,0.017420324075067026
95,0.016981249587203307
96,0.017090258618052016
97,0.017728143896976484
98,0.01757537575677111
99,0.018288876352530542
100,0.017902630636461705
