1,0.004858300548112058
2,0.004950833456425406
3,0.005069887609060403
4,0.005105785816525699
5,0.005465681790235082
6,0.004985221651495449
7,0.006088791814379606
8,0.006097018329690111
9,0.006252207043395971
10,0.005239368759471747
11,0.005232884393017089
12,0.005312701136613223
13,0.006748251369931859
14,0.006691734265650986
15,0.0060913423092450545
16,0.006230861861243404
17,0.006964822345036846
18,0.0074316835950863
19,0.007052320971867007
20,0.006903645208600313
21,0.00689163087796562
22,0.007950477617303948
23,0.008073158562456566
24,0.008181386571327678
25,0.0078622217973697
26,0.007830146415537018
27,0.008856459322033898
28,0.009359333450360836
29,0.009339429712209836
30,0.009374171791338582
31,0.008554040058324495
32,0.00961479697092084
33,0.009426339668442866
34,0.010252829825865364
35,0.010352862596815834
36,0.00992036768192968
37,0.011042879759725401
38,0.011281809027291813
39,0.012142963769841269
40,0.013019104259184499
41,0.014555541560218977
42,0.014796853934506356
43,0.01568953668478261
44,0.01578605715736041
45,0.016651770808625337
46,0.016405533992094858
47,0.0170711927756654
48,0.016834810418848167
49,0.017542612717864926
50,0.017660554628099172
51,0.01779925905815749
52,0.01859227812321734
53,0.01834769621212121
54,0.01863820803977273
55,0.01917688875
56,0.018807570170610896
57,0.019041600465386853
58,0.019465996621221098
59,0.019594227809633023
60,0.019734297428571426
61,0.020474872084805657
62,0.020162537514092447
63,0.020804488461538467
64,0.02107078640243902
65,0.02089355992366412
66,0.0211544425831202
67,0.021352184054878053
68,0.021636392569124425
69,0.022288358067664278
70,0.022072422591671845
71,0.022750916015883516
72,0.02265145326086957
73,0.0234042600266489
74,0.023614237475665153
75,0.023364128828828826
76,0.023612015482076636
77,0.024262087798227677
78,0.02400954489264802
79,0.02426547362525458
80,0.02492879283727399
81,0.02512933127962086
82,0.024925529952021932
83,0.02564372295882764
84,0.025476105055020633
85,0.025756122457912457
86,0.026050275485961127
87,0.026278814191660574
88,0.026925284058514628
89,0.027182569002998497
90,0.02745214913207547
91,0.027703845410082768
92,0.027392555876068383
93,0.027994690210843377
94,0.028207140366972475
95,0.028008922139303477
96,0.02878386048573632
97,0.029103561532567043
98,0.02884069806818182
99,0.029077389225460118
100,0.029710491498791305
