1,0.004840456020220587
2,0.004926656700149604
3,0.004951304810140595
4,0.005047499625487921
5,0.00487160855123243
6,0.004874213273839878
7,0.005146204599344443
8,0.004949298710962061
9,0.005246514108440469
10,0.0050167896087505255
11,0.00506298456127553
12,0.005058819834401709
13,0.005085200914101357
14,0.005062434965907201
15,0.005065378095794392
16,0.005275765512133986
17,0.005104583363294657
18,0.005105960227272727
19,0.005157741345276128
20,0.005173741819772528
21,0.005189925670791807
22,0.005473197353420196
23,0.005501275329585222
24,0.00599282018113802
25,0.0059870677943925235
26,0.0059439251414076695
27,0.005909693055017435
28,0.005908706591994124
29,0.005926678319181784
30,0.0060930381461329185
31,0.0059838983222135
32,0.005961892336121378
33,0.006084419827418437
34,0.006153403311214332
35,0.006145564189189188
36,0.005385347378814408
37,0.0052489519541852134
38,0.005245197806531115
39,0.005250566713604854
40,0.006460770361973734
41,0.005241120121462129
42,0.005241723176012124
43,0.006471104096045197
44,0.005224896766843875
45,0.006459568916700863
46,0.005240592035350249
47,0.005305676842568162
48,0.006722701105241207
49,0.006824326359380094
50,0.006967791059887981
51,0.006711174114173227
52,0.006561971556926378
53,0.006594066478124574
54,0.006350548893989985
55,0.00618352613181994
56,0.007161680396930796
57,0.006272017868209048
58,0.0061749839201637674
59,0.007236296997111144
60,0.007235711675320706
61,0.006123648011614695
62,0.007407614075046327
63,0.006240498902720741
64,0.006413946175806666
65,0.006734125658353071
66,0.006795083211009174
67,0.007408020325457676
68,0.0070344700175464245
69,0.006909217942513564
70,0.007056640861483995
71,0.0070775875660211264
72,0.007642759096702247
73,0.007485450378919431
74,0.00715035396039604
75,0.006972015769583143
76,0.007679434982391417
77,0.007742283008835079
78,0.006867869835819835
79,0.006915990794306702
80,0.006858090639140273
81,0.006895683349964362
82,0.006882774756730032
83,0.006892680378301214
84,0.0070335487485276805
85,0.007806746541995807
86,0.008401609719298247
87,0.008406205192982456
88,0.007997751074735451
89,0.008017623219325917
90,0.008378278560084702
91,0.008388476078500707
92,0.00840041820656947
93,0.008143288225122006
94,0.008391642106647956
95,0.00817425074910313
96,0.008570598382773409
97,0.008031391956292787
98,0.007875723990922354
99,0.00784766071515192
100,0.008520895850735427
