1,0.01743953913872988
2,0.017782354663973557
3,0.017850130023094688
4,0.01781891462246777
5,0.01784462332352941
6,0.017836978743394006
7,0.016555975290896648
8,0.016591286501970337
9,0.01653828861095984
10,0.01652837846655791
11,0.016519166365803813
12,0.01655995502511331
13,0.016567224280282455
14,0.017835315837236538
15,0.0178475786032276
16,0.017830559043517366
17,0.017832179311982388
18,0.01782779000368867
19,0.017754219441381842
20,0.01783891603095589
21,0.01775859649558499
22,0.017846686112135742
23,0.01778217039837698
24,0.01777576701349831
25,0.017759187679293856
26,0.01777720392271663
27,0.019705574750000003
28,0.020060468404118403
29,0.020119729987373738
30,0.02015546909722222
31,0.020194695376776366
32,0.02008816877756774
33,0.02015480735483871
34,0.020164347263361238
35,0.02019617270114942
36,0.020224785532186106
37,0.020229534918136022
38,0.020265677153627527
39,0.02026515208466966
40,0.021581713408190224
41,0.021572172874756653
42,0.02156663943383805
43,0.021567781625084288
44,0.021644639741935486
45,0.021650663803475936
46,0.021563305827193565
47,0.021648374387822633
48,0.02156276014686248
49,0.02156629195519348
50,0.021574194197952222
51,0.021559925249500997
52,0.02156224164983165
53,0.029251272923452774
54,0.029387741139240506
55,0.02958376749792186
56,0.02958691622544833
57,0.029578969670050765
58,0.02976522040990607
59,0.029797177014419002
60,0.029999920939086294
61,0.03006673411214953
62,0.030107259519934905
63,0.030052248381601362
64,0.030241038702928873
65,0.030477763034001744
66,0.03068066339982654
67,0.0308848354347826
68,0.03146345647756139
69,0.031699660535557506
70,0.03180103805970149
71,0.03183508699294533
72,0.03184243734513275
73,0.03183078541666667
74,0.03183453823268206
75,0.031859170396475775
76,0.0318455960619469
77,0.031853883144599304
78,0.032384957015192145
79,0.03415702904545455
80,0.03430032024253733
81,0.03425290343045114
82,0.03425163447319778
83,0.03435495692742695
84,0.03436194278202677
85,0.03427714352941177
86,0.0343089885576923
87,0.03434327525918945
88,0.034450125447690855
89,0.03454983242736645
90,0.034869287367915454
91,0.035431154832535894
92,0.03596179146341463
93,0.036507374168297455
94,0.036645525219512205
95,0.0367181034906588
96,0.03683482485939257
97,0.036846231754735795
98,0.03673684468503938
99,0.03674606945788964
100,0.036749501868239914
