1,0.05211696706293705
2,0.09319995200892857
3,0.13535165545454542
4,0.1770145114341085
5,0.2187451978672986
6,0.26052696340782117
7,0.3024650751612903
8,0.3440098952554744
9,0.3860106364754098
10,0.4288537067567567
11,0.47651567950000007
12,0.5220117141304348
13,0.5667198094117647
14,0.6070989999999999
15,0.6497778621621623
16,0.6924745456521739
17,0.7353878878048781
18,0.7778189705128205
19,0.8202600586206896
20,0.86293446
21,0.905370625471698
22,0.9483045578124998
23,0.9906058927083333
24,1.0328979293478262
25,1.0759813035714285
26,1.1183656574074075
27,1.1610627673076928
28,1.2034915280000003
29,1.2458321210526313
30,1.2887633874999997
31,1.3312870413043478
32,1.373700581818182
33,1.4166016954545455
34,1.4591253880952382
35,1.5018781625
36,1.5442952750000003
37,1.5871356789473683
38,1.6294325342105263
39,1.6722047444444441
40,1.7145962027777777
41,1.757090468518519
42,1.7997418088235295
43,1.842449685294118
44,1.8848843656250003
45,1.927487390625
46,1.97017804375
47,2.0129043133333333
48,2.0549476199999996
49,2.0978365566666666
50,2.1397663545454546
51,2.183274564285714
52,2.225539
53,2.2683691285714285
54,2.310726873076923
55,2.3534616538461544
56,2.3961661423076923
57,2.438500419230769
58,2.4809000653846147
59,2.5235910875
60,2.5660102375
61,2.6080897166666666
62,2.6508882166666665
63,2.6932883124999996
64,2.7360051590909094
65,2.778837109090909
66,2.8214138
67,2.863570081818182
68,2.9062403227272724
69,2.949130018181818
70,2.991391853125
71,3.0348385900000006
72,3.07689896
73,3.119411585
74,3.162087435
75,3.20481355
76,3.2475784549999998
77,3.2899552350000003
78,3.331790671428571
79,3.3747415833333334
80,3.4174489166666664
81,3.460356588888889
82,3.5029330555555553
83,3.5455870111111105
84,3.5879210333333345
85,3.630608044444445
86,3.6730458666666665
87,3.715945833333334
88,3.758464475
89,3.8013659624999994
90,3.8434731875000003
91,3.886228606249999
92,3.9291994562499992
93,3.9715377375000003
94,4.013986275000001
95,4.056889231250001
96,4.099341593749999
97,4.1417863875
98,4.184017075
99,4.22743026875
100,4.26968540625
