1,0.01271181826441928
2,0.013972175664739883
3,0.013969846469907402
4,0.015316278834374177
5,0.015341856143128564
6,0.01651738305460751
7,0.021561595430286854
8,0.021685113221153848
9,0.02297089055749129
10,0.023347115488338194
11,0.025489504583333333
12,0.026769088076311606
13,0.02681732681388013
14,0.030468017922948076
15,0.03096868503902862
16,0.03275534584078712
17,0.034277998918156166
18,0.035421836183574876
19,0.03646859848632812
20,0.03693136386639677
21,0.03990980752302969
22,0.0411740605376344
23,0.041854861818181814
24,0.044320299943566586
25,0.04472039008073818
26,0.04622013540945791
27,0.04837099847001224
28,0.04964269494949495
29,0.05068894138149557
30,0.052134009215686276
31,0.053521156612685555
32,0.05484126872370267
33,0.056036240629370626
34,0.058341765811965804
35,0.05960982090643275
36,0.060694364957264955
37,0.06222611227272727
38,0.06359618062700965
39,0.06461950589147286
40,0.0661372794871795
41,0.06775046278501629
42,0.06878924222408027
43,0.07002624
44,0.0721020537671233
45,0.07367992465034966
46,0.07471377757092197
47,0.07597932329749103
48,0.07756499293577981
49,0.07881566988188977
50,0.08007384962049335
51,0.08197761323809524
52,0.08338243139534884
53,0.08469675636182904
54,0.08603684066265062
55,0.08766409002036661
56,0.08879321811594204
57,0.08987083187499999
58,0.09169455370762711
59,0.09258829614561029
60,0.09458349334112148
61,0.09597780921052633
62,0.09736466278026906
63,0.09867371613995485
64,0.09998928333333335
65,0.10132914250585479
66,0.10285073200934582
67,0.10419081523809526
68,0.10558831638554214
69,0.10674716439024391
70,0.10865319009779952
71,0.10990687326732672
72,0.11143600125628138
73,0.1127663668797954
74,0.11408148144329897
75,0.11576613394255876
76,0.11692607686170213
77,0.11830170386666666
78,0.11961359274193548
79,0.12124715121621622
80,0.12274962361878455
81,0.12419855856353593
82,0.1252314568627451
83,0.12877761193181822
84,0.12792106282051285
85,0.12946408230088494
86,0.13071233265306123
87,0.13257723905325441
88,0.1338277572916667
89,0.13524125374251494
90,0.13675617417417416
91,0.13797076242331288
92,0.139558394
93,0.14083191871069187
94,0.142057457704918
95,0.14362367955271566
96,0.1450236539936102
97,0.14664008462783173
98,0.1479393298360656
99,0.14905573684210524
100,0.15069672233333334
