1,0.01654028533405758
2,0.016523278113271925
3,0.01652668886045718
4,0.01785875356746765
5,0.01783713538745387
6,0.017840773269896193
7,0.01910915146600125
8,0.019123726320696085
9,0.019121102704402516
10,0.01926078149509804
11,0.020299153811369507
12,0.02034073030888031
13,0.020313285486950987
14,0.021670014765784118
15,0.021657103719008267
16,0.02159004298941799
17,0.022948227642559108
18,0.022928903366762177
19,0.02294588772919605
20,0.02421684019896831
21,0.024242584321080275
22,0.024216453077455048
23,0.0244450974112426
24,0.025310383855331846
25,0.025358208314522197
26,0.025454867319508447
27,0.02668880836560805
28,0.0267591494949495
29,0.026801747455666925
30,0.028850042598684213
31,0.029088426804979257
32,0.029156181481481486
33,0.030129526571920758
34,0.030406289264828745
35,0.030423267123287672
36,0.030442332330180573
37,0.030901151391382418
38,0.03107024689413823
39,0.03138612311733801
40,0.03272782338195077
41,0.03289900993897123
42,0.033019710829493086
43,0.03432238774928775
44,0.034370555380952385
45,0.034398588106565174
46,0.03558887497565726
47,0.03588891149038461
48,0.036143409109311735
49,0.03660500582329317
50,0.03703957138461539
51,0.03723584507537689
52,0.03753446151515151
53,0.03955959832810867
54,0.04065963054082714
55,0.04175844820675105
56,0.042497825380434784
57,0.04337309527559055
58,0.044026164236902046
59,0.04454334810779816
60,0.04495551337946944
61,0.04577919917840376
62,0.046135014084507035
63,0.04654453568883611
64,0.04689075506555423
65,0.04729747972651606
66,0.04794525067650676
67,0.048555816851851855
68,0.04911821589775561
69,0.049579864886934666
70,0.049942527750309024
71,0.05043962376738305
72,0.050949744184576484
73,0.051339198180592995
74,0.051814875606641116
75,0.05215752373868046
76,0.05245189075520834
77,0.052703476041666655
78,0.053114207
79,0.05349174757536041
80,0.054112848643147894
81,0.054746728137651815
82,0.05522766118598383
83,0.05573756975138122
84,0.05628377531120331
85,0.05681834532967032
86,0.05723269783216783
87,0.057627351396648034
88,0.058084258028169015
89,0.05837823510028654
90,0.05871281951219511
91,0.059226453868194855
92,0.059793611231884064
93,0.06036063662182362
94,0.06103705986646886
95,0.06158839275147928
96,0.062145995284431134
97,0.06272646749999998
98,0.06322627751937984
99,0.06361154292307691
100,0.06396198139534884
