1,0.0027845761831275725
2,0.002829145671352114
3,0.002833949772945247
4,0.0028401986161497948
5,0.002850600341542333
6,0.0028443293775468025
7,0.002833909757247035
8,0.0028254868814077206
9,0.0028421992995310667
10,0.0027870146446043165
11,0.002826026399882732
12,0.002823105298897272
13,0.002813463746599525
14,0.0028276037381813938
15,0.0028216389822761007
16,0.0028259719480140193
17,0.0028635776882191457
18,0.002817623066185879
19,0.0028760400412211
20,0.0028330314409323676
21,0.0028245197380924103
22,0.0028331577957306287
23,0.002818226572630103
24,0.0028395564895802765
25,0.002849187276825435
26,0.0028344039848646092
27,0.002826773323503391
28,0.0028211702504670716
29,0.0028017274978404836
30,0.0028316812503674095
31,0.0028312136483092916
32,0.0028621402667423383
33,0.0028316129446355545
34,0.002850984805527429
35,0.0028424020484941284
36,0.0028335418698473953
37,0.0028216675045303094
38,0.0028270156951326142
39,0.002829730546633183
40,0.0028373287085363026
41,0.0028243485133802883
42,0.0028414771054328077
43,0.0028635617294166323
44,0.002839340899363966
45,0.0028528101184834777
46,0.0028208444208981743
47,0.0028125472854239985
48,0.002833515126689683
49,0.002832037968768485
50,0.0028532596225854384
51,0.0028204608486719477
52,0.0028040901903281057
53,0.002834400786621606
54,0.002819791806369279
55,0.0028484643386897405
56,0.002835859659900968
57,0.002834644268242729
58,0.0028371084279006976
59,0.002817657527453064
60,0.0028158550898024944
61,0.0028386649517383564
62,0.002827779425951289
63,0.0028401832117861555
64,0.002818387811367092
65,0.00280545884502771
66,0.002830534125626659
67,0.0028182941944299086
68,0.0027899214599468266
69,0.0028344281833309025
70,0.002832675087698436
71,0.0028170184262715824
72,0.002837006907914092
73,0.002813211737113289
74,0.002844321341176471
75,0.00282381026783115
76,0.0028110280437438195
77,0.0028321636621116563
78,0.0028299607603470512
79,0.0028242692480226653
80,0.0028378674424778764
81,0.002843057433031755
82,0.0028173635333475296
83,0.0028059214223411064
84,0.002827722441814381
85,0.002821488731577115
86,0.0028501093461647253
87,0.0028207494988743763
88,0.002849132800429326
89,0.0028356924427123016
90,0.002830377352401255
91,0.002835170157037384
92,0.0028638525306292372
93,0.00283831311084975
94,0.0028284941421983538
95,0.0028265309111511414
96,0.002826820444208163
97,0.002832239800496764
98,0.00782910923592932
99,0.008245726971580816
100,0.008187904248768472
