1,0.09306574949083503
2,0.1215190045289855
3,0.15237478856526432
4,0.1832076050870147
5,0.21263004277286132
6,0.24183865292096218
7,0.27343928735632184
8,0.30477212447257385
9,0.3338246712643678
10,0.3665928575063613
11,0.3973026315789474
12,0.42908935735735737
13,0.46149358827838827
14,0.4960591857923497
15,0.5229509367816092
16,0.5536960038314176
17,0.5838685731707318
18,0.6153756326530612
19,0.6446523971631205
20,0.6756485925925926
21,0.7088250775193798
22,0.7369753333333334
23,0.7697582328042327
24,0.7989683245614035
25,0.8317591441441442
26,0.8626655428571428
27,0.8927080980392156
28,0.9234238585858586
29,0.9565192708333333
30,0.9864574097222222
31,1.0181566777777777
32,1.0502619655172414
33,1.0793618571428572
34,1.1126607901234569
35,1.1423596825396825
36,1.1742517564102561
37,1.2040613733333334
38,1.2424415866666663
39,1.2672845
40,1.2982788558558558
41,1.3255245942028986
42,1.3584488695652173
43,1.3877888333333332
44,1.4215246969696969
45,1.4507190952380955
46,1.4824183333333332
47,1.5141191333333335
48,1.5424690166666666
49,1.5766230777777777
50,1.607144192982456
51,1.63688149122807
52,1.6695224444444445
53,1.699160462962963
54,1.731191703703704
55,1.7619024197530864
56,1.7922150980392155
57,1.8362107450980392
58,1.8676436666666665
59,1.8970319166666667
60,1.9288380208333331
61,1.9626155416666669
62,1.993278763888889
63,2.0245191555555557
64,2.0604538444444445
65,2.092425466666667
66,2.1211989333333334
67,2.151951023809523
68,2.1836262380952376
69,2.2165582380952378
70,2.2532019047619047
71,2.2835191666666663
72,2.3156421794871798
73,2.3493378974358974
74,2.3797277692307692
75,2.4107378205128205
76,2.442482512820513
77,2.4724861282051283
78,2.491267435897436
79,2.525071861111111
80,2.5573866666666665
81,2.5875687222222217
82,2.6192360555555556
83,2.6493550555555556
84,2.678341638888889
85,2.70504775
86,2.7772888787878784
87,2.7671103030303033
88,2.796512151515152
89,2.8290100606060604
90,2.8605273333333336
91,2.8907854848484855
92,2.9144206363636362
93,2.9473464242424243
94,2.9790076060606063
95,3.0110577
96,3.038379833333334
97,3.0728922666666665
98,3.1027221666666667
99,3.1396183666666664
100,3.1696258000000004
