1,0.05248662908277405
2,0.05653672194304857
3,0.059059785833333336
4,0.06253293100233101
5,0.06529837098393573
6,0.06912293611638204
7,0.07169264988425926
8,0.07454782870370372
9,0.07741375261324042
10,0.08034797646310432
11,0.08254320101781171
12,0.08572629092113984
13,0.08818522134387352
14,0.09120447546897546
15,0.09497982130584193
16,0.09806307282282281
17,0.09900697193702944
18,0.10118510473815462
19,0.10465577078814173
20,0.10650486086309523
21,0.10968671943048575
22,0.11143297196261684
23,0.1141140860979463
24,0.11761440270270271
25,0.1208964584450402
26,0.12345725975177306
27,0.12618576241134752
28,0.127868590778098
29,0.13137945123726344
30,0.13386668740740743
31,0.1344830566959922
32,0.13950453253253253
33,0.14112173020833332
34,0.143319961025641
35,0.14606484081196583
36,0.14826642598509052
37,0.15183744666666668
38,0.1546548581196581
39,0.15678618469945352
40,0.16019000925925925
41,0.1617289904659498
42,0.1647523137254902
43,0.1666584814814815
44,0.17026641943419435
45,0.1724682438095238
46,0.1748484903100775
47,0.17587327552275522
48,0.18120289221556887
49,0.18352165239948123
50,0.18487460236220474
51,0.18935669008264466
52,0.19118551749502652
53,0.1928680867768595
54,0.1955025173160173
55,0.19697908469945355
56,0.20257273378076066
57,0.2021263305084746
58,0.20463689327485382
59,0.20862794917787744
60,0.21280047183098594
61,0.2134107962962963
62,0.21702311687355128
63,0.21767310407239818
64,0.22192104126984127
65,0.2246003054187192
66,0.22634017467948717
67,0.2304979512195122
68,0.23075460256410257
69,0.23541526666666668
70,0.23834905280528051
71,0.24032754133333334
72,0.24288107614213197
73,0.24753148351648357
74,0.24783153926679383
75,0.25306173109243696
76,0.25191390701754385
77,0.25554432608695654
78,0.26042235216572507
79,0.2620337797101449
80,0.263831790960452
81,0.26735592424242427
82,0.26731846327683617
83,0.27216120238095237
84,0.27389619923371655
85,0.27626856321839083
86,0.280848378968254
87,0.28196001984126984
88,0.28473525838264296
89,0.28807357875457873
90,0.2884537939393939
91,0.29482933333333333
92,0.29292443124999995
93,0.3007700825082508
94,0.30542809032258056
95,0.3011218101265823
96,0.3048192989247312
97,0.3085862941176471
98,0.3102306209150327
99,0.31447452430555556
100,0.3156733093681917
