1,0.11646624759405075
2,0.15694174489795917
3,0.19883284463276837
4,0.24180338461538461
5,0.2830561765873016
6,0.32477713288288285
7,0.3659657751937984
8,0.40978746892655366
9,0.45147211635220125
10,0.49477729209622
11,0.5377414406130269
12,0.5845654308943089
13,0.6273486458333334
14,0.670748525925926
15,0.7180964747474748
16,0.7616074416666665
17,0.8037534035087719
18,0.8527985416666668
19,0.8903459705882354
20,0.9320325032679739
21,0.9757072580645162
22,1.0164644999999999
23,1.0617795172413793
24,1.1029892015503877
25,1.1488301666666667
26,1.1915178461538463
27,1.2337920933333335
28,1.2783413472222223
29,1.3215372463768116
30,1.365933893939394
31,1.4094012878787878
32,1.4522055555555555
33,1.4939176190476193
34,1.53790405
35,1.5800678076023393
36,1.623671210526316
37,1.6682820925925927
38,1.7116459444444443
39,1.7546561851851852
40,1.7979288431372549
41,1.841805450980392
42,1.8840050208333334
43,1.9249868749999999
44,1.969946125
45,2.0128776666666663
46,2.0584722666666666
47,2.100271444444444
48,2.148430166666667
49,2.1914544285714284
50,2.2335724761904765
51,2.276190666666667
52,2.321386512820513
53,2.363807153846154
54,2.4026413333333334
55,2.4472552820512816
56,2.4895495641025644
57,2.535506666666666
58,2.578256722222222
59,2.6207612777777776
60,2.6640210277777774
61,2.7049965277777774
62,2.749262393939394
63,2.793598121212121
64,2.8356832424242424
65,2.87764296969697
66,2.921809484848485
67,2.9652711515151515
68,3.0079393999999997
69,3.051792666666666
70,3.100785933333333
71,3.1315515999999994
72,3.1735884
73,3.2176677
74,3.2634833666666667
75,3.305561766666666
76,3.348042111111111
77,3.392707851851852
78,3.435283222222222
79,3.479678888888889
80,3.5219005185185184
81,3.567232851851852
82,3.6104422222222223
83,3.659415666666666
84,3.7025548888888884
85,3.745933111111111
86,3.787062458333333
87,3.832283875
88,3.8730402083333333
89,3.9180188333333326
90,3.9596745833333338
91,4.006336458333333
92,4.045544125000001
93,4.090193
94,4.132043291666666
95,4.185515916666666
96,4.227393791666667
97,4.271374291666667
98,4.314194666666666
99,4.3580941428571425
100,4.398628
