1,0.08061151282051282
2,0.09897704810996563
3,0.1187090406926407
4,0.13907118026183282
5,0.15765266441441442
6,0.17738980576441102
7,0.19764196265560163
8,0.21886497067901237
9,0.238183025
10,0.25919403046594985
11,0.27950934374999997
12,0.30049600632911394
13,0.3201544864864865
14,0.3396261166666667
15,0.3613731348600508
16,0.38172578415300545
17,0.40053349035812674
18,0.42311237521620954
19,0.4414729545454545
20,0.4681190330033003
21,0.4829720850340136
22,0.5034101722222222
23,0.523533143678161
24,0.5428586212121213
25,0.563729074074074
26,0.5848716829268292
27,0.6036773200000001
28,0.6241318095238096
29,0.6441023120567375
30,0.6645168055555555
31,0.686140015151515
32,0.706546457364341
33,0.7276956717171718
34,0.7467191145833334
35,0.7654211322751323
36,0.7862411967213114
37,0.8061267931034483
38,0.827514972972973
39,0.8484813333333334
40,0.8685414857142857
41,0.8891883137254903
42,0.9103009797979799
43,0.9279512091503267
44,0.9492042395833332
45,0.9690991290322581
46,0.9959043402777776
47,1.0099229888888888
48,1.030918933333333
49,1.0506154942528736
50,1.0765302380952382
51,1.0909364285714287
52,1.1121713333333332
53,1.1320398271604941
54,1.153161873015873
55,1.1715642307692307
56,1.1919040416666666
57,1.2139278666666666
58,1.2335369333333335
59,1.2543998055555554
60,1.2749902916666667
61,1.2940591944444444
62,1.3159468260869565
63,1.3378025652173913
64,1.355228476190476
65,1.377816818181818
66,1.4022394090909092
67,1.415493474747475
68,1.4372539841269842
69,1.4556900952380951
70,1.4804548253968253
71,1.4983091770833337
72,1.5197430666666667
73,1.5405916
74,1.5603887166666666
75,1.579566581871345
76,1.6001642982456141
77,1.6190346315789472
78,1.6396746140350875
79,1.6609314912280702
80,1.686304074074074
81,1.7039598518518517
82,1.7285871666666668
83,1.7438567037037038
84,1.764213679012346
85,1.795840980392157
86,1.8215286470588237
87,1.835661980392157
88,1.8540083137254901
89,1.8765675416666665
90,1.8956356250000002
91,1.9142880625
92,1.936374
93,1.9573666041666666
94,1.9774876666666663
95,2.002056777777778
96,2.0264641777777777
97,2.040677555555556
98,2.0614090444444444
99,2.0826673333333336
100,2.100655222222222
