1,0.07549836805555554
2,0.09010403293807641
3,0.10588063387978143
4,0.12244554788213628
5,0.1377100892857143
6,0.15306992664509173
7,0.16954543798449612
8,0.18685508949416346
9,0.20212946312684366
10,0.21870212339743592
11,0.23557657918187055
12,0.252658081232493
13,0.2692146331471136
14,0.28437766352201255
15,0.30172116
16,0.3169197792792793
17,0.3325574189814815
18,0.35006799756691004
19,0.3645639483204134
20,0.38203067932489454
21,0.3986932192982457
22,0.4131513185840708
23,0.4304753333333334
24,0.4459576257861635
25,0.4637817821782178
26,0.48008780952380953
27,0.4957080896057348
28,0.5120543512544803
29,0.5273454912280702
30,0.5507715670498083
31,0.560337831372549
32,0.5763102142857143
33,0.5930043137254902
34,0.6097950333333334
35,0.6233773896103897
36,0.6412391560283688
37,0.6576053550724636
38,0.6731993098591549
39,0.6908371515151513
40,0.7074878682170542
41,0.7215362301587301
42,0.7379618211382113
43,0.7522491249999999
44,0.7702775384615385
45,0.7860495956284153
46,0.8045206929824561
47,0.8183515862068965
48,0.8359874907407407
49,0.851935638888889
50,0.8680752952380952
51,0.8832851470588235
52,0.9073776289308177
53,0.9151916464646463
54,0.9324737385620915
55,0.9489326979166667
56,0.9649302000000001
57,0.9830237419354839
58,1.0000580708333333
59,1.014131388888889
60,1.0314709420289854
61,1.0474257586206897
62,1.0648710574712643
63,1.0816647857142856
64,1.1020911547619046
65,1.1138143703703702
66,1.128491148148148
67,1.1445250634920636
68,1.1608081153846155
69,1.176708794871795
70,1.1934023
71,1.20971084
72,1.22571592
73,1.2432987733333332
74,1.258592027777778
75,1.2748187361111112
76,1.2903861981981983
77,1.3087518985507247
78,1.3255152898550724
79,1.339923115942029
80,1.3561272095238095
81,1.374721787878788
82,1.3900707575757576
83,1.4058943181818182
84,1.4221055454545453
85,1.4381915396825395
86,1.4558855079365083
87,1.4697375079365083
88,1.4864984270833332
89,1.5033722666666667
90,1.5189019000000001
91,1.5350218833333336
92,1.5499812833333333
93,1.5677223
94,1.5842452105263158
95,1.6008914035087718
96,1.616004210526316
97,1.6338516666666667
98,1.64825950877193
99,1.6632084597701149
100,1.6792858148148149
