1,0.10532613968253968
2,0.14220668224299068
3,0.1809629816993464
4,0.2188420805152979
5,0.25696699717514127
6,0.2955186376811594
7,0.3349413892944039
8,0.3751028582677166
9,0.41209410344827585
10,0.4516210995024876
11,0.4902270646258503
12,0.5322581111111112
13,0.5722003293650793
14,0.6110009493670886
15,0.6512434594594594
16,0.6920792415458938
17,0.7304800238095238
18,0.7708063247863248
19,0.8084262485875706
20,0.848569324074074
21,0.8889986176470588
22,0.9349216143790849
23,0.9682312423655914
24,1.0138522444444444
25,1.047782
26,1.0868667619047618
27,1.1280197407407406
28,1.1662740256410258
29,1.2071515733333333
30,1.2454046666666667
31,1.286830847222222
32,1.3258890869565214
33,1.3650686363636366
34,1.4060637272727272
35,1.4450889365079367
36,1.4833691904761903
37,1.5234194666666667
38,1.5643936999999999
39,1.6050351754385965
40,1.6432601929824562
41,1.6838252407407408
42,1.7210666481481482
43,1.760270537037037
44,1.8015803725490198
45,1.8390459411764704
46,1.882471625
47,1.9227275
48,1.9630480416666665
49,2.002624236111111
50,2.0407688222222222
51,2.080492555555556
52,2.1199318888888885
53,2.159138095238095
54,2.1983249047619045
55,2.2387653095238096
56,2.2818529047619047
57,2.319626512820513
58,2.3621470256410255
59,2.3992330769230765
60,2.4406325897435894
61,2.480488948717949
62,2.5205787222222225
63,2.5564548055555556
64,2.592445305555555
65,2.6327851944444447
66,2.6720154166666665
67,2.708478194444444
68,2.7503052424242425
69,2.7976821212121212
70,2.8360010303030303
71,2.8777797575757575
72,2.9173935757575755
73,2.958676939393939
74,2.9954748541666665
75,3.0317457666666665
76,3.068140133333333
77,3.1092946333333336
78,3.1499289666666668
79,3.1885895666666673
80,3.2266538333333337
81,3.264639133333332
82,3.303082133333334
83,3.3442640740740743
84,3.3841007777777774
85,3.4251647777777774
86,3.471052444444444
87,3.511076222222222
88,3.5457052592592593
89,3.5885827037037035
90,3.6303869259259254
91,3.6701311111111115
92,3.713598037037037
93,3.753202814814815
94,3.8007371249999995
95,3.832536208333333
96,3.872354125
97,3.900475416666667
98,3.938487958333333
99,3.979053791666667
100,4.016391875000001
