1,0.005063777270479644
2,0.005166963095865313
3,0.005233114213918934
4,0.0052267327235994325
5,0.005231880761238106
6,0.005239237908240216
7,0.005224656943078771
8,0.005223689957567185
9,0.005233384981886912
10,0.005224582391067538
11,0.005230761450714987
12,0.0052435794779379635
13,0.005183714574211908
14,0.005173100575454447
15,0.005145860467304375
16,0.005058047325234441
17,0.005063061995563067
18,0.005060089114273578
19,0.005046221455616323
20,0.0050546115967182075
21,0.005042185185768262
22,0.005039342552521009
23,0.005041905504635484
24,0.005037577862796834
25,0.005041788734990521
26,0.005051704832221869
27,0.005043441444420739
28,0.005052033227465215
29,0.005047871814548362
30,0.00505960263322884
31,0.005049351286000308
32,0.0050403512412845975
33,0.0050443284743603364
34,0.005046331297990954
35,0.005041235986122793
36,0.005042140608115267
37,0.0050461391487125595
38,0.005042932848789996
39,0.0050498952985153205
40,0.005048785923312284
41,0.005040347163157896
42,0.00504772203995794
43,0.005053055462121212
44,0.0050468006155303035
45,0.005046502296187066
46,0.005059182349206349
47,0.0050556672875989445
48,0.005060702392243652
49,0.0050474953514155286
50,0.005064317590335913
51,0.005069688716308816
52,0.005054914229018943
53,0.005054028202282816
54,0.005058086827075623
55,0.005053441390030562
56,0.005062354337971747
57,0.005051112188059387
58,0.0050599709066020855
59,0.005065352185838901
60,0.005069728054784484
61,0.005046961399072904
62,0.005048454722955144
63,0.005050273969642669
64,0.005049251187973087
65,0.005045741291275451
66,0.005047869254756872
67,0.005054989174986863
68,0.005050931411615092
69,0.005046688443719069
70,0.005051899252631579
71,0.00505422329830973
72,0.005046504407118786
73,0.005053073666455829
74,0.005053005610578443
75,0.005052019749282907
76,0.005045305821304394
77,0.0050532988438390875
78,0.005055210112181183
79,0.005056379845246869
80,0.005052305986625623
81,0.005084568154040669
82,0.005050196227210454
83,0.005049644715233182
84,0.0050533007487082145
85,0.005068008271191599
86,0.005095236711807025
87,0.0050524822332349215
88,0.0050665475365625975
89,0.005065032350765979
90,0.0050662235845062974
91,0.005111417612996859
92,0.007960807252508178
93,0.006672604345538721
94,0.0067120535482086035
95,0.006682077074660005
96,0.006664645625134034
97,0.006675265345898479
98,0.006675906208101876
99,0.006677967795710341
100,0.0066726632865750715
