1,0.0050492030619786726
2,0.005058792443458044
3,0.005082472433581295
4,0.006167109769300168
5,0.006461101374234727
6,0.006455768966213488
7,0.006469720275563961
8,0.006350162991059333
9,0.006322808324559093
10,0.006324792270753848
11,0.006324105695285753
12,0.006319236070110702
13,0.006330375114644182
14,0.006340679985880891
15,0.007615741936297697
16,0.007606474392921304
17,0.007618563573232322
18,0.007616389820649538
19,0.0076192487785793125
20,0.00761645717559665
21,0.00761179841997156
22,0.007624967547248217
23,0.008774507505041773
24,0.008814471608253249
25,0.008837021804994492
26,0.00885175195153193
27,0.008852225308414657
28,0.008854571124173403
29,0.008856685905916943
30,0.00892350379373849
31,0.008889021549347547
32,0.0088780294058131
33,0.009116945710807267
34,0.009886201462466762
35,0.00996168659644775
36,0.010032427322916667
37,0.010099763867391759
38,0.010102525073436846
39,0.01011375693134055
40,0.010132440934873949
41,0.010126148172652805
42,0.010120005805164813
43,0.010136128533810828
44,0.010246653625954198
45,0.011386059547855862
46,0.011362893994683043
47,0.011373051019732568
48,0.01139631961338991
49,0.011405972177609825
50,0.01243646299712997
51,0.012731203000000003
52,0.01349486803506819
53,0.01386950225
54,0.014139461486486484
55,0.01514721432601881
56,0.016267972876177976
57,0.017351080354083375
58,0.017659828019461938
59,0.018855176679104482
60,0.01906268987460815
61,0.019740149750467874
62,0.02006717726679713
63,0.020145382607096907
64,0.020223095181112545
65,0.020235067655662346
66,0.020243305416143872
67,0.020312022200132538
68,0.02105633599033816
69,0.02137647359131025
70,0.0214466251345895
71,0.0215499027027027
72,0.021611874694293477
73,0.021553860204081635
74,0.02176116705921938
75,0.022132656217995608
76,0.022279356879432624
77,0.022424089697608996
78,0.022676266750720462
79,0.02280554408759124
80,0.022944103301886794
81,0.02320742249820014
82,0.023546816678700358
83,0.02375323770550393
84,0.023803822605363987
85,0.023951227522590362
86,0.02403811324404762
87,0.024190386681383368
88,0.024535734240797545
89,0.02488458986587183
90,0.02513389494047619
91,0.025213053343616537
92,0.025237427619047622
93,0.025354074939369444
94,0.02568726277777778
95,0.0259484881872214
96,0.02620320423861853
97,0.02641414122874807
98,0.026553393663123464
99,0.026706297286184212
100,0.02696610357439734
