1,0.0017383872396602657
2,0.0017212708574883527
3,0.0017345196281288102
4,0.001789907500223598
5,0.0017387714192783075
6,0.0017427699953669056
7,0.001758775693839
8,0.0017205621166523361
9,0.0017413765192760442
10,0.00173330537990821
11,0.0017875804018836052
12,0.0017604756097560979
13,0.001781394043796674
14,0.0017788181097835325
15,0.0017258657606947574
16,0.0017239980973355476
17,0.0017209675907366312
18,0.0018489849285610149
19,0.0017238535216857905
20,0.0017520049275468119
21,0.0017316426138592673
22,0.0017356338696265232
23,0.0017727460455395445
24,0.001755814193582964
25,0.001756674604797196
26,0.0017336018656172569
27,0.0017579750972534045
28,0.0017373562925618983
29,0.0017316209553072627
30,0.0017292642241843437
31,0.0017261977036174395
32,0.0017387592168392194
33,0.0017674164632374312
34,0.001746414818526346
35,0.0017417805317136836
36,0.0017334899864558167
37,0.001919416524047223
38,0.001970950002031447
39,0.0019944528568513415
40,0.002027139411077257
41,0.0020198306610084457
42,0.0020395171532078013
43,0.0020650074212077716
44,0.002061196752833312
45,0.0020721614320167794
46,0.0020830181847874096
47,0.002089574244004171
48,0.002167513969359331
49,0.002096604290899663
50,0.002100276704318431
51,0.0021089614841688655
52,0.0021161995067296175
53,0.002130414216566647
54,0.002127846247981909
55,0.002138494195384337
56,0.0021608344746841036
57,0.002142923470515427
58,0.0021476430656610468
59,0.0021491761831823834
60,0.0021605240716801137
61,0.002174899704049844
62,0.0021591769552385632
63,0.002163809791274747
64,0.0021722958618054307
65,0.0021968182932887723
66,0.0021884637545289856
67,0.002189369015330189
68,0.0022017184671366844
69,0.002206954152975538
70,0.0022139357172243556
71,0.002222536255176494
72,0.0022894444868318243
73,0.002256495502048709
74,0.0023973788354086844
75,0.0025016126370813775
76,0.0024510122393979457
77,0.0024859761485826
78,0.002523313835892663
79,0.0025023862199223803
80,0.0025134723225873437
81,0.002528073106060606
82,0.002540368809748572
83,0.002550452071156289
84,0.0025552428443953424
85,0.0025630962501064104
86,0.0025671116412050864
87,0.0025710448240519298
88,0.0025801859055793993
89,0.002585379309751269
90,0.0025918135301701813
91,0.002598689042307899
92,0.002602429087636344
93,0.0026075619042484365
94,0.002619434576749742
95,0.0026309852915507555
96,0.0026365353357760035
97,0.0026388131327211104
98,0.0026439418902639363
99,0.002652951911877815
100,0.0026585675072878278
101,0.002664334762979684
102,0.002678421950276243
103,0.0026847170908487327
104,0.0026963458471939558
105,0.0027549987314439946
106,0.0027033894052546337
107,0.0027366424891119806
108,0.002722508876516386
109,0.002747875745861379
110,0.0027816501240253994
111,0.002872243622717277
112,0.0029081982456668275
113,0.0029233225675757393
114,0.002940630794258955
115,0.0029516416357103707
116,0.0029708286488638455
117,0.0029848074776564052
118,0.003001062119397025
119,0.0030067917689927124
120,0.0030191618736820965
121,0.0030241293954938646
122,0.0030279259192102347
123,0.0030379206548960683
124,0.0030591323130063374
125,0.0030595863124248373
126,0.00306369212044374
127,0.003066170315475435
128,0.0030701783817269203
129,0.003074944376193508
130,0.003090897891604812
131,0.003095220515114718
132,0.003103129680803428
133,0.003109850581725312
134,0.0031105357821121513
135,0.0031231789329817343
136,0.0031290586616635405
137,0.0031391167624621173
138,0.0031440480075305933
139,0.003170516891749314
140,0.00316922536407767
141,0.003176750252095338
142,0.003181221578912858
143,0.0031784422029405156
144,0.0031810421206862624
145,0.0031930151947538394
146,0.003195361437434002
147,0.0032012035546590835
148,0.003215867895189572
149,0.003228978102677081
150,0.003243159598259123
151,0.0032712409160222207
152,0.0032875844156554064
153,0.0033022764602547213
154,0.0033082380517336276
155,0.0033155972995361164
156,0.0033241270866195736
157,0.0033284186424342556
158,0.003342093688247081
159,0.0033448510178645616
160,0.0033510539456348383
161,0.003358870422192903
162,0.0033706791567944252
163,0.0033705561541678285
164,0.0033780872915067342
165,0.0033887584359261333
166,0.0033937168638431916
167,0.003395575644257703
168,0.003407909076975476
169,0.003412415321900478
170,0.003418078268289908
171,0.003426740069507749
172,0.003431887818244092
173,0.003441820372912376
174,0.003452449988546558
175,0.003452339337390905
176,0.003456718943920937
177,0.003460458578995855
178,0.0034680732701859764
179,0.003476691562540603
180,0.0034825743080020137
181,0.003506344833935018
182,0.003499942134587555
183,0.0035047997026831034
184,0.0035118295753176045
185,0.0035149121956537547
186,0.003519011654299433
187,0.0035282322918185794
188,0.0035348625109521033
189,0.003547576545920234
190,0.0035558666594526223
191,0.0035699225356294537
192,0.003582407517857143
193,0.00358968641245972
194,0.0036050880416566918
195,0.003601930059916117
196,0.0036075410990990984
197,0.003619709881422925
198,0.003630634115442278
199,0.0036418519667569186
200,0.0036516367076204113
201,0.0036601076627166607
202,0.003665922814982974
203,0.0036693304479648303
204,0.0036771335280728376
205,0.0036831857142857146
206,0.0036960033570381285
207,0.003720293013603873
208,0.0037297430691839526
209,0.0037354837913454366
210,0.003742045696848923
211,0.0037497618548990278
212,0.003756286172870347
213,0.003759509370699362
214,0.0037852593370096494
215,0.003795702041200854
216,0.0037774070677231326
217,0.0037864841013824885
218,0.0037962925143126035
219,0.003805747789837973
220,0.0038123621571563683
221,0.003821250264633857
222,0.0038277933855526544
223,0.003840566835683726
224,0.003838728809996033
225,0.003856152092598475
226,0.0038644088342875325
227,0.0038824780201342285
228,0.003895663909834751
229,0.0039005342988303843
230,0.003914182621445774
231,0.003919834962991003
232,0.0039236788248031935
233,0.003920287009260466
234,0.003934843787380593
235,0.003943564723954847
236,0.00395820242785907
237,0.00396255666420906
238,0.0039778574654491606
239,0.0039915169556998436
240,0.0039962073702393686
241,0.004011237389508467
242,0.004025868280370739
243,0.0040332500207210945
244,0.004041934737672256
245,0.004054799399877852
246,0.0040592037953941715
247,0.00406006428193135
248,0.004067265694785627
249,0.004071817589344532
250,0.004077047099943869
251,0.004096826468313228
252,0.004105448646591101
253,0.00413842053366244
254,0.004162364779443255
255,0.004176669288904156
256,0.004184533331900258
257,0.00420584808604861
258,0.004213110576090344
259,0.004227400627718988
260,0.004239806650002417
261,0.0042499246894303734
262,0.0042683849576825765
263,0.004275301121233356
264,0.00427445781730347
265,0.004281537970288326
266,0.004298089195139133
267,0.004301305082950935
268,0.004313324541426672
269,0.0043252557830364274
270,0.004327208801031753
271,0.004339372753133612
272,0.004343464210760339
273,0.0043719304355571385
274,0.004359790704748534
275,0.004366137129231336
276,0.004387551896752258
277,0.004389688156562002
278,0.004399451570026014
279,0.004407813520822067
280,0.004399328258143674
281,0.004394850777524017
282,0.004398123704557482
283,0.0044048229971043774
284,0.004412827084272373
285,0.004421692421366196
286,0.004433823027747552
287,0.0044237042037003444
288,0.004430308199546485
289,0.0044565628537628545
290,0.004460817053025463
291,0.004464794402711616
292,0.004492640212296665
293,0.004515173211981567
294,0.004507079564890919
295,0.004537329149310377
296,0.0045524396367728195
297,0.004551531206690866
298,0.00454841267373458
299,0.00455878329326361
300,0.004565548736251334
