1,0.0017338196204093868
2,0.001726599633010078
3,0.0017252976342231553
4,0.0017823311690484157
5,0.0017412927271572584
6,0.001756403957581721
7,0.0017263316464718461
8,0.0017257472647880076
9,0.00174979083706035
10,0.0017360983969033237
11,0.0017368711258469076
12,0.0017260710500755449
13,0.0017208009073717131
14,0.0017405433491305589
15,0.0017339246466299657
16,0.0018765062834651958
17,0.0017357800460211623
18,0.001728608886446886
19,0.0017301908024156534
20,0.0017288083055937479
21,0.0017401107826363431
22,0.001724464794199773
23,0.0017250896490283094
24,0.001733904309333952
25,0.0017692665837463154
26,0.0017336551022620512
27,0.0017417123225389067
28,0.0017586871179351518
29,0.0017428213854989232
30,0.001733716081576865
31,0.0017354874049511238
32,0.0017229639862327908
33,0.0017289808970647517
34,0.0017242702001671081
35,0.001750447420430756
36,0.0017628726190934915
37,0.0017265075017666527
38,0.0017413156610341753
39,0.0017298108986290037
40,0.0017326027032337746
41,0.001723050114244913
42,0.0017407496317732635
43,0.0017314184709166106
44,0.0017414208654486557
45,0.001794947298115627
46,0.0017283933995473973
47,0.0017889268674527125
48,0.0017360406295906501
49,0.001723944347065543
50,0.0017370592892909976
51,0.0017562765139587573
52,0.0017351124741795323
53,0.0017148056115833454
54,0.0017431273003051518
55,0.001736649898789219
56,0.0017550445901118677
57,0.0017522265688129698
58,0.0017453602739971345
59,0.0017419141865760656
60,0.001742390696803197
61,0.0017271885590911932
62,0.0017296789745541539
63,0.0017366374568965515
64,0.0017336635406972579
65,0.0017322268086557096
66,0.0017796961920628692
67,0.0017578187472947627
68,0.0017380274248646286
69,0.001728456643612036
70,0.0017227022478407
71,0.0017259795864206326
72,0.0017311208878768188
73,0.00172565787390292
74,0.0017771104099321515
75,0.0017244567548956513
76,0.0017332047266410682
77,0.001790805212103663
78,0.0017264354329159213
79,0.0018094638320484179
80,0.001729908370967742
81,0.001730736219249187
82,0.0017214854452544312
83,0.0017429566815582562
84,0.0017332790200304512
85,0.0017275882072328925
86,0.0017304895224518888
87,0.0017297810609131204
88,0.0017807837217346516
89,0.0017249234648419405
90,0.0017413815643570166
91,0.001725712393787933
92,0.0017340386575490372
93,0.0017320901939732302
94,0.001730739302051664
95,0.0017368388509015004
96,0.0017308260872040098
97,0.0017510075912329165
98,0.0017419442547980688
99,0.0017463946447316028
100,0.001775451203588883
101,0.0017270406157362764
102,0.0017353359629019552
103,0.0017308410716869213
104,0.001729423887685085
105,0.0017213608701054349
106,0.0017270875932936724
107,0.0017899128546131334
108,0.0017225494538901228
109,0.0017431848011053741
110,0.001807917755569883
111,0.001721727669585024
112,0.0017935045573570555
113,0.0017283080054151625
114,0.0017372004537916847
115,0.0017285403726930658
116,0.001731916540190613
117,0.0017616919175968133
118,0.001723164251059631
119,0.001737478874923027
120,0.0017281310146650812
121,0.001742796541409944
122,0.0017276224550791036
123,0.00174000121174195
124,0.0017290110805047096
125,0.0017267742027109623
126,0.0017496480445575216
127,0.0017449009591133534
128,0.001730847529736314
129,0.0017402725199686213
130,0.0017325313945969253
131,0.0017279227459162563
132,0.0017271580431819022
133,0.0017289194488151374
134,0.0017592695515370705
135,0.001723492961217056
136,0.0017352212298105505
137,0.0017616547652828574
138,0.00173137871024105
139,0.001756783625164607
140,0.0017772570612265464
141,0.0017382248067589429
142,0.0017226154407845645
143,0.001832911207754074
144,0.0017309374878979437
145,0.001732351928922142
146,0.001732269458128079
147,0.001729620224879529
148,0.0017518078913254834
149,0.0017773953641772294
150,0.0017280439752119638
151,0.0017334879433760684
152,0.0017681263921658585
153,0.001738893339693956
154,0.0017252495956031027
155,0.0017393239688758301
156,0.001794621004671289
157,0.0017775798754596334
158,0.0018385293853144683
159,0.001746091637164945
160,0.0017460587453083111
161,0.0017464827701739376
162,0.0017204064631216607
163,0.0017470627681910392
164,0.0017296297898706898
165,0.0017349103615933155
166,0.0017370169275153263
167,0.001731998536751768
168,0.0017917727988661972
169,0.0017485672760611454
170,0.001728317399173644
171,0.0017303407186710002
172,0.0017388635540377141
173,0.0017285068612963661
174,0.001732598457279941
175,0.0017351698820027258
176,0.001723594545880995
177,0.001766997799573874
178,0.0018896593941481936
179,0.001724270695292066
180,0.0017512673345693095
181,0.0017300770152821033
182,0.0017399463452538316
183,0.0017269053053857975
184,0.0017354489754834999
185,0.0017353246021046328
186,0.001722238511451785
187,0.0017252559958048919
188,0.0017289584531598244
189,0.0017518234834920862
190,0.0017244839673815425
191,0.001773806653663164
192,0.001731833091367315
193,0.001746131685047264
194,0.00171877236724477
195,0.001742880842598842
196,0.0017406410611703488
197,0.001740720281975785
198,0.001754973852404235
199,0.0017371694318427306
200,0.0017259871143703487
201,0.0017724672599115298
202,0.0017391785819158463
203,0.001722014182261418
204,0.0017447712123951403
205,0.0017434134633441062
206,0.0017430529354907998
207,0.0017248659090098126
208,0.0017495409123653785
209,0.0017469029324535688
210,0.0017290132963002525
211,0.0017334275933459317
212,0.0017446486091618986
213,0.0018025170109993486
214,0.001758811475595196
215,0.0017500088858182154
216,0.0017239397980526505
217,0.0017463047095676106
218,0.001755049396109062
219,0.0017356770129343696
220,0.0017337269419387166
221,0.001724526505266185
222,0.001725935040954416
223,0.00172835667129333
224,0.0017641195817346047
225,0.001762175901828959
226,0.0017226051247979887
227,0.0017329256318807944
228,0.0017682193884815264
229,0.0017717388844256123
230,0.001766951236829438
231,0.001731518624759152
232,0.0017320296604110808
233,0.0017914614888436661
234,0.001725838413282814
235,0.001735302725381912
236,0.001730657656292332
237,0.0017261277483683831
238,0.001798686753423675
239,0.0017206655631375055
240,0.0017343301768130528
241,0.0017322966858841224
242,0.0017372852352617156
243,0.0017212819907710193
244,0.001721845334541449
245,0.0017457678903511908
246,0.0017246009731434165
247,0.0017299816647306518
248,0.0017416020223952916
249,0.0017236650255065386
250,0.001726681926841675
251,0.0017438669454781948
252,0.0017344315863475675
253,0.001817838738042149
254,0.0017922654424905285
255,0.0017604058265129395
256,0.0017427166679064232
257,0.0017528701698133486
258,0.001771682036132462
259,0.0017299589312675244
260,0.0018070123761382063
261,0.0017284956475314896
262,0.0017445367508284106
263,0.0017402899703177104
264,0.0017283404057648073
265,0.001738888101219415
266,0.0017380725212757168
267,0.0017478725660702123
268,0.0017397420803183796
269,0.001726816354286124
270,0.0017510862119735045
271,0.0017615868224195748
272,0.0017369551390089314
273,0.0018638991249226376
274,0.0017341932930785868
275,0.0017301503488918613
276,0.0017335056027710323
277,0.0017311499681414984
278,0.0017424342693575852
279,0.001734788411453584
280,0.0017775051249839945
281,0.001777546879432624
282,0.001748708150955482
283,0.001844562335196332
284,0.0017344558364019874
285,0.0017639965248907364
286,0.0017356166582679431
287,0.0017348117042751065
288,0.0017536407037249695
289,0.0017299409185132237
290,0.0017554475362163704
291,0.0017234677391385188
292,0.0017359280464700625
293,0.0017424636642966878
294,0.0017349811798544922
295,0.0017209325037816031
296,0.0017331665250320011
297,0.0017235313437617868
298,0.0017597353775957465
299,0.0017456069312475162
300,0.0017331136753987154
