1,0.0030625987861420565
2,0.003089073484601087
3,0.003078527360357485
4,0.003074999805757228
5,0.0030714018114555435
6,0.003071437396799187
7,0.0030915114423385806
8,0.003075520134486071
9,0.003083447700415203
10,0.0030617853824961563
11,0.0030600544165238913
12,0.003076306588121369
13,0.003086925944109053
14,0.003079593399002175
15,0.003070850787627551
16,0.0030769188607110997
17,0.003077444410157505
18,0.0030772143790012804
19,0.0031012715611598287
20,0.003208377572277492
21,0.0031736870776195784
22,0.003338594596551724
23,0.0033016173294679405
24,0.0033674726384930838
25,0.003369675170589054
26,0.003377293358255887
27,0.00338024000769446
28,0.003390725958505642
29,0.0033938629473979124
30,0.003423675249028612
31,0.0034521142262836013
32,0.0034745647105187726
33,0.003491332063882064
34,0.0035037158632937083
35,0.003786704423771393
36,0.0038424366774754836
37,0.003862036416184971
38,0.0038837483483870985
39,0.0038871259805825244
40,0.0038914960331864145
41,0.003897608261997406
42,0.003902766236013845
43,0.0039399915529219455
44,0.004118853671835066
45,0.004182436691949664
46,0.004170483392150111
47,0.0041952768051948044
48,0.00421014599449181
49,0.004222024522154648
50,0.004240720729813664
51,0.004259794970180671
52,0.004496059011978829
53,0.004539194003931848
54,0.004563595732225474
55,0.00459731102794884
56,0.00461467346958175
57,0.004625482828571429
58,0.004629577713536849
59,0.004642116484883275
60,0.004675191065921358
61,0.004848784772613693
62,0.00487813733045313
63,0.004882250306686778
64,0.004903486892958316
65,0.0049106638280616375
66,0.004928015030518821
67,0.004960079417187339
68,0.004965944428468727
69,0.005239606246780072
70,0.005246827061495457
71,0.005263371088915427
72,0.005292647205850251
73,0.00533169218440185
74,0.005347748198297777
75,0.0053476931943830155
76,0.00536656414801684
77,0.005409540483702212
78,0.00556906650390625
79,0.005603373482663973
80,0.005623737188769438
81,0.005620443583075439
82,0.005645701017560182
83,0.005664863214160532
84,0.005675374402670414
85,0.005702064856738593
86,0.005929926656884323
87,0.005978011482587065
88,0.005995855791891352
89,0.00602180849571801
90,0.006055494974371797
91,0.006072044298631169
92,0.0060956708784976055
93,0.006110427277889954
94,0.0061444327782702295
95,0.006324996388941834
96,0.006333295707656612
97,0.006348537823274455
98,0.006359628495762712
99,0.006368434266555261
100,0.00638154890775102
