1,0.003134319364218505
2,0.0030899306467181463
3,0.003069633182808097
4,0.0030859816987797045
5,0.003072396210768053
6,0.0030924724931120653
7,0.0030799464949051985
8,0.0030865479352356526
9,0.0030718018446166655
10,0.003067115039720369
11,0.0030765653828843317
12,0.003063556747163593
13,0.003075409825870647
14,0.0030746028430121254
15,0.0030718022299338088
16,0.0030998705991669337
17,0.003070421950368114
18,0.003076457047453927
19,0.0030981960773228136
20,0.0030662729225883825
21,0.003077361650958726
22,0.0030871341681631605
23,0.003103959133899074
24,0.003083238108882522
25,0.003092383104044024
26,0.0030721985691472375
27,0.0030922400808158553
28,0.0030736217402366106
29,0.003072627339854238
30,0.0030833246324461347
31,0.0030796698398404838
32,0.003057483015364917
33,0.003074846869777606
34,0.0030701644513088343
35,0.0030550703366058907
36,0.0030775167007252927
37,0.0030774050877418525
38,0.003069414910213958
39,0.0030658474218600807
40,0.0030769022501611868
41,0.003092501990572648
42,0.0030733060635743173
43,0.003078495169895744
44,0.0030730268260207964
45,0.0030881095501260423
46,0.003082807482070169
47,0.00308434249984049
48,0.003073988467639594
49,0.003078425814576293
50,0.003084041634738187
51,0.0030755278008829734
52,0.0030951644058283133
53,0.003076350476791916
54,0.003085278368920291
55,0.0030722730031948883
56,0.003093175840025699
57,0.0030841389476703425
58,0.0030656484703936913
59,0.0030892875700392866
60,0.0030704774619875544
61,0.003069082153165287
62,0.0030594523762690357
63,0.0030738382636450686
64,0.0031047676500835586
65,0.003070133622977755
66,0.0030710259235505384
67,0.003070071053138855
68,0.0030780447648483303
69,0.0030751866864477838
70,0.00309920184343596
71,0.003078578570514051
72,0.0030716825628496107
73,0.003088210816261204
74,0.0030830214112465694
75,0.0030617250718634305
76,0.003089976328743307
77,0.003082122839703439
78,0.003067615689975049
79,0.00307094003143242
80,0.0030729920066611153
81,0.003076190381043868
82,0.00307747615060087
83,0.0030938535661266383
84,0.003072275540128463
85,0.0030600438698542573
86,0.0030712379421429033
87,0.0030751340557633733
88,0.0030730088493589745
89,0.0030688597878011756
90,0.0030857197757818556
91,0.003089775025766555
92,0.003069236218620908
93,0.0030912528281853277
94,0.0030731942079397505
95,0.003066659937178755
96,0.0030781686977604797
97,0.0030801312958825405
98,0.0030800217792590692
99,0.003073133995029314
100,0.0030724222425761666
