1,0.005123450972949856
2,0.005286472053406415
3,0.005298911205179282
4,0.005317158617437775
5,0.005296512241169306
6,0.005297833480711838
7,0.0053061253514889856
8,0.005321741530144169
9,0.005305089331192558
10,0.005328094055470995
11,0.00533954341664807
12,0.0052909495873299135
13,0.005250127350709337
14,0.005263600996406404
15,0.005231115096965873
16,0.005166513982264247
17,0.005111759942485889
18,0.005113643921443057
19,0.005118921969939239
20,0.005129442954443916
21,0.005121281723696836
22,0.005124669129090715
23,0.005115170994239385
24,0.00511673829208449
25,0.005123678403155314
26,0.005129410403305997
27,0.005151640459326035
28,0.005156451871096355
29,0.005162323040546062
30,0.006404376859393777
31,0.0063986079423592485
32,0.006404346799573275
33,0.006395685575256633
34,0.0063984210995086
35,0.00639520257656458
36,0.006401866195304163
37,0.006381475795288168
38,0.0063910762807717885
39,0.006416773351921928
40,0.006375586788807462
41,0.006384818548387097
42,0.0063885612668535575
43,0.006408721807875895
44,0.006379666733253429
45,0.0064039993740063585
46,0.006392110811532301
47,0.006385528960330139
48,0.006391472433080305
49,0.006383351977363515
50,0.00638890896138482
51,0.006411487322243091
52,0.006405400787296504
53,0.0064091035905322275
54,0.006407432294731211
55,0.006399447162977867
56,0.00640476119312326
57,0.006401358763024313
58,0.006394812414806896
59,0.006395573234076646
60,0.006416941318047735
61,0.006474259276200727
62,0.006538387681452284
63,0.006609080978114023
64,0.006717439519537692
65,0.006964591886809969
66,0.007048974672589386
67,0.007167718215678127
68,0.0074004167816603605
69,0.007564196694315687
70,0.007556164621470679
71,0.007601605364974937
72,0.007624036004104831
73,0.00763392928842177
74,0.007646880532103523
75,0.007660268139253379
76,0.007667200199012896
77,0.007650040990919229
78,0.007659655132081477
79,0.0076749350528676685
80,0.007664267731400353
81,0.007668421778945691
82,0.007663996074050431
83,0.007687453922530031
84,0.0076920045919182225
85,0.0076648618538608815
86,0.00767960864404079
87,0.007694534758631715
88,0.007676913987808793
89,0.007671991021861952
90,0.0077167444934475825
91,0.007703274014423077
92,0.007713403883106486
93,0.007769778933397684
94,0.007724327776887322
95,0.007700767643301932
96,0.007703793152228342
97,0.00773847769836171
98,0.007710893626585325
99,0.007708618015059277
100,0.007703164657797725
