1,0.00295319876114356
2,0.002965494161935325
3,0.002974195655138217
4,0.002949813341714707
5,0.0029372721921349003
6,0.0029377921174509078
7,0.002980393396989301
8,0.002977881478068559
9,0.002993545543288423
10,0.002949694720725135
11,0.0029814188110495864
12,0.0029449798493293316
13,0.0029315080326857853
14,0.0029745199776577917
15,0.0029614055349756127
16,0.0029589960208781085
17,0.002984483825006277
18,0.0029766174272569017
19,0.002953432341355327
20,0.002987840228560752
21,0.0029317822085889577
22,0.0029760463068888338
23,0.0029818104880264882
24,0.0029491509876315306
25,0.0029393297793441618
26,0.002928097949767783
27,0.002976735494073574
28,0.0029733949412052915
29,0.00295196867402974
30,0.0029726661022514813
31,0.002956715541460396
32,0.0029676620724897493
33,0.0029744519564140664
34,0.002972116003951593
35,0.0029508740178846747
36,0.002979323737342362
37,0.0029721203576934933
38,0.0029632765138408305
39,0.0029823763520249224
40,0.002968800129262588
41,0.0029721252884615385
42,0.002992200939392048
43,0.002946431017666544
44,0.0029593908393866024
45,0.0029881447110343554
46,0.0029971124515652866
47,0.002977663995513459
48,0.0029874419993857495
49,0.002990523241717344
50,0.0030118470146920915
51,0.002993596435066157
52,0.002961921252865729
53,0.002949199390878482
54,0.0029985137857408096
55,0.0029736524275742783
56,0.0029787920446767467
57,0.002953520971835345
58,0.002987744744335768
59,0.002965994474219183
60,0.0029493036445409427
61,0.0029956597813183385
62,0.0029654760706374597
63,0.0030039408827560433
64,0.0029961503674374407
65,0.0029827462069394353
66,0.0029845950910232268
67,0.0029913018463628505
68,0.00300120833841885
69,0.002999960477952513
70,0.002990837800943162
71,0.003016798105916635
72,0.0030186928120704733
73,0.0030237403589840318
74,0.0030218893166144203
75,0.0030273379645349937
76,0.0030331910003135775
77,0.0030367878116169546
78,0.0030514567211253397
79,0.003051563794082392
80,0.0030606966228181125
81,0.0030671066895586923
82,0.0030817301076296014
83,0.0033879558665456827
84,0.0034380796192569484
85,0.003443393238446795
86,0.0034625231687622562
87,0.0034749737713139417
88,0.0034867052415875747
89,0.0034952243317848495
90,0.003503293956043956
91,0.003499796652946273
92,0.0035089267351812985
93,0.003515647401654812
94,0.0035173121314451706
95,0.003521520565189001
96,0.0035275400749199878
97,0.0035430938179694914
98,0.003575950595521677
99,0.003587485520497192
100,0.0035848612192500595
