1,0.0029645952210422323
2,0.0029444993803945745
3,0.002959307307453416
4,0.0029566166508748276
5,0.002941906126881194
6,0.002951980004306103
7,0.002939258865160933
8,0.0029520793875657285
9,0.002936560007394626
10,0.0029466848839368623
11,0.0029571601989127746
12,0.0029563275993836667
13,0.00293841234658812
14,0.002962239828106709
15,0.002946386812272811
16,0.0029553800086037363
17,0.0029370705539537452
18,0.0029423915123931365
19,0.0029443826561924634
20,0.002938205557962493
21,0.0029458067855602783
22,0.0029474848830068168
23,0.002938890006186205
24,0.002935869322002813
25,0.002947432814330641
26,0.0029572368850943167
27,0.0029628832775401397
28,0.0029523903013413365
29,0.002947446027321735
30,0.002958491533704391
31,0.002948304703106808
32,0.002956946609804163
33,0.002946106829088225
34,0.0029528475790574628
35,0.0029506485332103324
36,0.0029466090479718468
37,0.002958344625216103
38,0.002951172609016545
39,0.002958706039186508
40,0.002943596222645685
41,0.0029504208198753035
42,0.002952710407281703
43,0.002945233577205655
44,0.0029438969820454685
45,0.0029442731110017233
46,0.0029400586097800717
47,0.002953104012098019
48,0.0029322272825084536
49,0.0029330336278046098
50,0.002944842951174289
51,0.0029390599987750357
52,0.0029429570398224634
53,0.002952084748689485
54,0.0029458045187066404
55,0.002956111365464332
56,0.0029576342816675905
57,0.0029399546547189434
58,0.002940787404344606
59,0.0029482241162464137
60,0.0029534572919883875
61,0.0029543525069380206
62,0.002936391894879037
63,0.002950479756412622
64,0.002946046610535406
65,0.0029282006383628593
66,0.002959638241623117
67,0.0029397513391755123
68,0.002948081270086527
69,0.0029472509461114516
70,0.0029299952864951175
71,0.002945878437461567
72,0.002940368751925091
73,0.0029442604890170575
74,0.002973921910251643
75,0.00294588016951227
76,0.002953756676162754
77,0.0029425715682668144
78,0.0029582567769411185
79,0.0029468560618262914
80,0.0029773326753834545
81,0.0029695280714110727
82,0.0029515929981435646
83,0.0029526441705838694
84,0.0029438406453795992
85,0.0029612171047771487
86,0.0029729712782325065
87,0.002958716881227951
88,0.002944535664400494
89,0.0029542661098440485
90,0.002964278965087282
91,0.0029590703113371373
92,0.0029462008018292687
93,0.0029565025899858
94,0.0029374380057450196
95,0.0029521162856789816
96,0.0029345683458969177
97,0.002943357498457742
98,0.002942023935842073
99,0.0029412792122606316
100,0.0029598730134932534
