1,0.0029464795319669623
2,0.002943577573035081
3,0.002963618981883608
4,0.002966590029505778
5,0.0029646308716781496
6,0.002944549947316226
7,0.002972531251152215
8,0.0029769751248689648
9,0.0029853611868186324
10,0.0029692441627030704
11,0.0029500765465187927
12,0.00294358861182677
13,0.002949186251545117
14,0.002965346532507739
15,0.002960718090264827
16,0.0029602746312592963
17,0.002948849105775709
18,0.0029654065326477513
19,0.002968369057591623
20,0.0029716618653524264
21,0.002989303056864771
22,0.0029880747089913798
23,0.0029616637343575767
24,0.002952073956274704
25,0.002971954910632025
26,0.0029661331137650826
27,0.0029524002063061956
28,0.002945423660110633
29,0.002967960366691655
30,0.0029488301992031873
31,0.0029742732737361288
32,0.0029623654093048845
33,0.0029316528503126153
34,0.002963306355019388
35,0.002972662979930192
36,0.002943535585419735
37,0.002940513625709351
38,0.002973255928314523
39,0.0029552457171068878
40,0.002977484771165153
41,0.0029719226191962057
42,0.0029456937947056304
43,0.002938448682675183
44,0.002990891751363411
45,0.002970630171358629
46,0.0029835951312707997
47,0.0029706199685437607
48,0.002950403875492126
49,0.0029780666553027957
50,0.0029711839725687335
51,0.0029469833986647885
52,0.002946239096024238
53,0.0029372148490809614
54,0.002974014059245887
55,0.002962156345834103
56,0.0029669994366110456
57,0.003001427519980175
58,0.0029720786104387763
59,0.002976238526674938
60,0.002969776196047042
61,0.0029673183648923703
62,0.0029483772529426185
63,0.002970715097833467
64,0.0029700627785301
65,0.0029734858071472584
66,0.0029776748501501716
67,0.0029767224425054912
68,0.003003600105994906
69,0.0029637596003448488
70,0.002989962051361386
71,0.0029818937015443775
72,0.0029579153549190535
73,0.002949875105938709
74,0.002947857727469269
75,0.0029707408306431588
76,0.0029490551237837176
77,0.002961807165109034
78,0.002990387265952784
79,0.002973667208830402
80,0.002950821171918187
81,0.0029874780591108638
82,0.002943146069452981
83,0.002964832790783866
84,0.0029377682505399567
85,0.0029901187642316454
86,0.002943066779703139
87,0.002985565292760491
88,0.002973961559372297
89,0.002955138781873186
90,0.0029381538176197833
91,0.0029788035764124446
92,0.002980264202418216
93,0.0029785858722510506
94,0.0029507853925670687
95,0.0029699180750015416
96,0.0029648832951094032
97,0.0029513690692079936
98,0.0029809451106552285
99,0.0029706215284249766
100,0.002930859857300343
