1,0.002961488897443794
2,0.0029429597565451436
3,0.0029379477627535337
4,0.0029618105762195114
5,0.002943346427695327
6,0.002968333691910499
7,0.002981191035868893
8,0.002987565035377359
9,0.002969530764698586
10,0.00299162694265144
11,0.0029896492909165617
12,0.002963022275947028
13,0.0029931951154865575
14,0.0029609751297257226
15,0.002978208691761802
16,0.0029790294249719346
17,0.0029662673072170043
18,0.0029535802965059057
19,0.0029954489213791387
20,0.002950059614670955
21,0.00294769832933358
22,0.0029577080924499226
23,0.0029576299012650416
24,0.002957909088098918
25,0.0029583816956461344
26,0.002987802784026996
27,0.0029563321326896894
28,0.0029554925140284883
29,0.002954053340118431
30,0.002952148425903019
31,0.0029690110518722952
32,0.002969365743870214
33,0.002970385687411336
34,0.002956713876706405
35,0.002956124850876103
36,0.002951257219618869
37,0.0029915820387453875
38,0.0029796788686768006
39,0.0030015958426826226
40,0.002961663912586548
41,0.0029914291632945275
42,0.0029971374198767818
43,0.003008942333291864
44,0.003021316980144499
45,0.0030159604711897927
46,0.0030176736435321362
47,0.0030404860148905296
48,0.0030555694574279937
49,0.0030747755187778484
50,0.0030664788636939446
51,0.0030828322879521146
52,0.0031101531839774045
53,0.0031178476293103447
54,0.0031277573100735195
55,0.0031264725973020073
56,0.0033296206463565253
57,0.0034934432157003956
58,0.003500076292167844
59,0.0035184918947368422
60,0.0035308843156516036
61,0.003567397962650666
62,0.0036020776501111936
63,0.00358782352097526
64,0.0036004674130639958
65,0.0036039302641056427
66,0.003631407257823027
67,0.003639353744055294
68,0.003653317257870161
69,0.0036596669356663398
70,0.0036574016401478013
71,0.0036907939716851875
72,0.0036852449582066866
73,0.003718952878975057
74,0.003739426347230865
75,0.003995726264306627
76,0.004023134957116054
77,0.004062032253332215
78,0.004098830290614176
79,0.004126514344122658
80,0.004129187709878121
81,0.004160089399005486
82,0.004160044739324301
83,0.004194359051543512
84,0.004189200285993303
85,0.004203756061878762
86,0.004216599402918842
87,0.004244702421477452
88,0.00427150716363957
89,0.004268370211453744
90,0.004284254472264
91,0.004281985144927535
92,0.004299182341463415
93,0.004320334745838156
94,0.00456639386419288
95,0.004599856822713893
96,0.004634910542428011
97,0.004652309265298293
98,0.0046673673124999985
99,0.004698176829840476
100,0.004722135137470542
