1,0.002937731472332016
2,0.002968634361988733
3,0.0029702249211356465
4,0.0029715186056564163
5,0.0029825305053958625
6,0.0029901776750821908
7,0.0029801198847523762
8,0.0029651687035101735
9,0.002962152044964583
10,0.002962606215299198
11,0.002981571385168651
12,0.0029658269009982608
13,0.002969276183159189
14,0.002961651334028459
15,0.00294659719433323
16,0.0029670924551638837
17,0.0029750271051304676
18,0.002976694632301849
19,0.002984946162158824
20,0.0029681531499501
21,0.0029722260048008864
22,0.002965034821094627
23,0.0029822781590447467
24,0.0029427484811216332
25,0.0029431060454405897
26,0.0029597788714637143
27,0.002938610663115356
28,0.002972729696634053
29,0.0029723789648593763
30,0.002957392810658153
31,0.0029351819662095987
32,0.002975375358724787
33,0.002967546401291685
34,0.002951417899013709
35,0.002946651195084485
36,0.0029743010189499843
37,0.00297166
38,0.0029753418615745424
39,0.0029606496711335134
40,0.0029845268049535603
41,0.0029372313196570727
42,0.0029830594552314785
43,0.00297434416769802
44,0.0029638226824761317
45,0.0029760852553688895
46,0.002968817710450151
47,0.002974714156926138
48,0.0029700323535383644
49,0.0029463280433847474
50,0.0029869505649194297
51,0.002980161380642787
52,0.002941709832046095
53,0.0029527213937712
54,0.0029435398993330037
55,0.0029549293571163138
56,0.002931204769616231
57,0.0029829524601891018
58,0.002949692812749985
59,0.0029743962899400895
60,0.0029795611608244873
61,0.0029706992762931635
62,0.0029512218461919195
63,0.0029668362388724037
64,0.002977856113307797
65,0.002945204416103258
66,0.002963110607932782
67,0.00295158989322076
68,0.0029794764171915526
69,0.002948451530799316
70,0.0029723106536028773
71,0.002948303237989104
72,0.0029408846049966244
73,0.0029697323584029715
74,0.002975373874731348
75,0.0029696731295030484
76,0.0029704590453651343
77,0.002971836406677198
78,0.002975863821362799
79,0.0029547983283151422
80,0.002948301449543548
81,0.0029451593763534
82,0.0029624214479861623
83,0.0029754510528417753
84,0.002979136987140233
85,0.0029550206566220237
86,0.002980221137552953
87,0.0029482837667887665
88,0.0029674024961715154
89,0.002974502759392197
90,0.0029734191061658575
91,0.002975426758701267
92,0.002954532669078423
93,0.0029597510635027973
94,0.0029594258121185967
95,0.0029487538068300274
96,0.002956435574904286
97,0.002945998154290277
98,0.0029744739914216453
99,0.0029527984248788365
100,0.0029771044054906323
