1,0.002966276290904566
2,0.0029856110048142206
3,0.0029477951214263755
4,0.002954594169491525
5,0.002971932482771466
6,0.0029804112003224007
7,0.0029714108146239723
8,0.0029903051671543294
9,0.0029832071603542493
10,0.0029336535520138375
11,0.002975452130434782
12,0.002980144171103359
13,0.002949576153468084
14,0.0029901991914335663
15,0.0029585243339750357
16,0.0029716838517044038
17,0.0029491664893944057
18,0.0029887522537925893
19,0.0029425131436978907
20,0.0029779017534668716
21,0.0029582838536463527
22,0.0029689833355504335
23,0.002957009303977273
24,0.002982176542408507
25,0.0029845753898453094
26,0.002944004343807763
27,0.0029395006856475217
28,0.0029589445241761624
29,0.0029917590531199694
30,0.0029635830348289536
31,0.0030070696284829716
32,0.00301804834106936
33,0.00294739299200492
34,0.0029801409392025756
35,0.003004287315597024
36,0.0029509076424470647
37,0.002953029856535928
38,0.0029575003645125413
39,0.0029689256095297035
40,0.002955558081989413
41,0.002978206050915865
42,0.0029533203192674174
43,0.0029827748778677885
44,0.002955336851404128
45,0.0029908816849246855
46,0.0029779834297932726
47,0.0029464919838205553
48,0.0029626934261598173
49,0.0029908465768210693
50,0.0029833839882060825
51,0.0029817511929716403
52,0.0029591495502156503
53,0.003000093937321229
54,0.0029371249706445835
55,0.002953030520723948
56,0.0029888363658868667
57,0.0029907071544032072
58,0.002977442073508588
59,0.0029944713309307818
60,0.002980410891640867
61,0.0029924071348698517
62,0.002954197163930379
63,0.003004956138053435
64,0.0029727425259643914
65,0.0029737874497681605
66,0.0029979863414181414
67,0.0030189481331925195
68,0.002984515511982571
69,0.002955645051258155
70,0.0029745269245095604
71,0.002998826512768902
72,0.0029867913047518743
73,0.0029868877637657634
74,0.002999284308131241
75,0.0029739351718351876
76,0.0029967857429090226
77,0.003014867665359965
78,0.003014972763457165
79,0.002993780201800683
80,0.00303811891798543
81,0.003023940827124163
82,0.003026874689771873
83,0.0030540943669967826
84,0.0030625162590064464
85,0.0030654798992906006
86,0.0030636150357165434
87,0.0030839413968901355
88,0.003077950854890994
89,0.00310379316915391
90,0.003101693561679114
91,0.003106394644577153
92,0.0030929150336646356
93,0.0030949307438704306
94,0.0031234777093196706
95,0.00311518639319982
96,0.0032481574557284678
97,0.0033922205212409164
98,0.003453852721500927
99,0.0034389878835116554
100,0.003442715091593297
