1,6.1066105
2,6.189721
3,6.5253285
4,7.0543115
5,8.024395
6,8.422067
7,9.2041955
8,9.712027
9,11.568257
10,11.742847
11,12.709801
12,13.055218
13,14.454236
14,14.691164
15,15.48571
16,15.678948000000002
17,15.907298
18,18.826292
19,19.136966
20,19.670571
21,19.772369
22,21.187856
23,21.40739
24,22.090438
25,22.22844
26,24.361859
27,25.2958
28,26.292512
29,26.406585
30,27.855011
31,28.149575
32,28.80635
33,29.03063
34,29.223024
35,32.009578
36,32.47739
37,33.106076
38,33.141389
39,34.589114
40,34.855441
41,35.542367
42,35.68617
43,37.858876
44,38.369962
45,39.548993
46,39.689264
47,41.058967
48,41.296516
49,42.202769
50,42.489401
51,42.556449
52,45.484738
53,45.793242
54,46.324938
55,46.732488
56,48.116606
57,48.359643
58,49.115815
59,49.740877
60,51.586431
61,52.477018
62,53.355381
63,53.478932
64,54.588694
65,55.082181
66,55.894293
67,56.148711
68,56.163822
69,60.20299
70,61.287269
71,61.897833
72,62.456288
73,63.36689
74,63.68228800000001
75,63.71075700000001
76,64.885896
77,66.470779
78,67.123523
79,67.789525
80,68.307098
81,62.92891
82,68.968641
83,69.371848
84,69.417953
85,69.386873
86,73.79814
87,74.866394
88,69.974978
89,68.292213
90,66.488282
91,76.953643
92,77.581744
93,71.312414
94,79.519142
95,79.5386
96,81.527264
97,70.415143
98,74.410712
99,82.515431
100,70.868975
101,82.863227
102,69.542021
103,75.85099
104,71.851674
105,78.219566
106,74.351552
107,82.082469
108,90.594419
109,78.029689
110,92.090576
111,91.808508
112,89.413069
113,84.577771
114,81.080258
115,94.348389
116,76.057371
117,87.820429
118,96.330021
119,84.684948
120,84.750385
121,101.664398
122,102.203435
123,101.021448
124,97.968936
125,83.610317
126,104.413842
127,85.181567
128,106.460179
