1,8.344208
2,10.210118
3,11.448945
4,14.076617
5,16.243357
6,17.620246
7,20.845393
8,22.833711
9,24.834483
10,27.106673
11,29.945512
12,31.508711
13,35.395272
14,37.696674
15,39.501609
16,41.939282
17,43.371545
18,48.249002
19,51.82573
20,53.394913
21,54.691201
22,58.667662
23,60.3025
24,61.382625
25,62.361152
26,68.057767
27,69.416111
28,68.373563
29,65.751107
30,76.442973
31,79.141987
32,82.1378
33,83.279577
34,84.673642
35,89.548719
36,73.821096
37,90.885235
38,96.88224
39,99.08553
40,81.894041
41,93.818514
42,105.342562
43,88.572573
44,108.113205
45,113.028405
46,114.281
47,108.082916
48,120.050213
49,91.698905
50,124.883963
51,118.352247
52,102.371666
53,130.478292
54,99.774603
55,100.737517
56,115.661916
57,104.48409
58,105.651334
59,143.503817
60,117.132733
61,116.435323
62,139.547217
63,148.577032
64,119.872235
65,145.842841
66,150.500395
67,121.745134
68,139.871713
69,132.843128
70,129.176927
71,152.678613
72,148.537253
73,134.500424
74,150.921493
75,150.307805
76,155.523465
77,141.06703
78,148.856921
79,144.891061
80,145.264254
81,147.838738
82,149.464761
83,158.621771
84,162.353025
85,154.112498
86,172.464603
87,172.771285
88,161.033528
89,161.946712
90,179.035618
91,171.893313
92,167.649796
93,169.064737
94,171.435934
95,172.532898
96,182.938903
97,179.996822
98,177.24298
99,178.851608
100,181.151914
101,185.678262
102,185.918743
103,191.32382
104,188.964493
105,192.370907
106,192.822819
107,194.558334
108,196.021806
109,198.114101
110,199.446578
111,204.054934
112,203.054256
113,204.706957
114,208.293677
115,207.663653
116,209.304858
117,210.906902
118,213.280985
119,214.426303
120,219.019019
121,219.007811
122,224.869593
123,222.790097
124,224.805077
125,226.710641
126,227.760197
127,229.537197
128,231.982767
