1,11.065382
2,11.281611
3,11.868583
4,12.226678
5,13.314912
6,14.310335
7,15.393601
8,15.979122999999998
9,17.711567
10,18.362249
11,19.572189
12,20.980015
13,22.642836
14,23.278747
15,24.661108
16,25.60508
17,25.994385
18,29.576021
19,30.092037
20,31.264224
21,31.695277
22,33.508473
23,34.966449
24,36.182647
25,36.619432
26,39.598684
27,40.099749
28,41.267757
29,42.270643
30,44.028881
31,44.844165
32,46.008053
33,46.443843
34,46.79994
35,52.509231
36,52.995518
37,53.943135
38,54.483108
39,56.341645
40,57.458873
41,58.537431
42,59.106905
43,58.81605
44,62.443968
45,63.490542999999995
46,65.301762
47,62.799511
48,66.810033
49,69.173461
50,69.760201
51,63.94255999999999
52,75.907259
53,76.39226
54,77.566382
55,76.747311
56,80.292139
57,71.306767
58,82.505132
59,83.609898
60,81.677322
61,86.503215
62,87.283998
63,76.297459
64,89.778764
65,90.328653
66,90.952371
67,91.464208
68,83.189192
69,99.377313
70,100.443559
71,83.814437
72,102.229461
73,103.744661
74,96.673935
75,106.988184
76,84.608831
77,109.166168
78,110.121961
79,93.544437
80,94.053561
81,104.86991
82,87.794368
83,100.196158
84,97.963406
85,111.188283
86,97.450821
87,102.303838
88,99.208102
89,124.15743
90,106.042138
91,103.879723
92,108.727655
93,105.712341
94,128.551692
95,132.569914
96,112.330007
97,126.542526
98,132.553577
99,114.457429
100,121.085473
101,108.79399
102,129.821794
103,132.67347
104,113.852568
105,131.301769
106,123.357902
107,130.271661
108,115.283983
109,119.245562
110,133.802714
111,130.443716
112,147.44614
113,145.47926
114,133.470768
115,147.587889
116,129.316189
117,120.703045
118,124.357512
119,124.064179
120,138.944847
121,145.695379
122,148.859687
123,141.738672
124,141.150192
125,129.228969
126,130.533368
127,135.112748
128,133.464005
