1,8.6440055
2,14.255705
3,17.555917
4,21.509175
5,24.424379
6,29.017404
7,32.261649
8,36.710709
9,39.962046
10,43.809202
11,48.651188
12,52.354508
13,55.416127
14,59.901495
15,63.995096000000004
16,68.499925
17,70.510039
18,76.405149
19,81.244487
20,84.936253
21,85.541414
22,92.83342
23,96.701685
24,99.064579
25,104.417325
26,95.883028
27,97.465948
28,116.948106
29,97.291404
30,124.067644
31,103.533908
32,128.454149
33,125.071846
34,106.655094
35,114.663557
36,133.266064
37,115.070051
38,117.800754
39,138.701873
40,124.115082
41,126.776143
42,139.567445
43,132.922021
44,136.004522
45,143.673958
46,159.295869
47,160.671512
48,147.803466
49,157.253518
50,154.464219
51,160.900943
52,161.306371
53,169.422357
54,180.364241
55,170.504596
56,173.899909
57,176.263515
58,179.198984
59,182.11833
60,187.353219
61,187.503314
62,198.117081
63,193.969636
64,197.564995
65,198.899895
66,202.173906
67,206.40097
68,206.929821
69,213.718259
70,216.881106
71,219.261963
72,223.184274
73,226.109685
74,228.859079
75,231.435735
76,234.427564
77,237.375872
78,240.292317
79,242.872501
80,245.435243
81,248.26998
82,251.091466
83,254.622466
84,256.8844
85,259.244341
86,264.249813
87,268.818899
88,271.449647
89,275.882834
90,279.55796
91,280.160755
92,283.691086
93,285.755412
94,290.249309
95,292.888615
96,297.70784
97,299.499297
98,301.364108
99,304.888416
100,307.057897
101,311.239567
102,312.126023
103,318.265415
104,322.901325
105,324.493961
106,328.078271
107,330.105609
108,334.466879
109,336.580812
110,338.985277
111,342.897152
112,345.527571
113,348.461062
114,350.143141
115,354.680591
116,357.004626
117,359.455624
118,364.090811
119,364.397384
120,371.218902
121,374.104139
122,376.745947
123,380.834331
124,383.392301
125,387.378545
126,388.897086
127,392.425123
128,399.076469
