1,10.49902
2,11.459005
3,12.978548
4,14.008282
5,16.328288
6,18.169367
7,19.598419
8,21.17152
9,24.936805
10,26.409161
11,28.004963
12,29.578163
13,32.386774
14,33.489207
15,35.906788
16,37.26239
17,38.105624
18,44.226207
19,45.216312
20,47.467408
21,48.461678
22,51.523016
23,53.153999
24,55.173877
25,55.988414
26,61.146345
27,62.578746
28,64.712683
29,66.16489
30,68.883779
31,69.911823
32,72.669246
33,73.408877
34,67.956616
35,74.552669
36,82.634205
37,73.763572
38,85.558808
39,88.222402
40,85.265988
41,76.121338
42,85.048488
43,79.561278
44,99.8674
45,83.017071
46,82.910882
47,105.021315
48,106.41613
49,108.505615
50,95.603901
51,110.841313
52,95.861204
53,95.577735
54,120.421926
55,122.928317
56,125.27711599999999
57,125.93248699999998
58,101.396828
59,113.099761
60,105.705837
61,109.761273
62,124.895398
63,123.416729
64,126.97566700000002
65,128.377132
66,131.842576
67,131.775253
68,131.107893
69,130.482078
70,141.009379
71,138.307242
72,123.117296
73,126.12220800000001
74,140.139694
75,145.150549
76,128.555024
77,147.839368
78,156.624033
79,142.566621
80,152.504806
81,152.114018
82,138.523871
83,160.975036
84,159.86614
85,153.666949
86,161.012749
87,147.402667
88,157.001613
89,168.696778
90,158.450634
91,159.564342
92,155.862149
93,156.628791
94,160.948088
95,172.331443
96,166.336648
97,174.821721
98,164.811477
99,165.926747
100,176.926349
101,178.276934
102,179.231604
103,186.801416
104,176.455131
105,186.847939
106,177.375911
107,183.538043
108,181.886191
109,182.518459
110,190.760497
111,187.278099
112,195.991493
113,189.161859
114,190.743169
115,191.685664
116,194.849433
117,196.350456
118,199.88245
119,198.445544
120,209.089808
121,203.252259
122,210.126598
123,211.573449
124,210.532178
125,209.159458
126,211.604087
127,212.337917
128,218.670151
