1,10.10695
2,12.808121
3,15.154298
4,18.168445
5,20.102011
6,23.609897
7,26.1154
8,29.660441
9,32.027321
10,35.215624
11,39.345112
12,42.080334
13,44.621376
14,48.20449
15,51.193658
16,55.756717
17,59.356062
18,60.505256
19,64.312779
20,69.106567
21,63.862485
22,77.193339
23,77.372279
24,83.715795
25,84.897083
26,76.979184
27,85.934875
28,90.671947
29,99.284606
30,101.765973
31,85.51304
32,109.84722
33,108.028515
34,84.517857
35,113.338754
36,120.806232
37,121.699881
38,94.00631
39,105.960842
40,134.744434
41,136.290943
42,118.490907
43,111.100141
44,107.814737
45,144.227041
46,113.422027
47,111.673236
48,131.192924
49,116.988287
50,133.271742
51,149.021931
52,125.387959
53,129.013628
54,130.876754
55,135.157848
56,135.823035
57,151.108049
58,140.199478
59,141.058589
60,166.19309
61,165.40427
62,146.490218
63,150.361961
64,172.069428
65,160.918442
66,157.785654
67,159.530076
68,158.942618
69,179.70943
70,167.719705
71,181.203317
72,172.100651
73,173.017563
74,189.902961
75,179.503859
76,182.156117
77,183.791908
78,187.150845
79,187.98724
80,189.148334
81,191.627326
82,192.994121
83,193.85232
84,197.928957
85,199.442504
86,204.556272
87,207.193739
88,208.863147
89,211.880973
90,213.74958
91,215.116352
92,218.16496
93,222.199273
94,219.778473
95,226.801794
96,226.199762
97,228.799631
98,230.366465
99,231.233199
100,234.669177
101,236.092223
102,237.747631
103,242.365563
104,245.305827
105,248.390317
106,251.36271599999998
107,252.73706
108,255.251155
109,256.476086
110,259.480596
111,261.157636
112,262.190045
113,265.194417
114,266.155084
115,266.835065
116,271.570284
117,272.584889
118,276.037154
119,277.448392
120,280.969138
121,285.018303
122,286.51982
123,290.069242
124,291.312403
125,292.17698
126,298.645715
127,299.924029
128,302.426001
