1,8.430547
2,10.108898
3,11.680129
4,14.401236
5,16.907326
6,18.80709
7,21.612387
8,23.696096
9,26.506202
10,28.619389
11,31.42246
12,33.223378
13,37.914765
14,39.450237
15,40.818527
16,43.714818
17,45.018465
18,48.92102
19,51.845352
20,53.108437
21,55.801984
22,56.464325
23,60.733155
24,63.488421
25,65.968673
26,68.99081
27,71.451244
28,74.087632
29,75.718388
30,71.842587
31,75.051848
32,79.356281
33,76.966677
34,87.074834
35,81.520335
36,94.70488
37,95.150951
38,99.002458
39,79.767962
40,80.473599
41,99.536909
42,108.429053
43,109.1734
44,115.11195
45,117.092322
46,119.374558
47,118.152057
48,92.649827
49,94.047391
50,129.499089
51,121.940859
52,109.980882
53,115.850349
54,131.740323
55,109.439499
56,108.499839
57,140.491851
58,122.86583
59,124.60869
60,116.253271
61,145.211422
62,123.302824
63,120.975268
64,146.032517
65,137.868828
66,135.968644
67,127.17709999999998
68,139.083576
69,131.916927
70,141.29116
71,143.819944
72,137.362192
73,142.315016
74,140.49785
75,145.281906
76,143.932144
77,149.882989
78,149.122869
79,164.562187
80,154.214255
81,157.006201
82,161.246181
83,157.488255
84,159.643076
85,160.303546
86,170.480256
87,177.960561
88,166.970344
89,168.613297
90,184.26953
91,172.661067
92,183.562155
93,185.591932
94,186.204166
95,179.938321
96,182.127198
97,183.137982
98,189.306747
99,186.732436
100,188.978254
101,196.014075
102,192.342457
103,195.535607
104,197.276645
105,197.750179
106,200.521717
107,202.368862
108,203.662628
109,206.372113
110,207.394467
111,209.503109
112,212.211663
113,213.349064
114,214.441385
115,216.71898
116,218.996178
117,220.173043
118,221.763273
119,223.973016
120,228.217856
121,228.329139
122,229.967672
123,231.479978
124,233.412844
125,237.120989
126,237.298177
127,238.524719
128,242.587482
