1,4.643548666666666
2,4.767849666666667
3,4.90555
4,4.906925
5,5.0505945
6,5.069968
7,5.102976
8,5.1561285
9,5.5199465
10,5.570494
11,5.737152
12,5.8578735
13,5.958442
14,6.0618775
15,6.199179
16,6.3625115
17,6.5396835
18,7.156912
19,7.1858155
20,7.3587825
21,7.514869
22,7.6999735
23,7.7947495
24,7.8722015
25,8.082101
26,8.5729195
27,8.743665
28,8.863411
29,8.9896975
30,9.1538795
31,9.314163
32,9.7527665
33,10.0270095
34,10.07359
35,11.20334
36,11.395799
37,11.510273
38,11.642202
39,11.763147
40,11.911543
41,12.097229
42,12.176458
43,12.654406
44,12.805948
45,12.946037
46,13.178501
47,13.334618
48,13.476399
49,13.569013
50,13.709435
51,13.904146
52,14.926267
53,15.061703
54,15.212472
55,15.39904
56,15.520376
57,15.686408999999998
58,15.769860999999999
59,15.904832
60,16.385122
61,16.539911
62,16.695298
63,16.867631
64,17.129887
65,17.27771
66,17.436259
67,17.551453
68,17.724614
69,19.758991
70,19.909482
71,20.287495
72,20.527004
73,20.854146
74,20.92906
75,21.045205
76,21.184989
77,21.631584
78,21.915989
79,22.019204
80,22.202798
81,22.392805
82,22.572649
83,22.624
84,22.771637
85,22.950953
86,23.393765
87,23.564076
88,23.670979
89,23.862239
90,24.033891
91,24.191423
92,24.26809
93,24.388095
94,24.827915
95,24.946572
96,25.745397
97,25.328091
98,25.43432
99,25.567032
100,25.725796
101,25.967642
102,26.133928
103,27.840272
104,28.093253
105,28.181762
106,28.456404
107,28.610061
108,29.07773
109,29.150895
110,29.451246
111,29.86111
112,30.032159
113,30.115858
114,30.323399
115,30.261231
116,30.399249
117,30.529873
118,30.664081
119,31.165616
120,31.552204
121,31.676672000000003
122,31.858749
123,32.048035
124,32.148826
125,32.340281
126,32.48484
127,32.679417
128,33.016418
