1,9.542087
2,10.736043
3,12.518516
4,16.092405
5,18.972501
6,21.03505
7,25.158854
8,27.920647
9,30.382675
10,33.186766
11,37.038472
12,39.142829
13,43.568338
14,46.886302
15,49.170714
16,53.97293
17,54.273323
18,59.303569
19,61.560602
20,60.789294
21,68.102002
22,71.657842
23,70.271197
24,69.967024
25,71.574065
26,84.693351
27,81.351083
28,89.514234
29,92.119551
30,83.568168
31,87.599025
32,98.468873
33,95.49588
34,80.672971
35,100.886972
36,92.289443
37,113.855142
38,91.841241
39,101.012289
40,111.34869
41,111.74383
42,96.676573
43,130.781764
44,137.934435
45,118.589281
46,142.115543
47,133.307721
48,126.893843
49,111.630852
50,113.794541
51,127.87942199999999
52,118.774164
53,148.736079
54,133.587314
55,124.805124
56,156.44774
57,130.095117
58,151.447842
59,133.511446
60,135.890354
61,150.184873
62,148.70829
63,159.165297
64,145.421058
65,147.159693
66,148.924865
67,155.680539
68,155.543953
69,157.359833
70,159.952527
71,161.331246
72,164.189863
73,176.168232
74,167.957571
75,170.551038
76,173.050826
77,184.01705
78,176.794869
79,178.592918
80,184.198776
81,183.206663
82,185.114017
83,187.032903
84,191.482016
85,190.414779
86,194.949765
87,196.911747
88,199.062074
89,201.188549
90,203.288719
91,205.564861
92,207.993809
93,210.51927
94,212.361797
95,217.688926
96,216.304848
97,217.96985
98,220.833091
99,222.799318
100,224.377342
101,226.426458
102,227.619283
103,231.893948
104,233.86662
105,235.764212
106,239.007333
107,243.248732
108,243.124666
109,245.372448
110,247.355257
111,249.955741
112,251.61812799999998
113,253.564265
114,255.24843200000004
115,257.596908
116,260.006736
117,262.291704
118,263.422074
119,265.455768
120,269.466233
121,271.477798
122,273.622737
123,275.752637
124,278.394409
125,280.879599
126,282.751789
127,284.731616
128,287.534487
