1,11.757808
2,15.780267
3,21.243185
4,26.504005
5,32.433463
6,37.524873
7,43.784957
8,48.781944
9,53.632017
10,56.396565
11,66.564429
12,71.558088
13,66.668222
14,80.86491
15,85.610627
16,81.166601
17,87.461163
18,103.112018
19,84.967267
20,105.113444
21,120.476933
22,113.939172
23,100.045793
24,107.348586
25,137.9831
26,133.654693
27,142.773805
28,118.806431
29,144.026517
30,147.965121
31,157.034952
32,135.494048
33,140.096797
34,142.015547
35,165.170062
36,151.201992
37,170.708427
38,160.28037
39,179.597117
40,167.890619
41,172.092476
42,176.535387
43,180.1371
44,183.351181
45,195.128701
46,192.414598
47,202.923699
48,200.277187
49,204.143987
50,209.539532
51,212.14019
52,216.887284
53,222.766206
54,224.670464
55,228.345491
56,235.540965
57,237.691111
58,241.916184
59,245.913336
60,250.64190400000004
61,254.782415
62,258.477773
63,262.30114
64,266.884442
65,271.957341
66,276.074713
67,280.535469
68,285.064596
69,288.029421
70,291.23819
71,295.902377
72,300.735984
73,304.195855
74,309.466423
75,313.297899
76,317.030781
77,322.2497
78,325.629269
79,330.562247
80,334.93594
81,338.423978
82,342.476015
83,347.408979
84,352.177948
85,354.101723
86,359.989595
87,363.591144
88,368.098545
89,370.978389
90,375.732123
91,381.366082
92,385.790093
93,387.737826
94,392.353867
95,397.50024
96,401.631633
97,405.189574
98,408.219222
99,413.295892
100,419.260738
101,421.845318
102,425.045233
103,429.441575
104,434.901217
105,438.925576
106,441.166538
107,446.300996
108,451.768154
109,456.055435
110,458.369732
111,462.679915
112,468.025382
113,472.059458
114,475.220128
115,478.918374
116,485.032416
117,488.47098
118,492.095993
119,495.716512
120,501.591848
121,504.4543530000001
122,509.392858
123,511.85953100000006
124,518.587167
125,522.716959
126,526.18148
127,530.315661
128,538.996392
