1,9.7245755
2,13.200759
3,18.566884
4,22.648927
5,26.685535
6,31.569286
7,36.185461
8,41.164905
9,45.357706
10,49.562133
11,53.429246
12,60.110385
13,63.831648
14,68.001522
15,71.66486
16,78.099528
17,81.651989
18,70.862853
19,92.671554
20,82.284372
21,101.844909
22,92.453565
23,88.786543
24,97.733626
25,102.94032
26,105.282113
27,97.041064
28,121.335389
29,119.148396
30,121.005359
31,113.273918
32,112.023608
33,125.48255499999999
34,144.672631
35,127.531651
36,125.347706
37,128.307547
38,132.41726
39,137.111938
40,144.823117
41,150.261909
42,154.639026
43,163.788608
44,151.73822
45,168.043518
46,159.467307
47,162.509845
48,176.975529
49,180.562634
50,172.853366
51,186.473224
52,179.200448
53,182.551977
54,188.738382
55,190.065005
56,193.924086
57,201.986622
58,200.480204
59,203.680791
60,206.547952
61,210.04851
62,213.987053
63,216.664783
64,220.263744
65,224.022241
66,227.078596
67,230.211287
68,233.245502
69,237.814086
70,240.588718
71,244.462318
72,247.687011
73,250.66448000000003
74,255.083792
75,257.128117
76,261.231559
77,264.700184
78,267.973725
79,270.943048
80,275.056978
81,278.034333
82,280.99485
83,284.362753
84,287.956713
85,291.422732
86,294.238815
87,298.566248
88,301.871931
89,305.621111
90,307.991502
91,312.56586
92,315.712097
93,319.034699
94,321.794133
95,325.190005
96,329.728404
97,332.414552
98,336.264496
99,339.962387
100,342.684627
101,345.759157
102,349.189426
103,353.194378
104,356.255559
105,359.247812
106,365.399176
107,368.426267
108,372.112793
109,374.671392
110,378.502662
111,381.134998
112,384.858484
113,387.980003
114,391.500412
115,395.12795
116,398.180789
117,401.425457
118,405.430278
119,409.654
120,412.374763
121,416.153463
122,419.2243
123,423.183707
124,425.701181
125,430.086919
126,433.531129
127,437.304096
128,442.291029
