1,8.058869
2,10.02969
3,11.808357
4,15.292488
5,18.025433
6,20.045996
7,24.299761
8,26.879844
9,29.236078
10,32.0457
11,35.733396
12,37.580402
13,41.295388
14,44.637656
15,47.015326
16,49.706592
17,51.49463
18,56.603856
19,59.427357
20,61.450174
21,64.705279
22,64.50213
23,63.545663000000005
24,71.118402
25,77.080153
26,81.942989
27,83.972077
28,88.299525
29,89.905857
30,91.864332
31,76.39008
32,99.561414
33,77.852953
34,103.55817
35,107.454097
36,82.586026
37,103.636248
38,99.366306
39,107.461417
40,122.324002
41,91.616355
42,127.42234699999999
43,126.03152100000001
44,115.606617
45,117.422027
46,108.982244
47,139.460924
48,131.650875
49,112.562926
50,145.99198
51,139.82498
52,143.182997
53,120.163863
54,118.181642
55,146.771868
56,136.175957
57,125.76133
58,138.578546
59,142.158798
60,150.877961
61,132.212123
62,139.848342
63,148.487724
64,153.196559
65,140.933118
66,161.77876
67,144.87918
68,154.306065
69,152.113204
70,166.566593
71,171.802274
72,156.585088
73,158.891341
74,160.297732
75,175.430211
76,165.955986
77,175.59773
78,169.812997
79,183.936532
80,172.630908
81,176.941125
82,177.79316
83,187.780878
84,180.978818
85,183.091796
86,188.40127
87,189.081174
88,193.412725
89,193.126556
90,194.855031
91,201.84477
92,198.874768
93,201.130667
94,204.214801
95,205.594735
96,208.14794
97,209.603065
98,211.040488
99,212.995521
100,216.125719
101,217.036913
102,218.849699
103,222.672242
104,224.638438
105,225.933777
106,229.237023
107,231.133052
108,232.716029
109,234.755321
110,237.467969
111,239.054636
112,241.423744
113,243.380063
114,245.012328
115,247.424573
116,249.669234
117,250.622658
118,253.00498199999998
119,255.002685
120,258.647298
121,260.937683
122,263.097519
123,263.91956
124,266.928744
125,269.528468
126,270.846277
127,273.204915
128,275.88443
