1,9.8411955
2,11.31727
3,13.471225
4,15.2568
5,18.213391
6,20.171084
7,23.064789
8,24.958001
9,28.783742
10,30.607008
11,33.858634
12,35.646293
13,39.031337
14,40.786823
15,43.840135
16,45.880988
17,46.915233
18,51.354651
19,53.074993
20,56.727391
21,58.57738
22,62.066781
23,64.051147
24,67.510365
25,69.505011
26,73.775785
27,69.971103
28,79.24086
29,81.083105
30,83.666928
31,86.70534
32,76.895647
33,91.904001
34,93.393773
35,101.038211
36,89.992825
37,105.658747
38,82.805849
39,110.018145
40,109.892454
41,114.643185
42,116.393229
43,120.973503
44,111.105347
45,125.75136400000001
46,128.496829
47,126.16091299999998
48,108.174697
49,106.766213
50,110.381435
51,123.836606
52,107.178215
53,138.388295
54,138.918672
55,114.699533
56,130.786719
57,132.251357
58,117.793788
59,127.25863699999998
60,130.264924
61,125.64478099999998
62,150.725821
63,130.872015
64,130.703484
65,133.148941
66,155.549675
67,135.14394
68,142.173838
69,158.099832
70,158.76254
71,147.362077
72,157.441933
73,148.064417
74,157.716725
75,151.280867
76,165.084237
77,171.269319
78,157.938855
79,170.607156
80,162.464951
81,163.524769
82,168.332338
83,167.125272
84,178.642253
85,170.099762
86,174.338021
87,175.700783
88,187.991272
89,188.704098
90,182.861153
91,185.784271
92,185.312963
93,186.341283
94,197.133388
95,191.728005
96,207.541154
97,195.361356
98,198.704874
99,199.888282
100,201.344256
101,202.640556
102,203.497404
103,212.237056
104,209.852268
105,211.32134
106,213.190229
107,216.342805
108,218.485766
109,220.369239
110,221.472709
111,224.998578
112,227.019581
113,228.892651
114,230.400893
115,232.948596
116,235.674466
117,236.341801
118,237.615907
119,240.525626
120,244.02419
121,243.995466
122,246.35414
123,248.148951
124,251.031652
125,252.28839600000003
126,254.53759300000002
127,256.046228
128,260.260693
