1,7.336058
2,7.3859775
3,7.5366715
4,7.7358025
5,8.4698905
6,8.7074255
7,9.4093505
8,9.6135155
9,11.247805
10,11.444484
11,12.151995
12,12.464756
13,13.601047
14,13.843762
15,14.547419
16,14.8724
17,15.014754
18,18.084243
19,18.259391
20,18.612195
21,18.667908
22,20.20619
23,20.570098
24,20.972627
25,21.038107
26,23.410783
27,23.7153
28,24.348374
29,24.511243
30,25.884276
31,26.180395
32,26.850481
33,26.91288
34,27.048696
35,30.744159
36,31.050287
37,31.457408
38,31.516659000000004
39,32.768904
40,33.156935
41,33.689499
42,33.721661
43,36.150752
44,36.468873
45,37.106433
46,37.48613
47,38.798248
48,39.101036
49,39.787084
50,39.818628
51,39.917896
52,44.461659
53,44.795153
54,44.831136
55,45.19595
56,46.333537
57,46.813103
58,46.959036
59,47.028844
60,49.74079
61,50.326214
62,50.630804
63,50.825717
64,51.628106
65,52.095039
66,52.312863
67,52.472347
68,52.525433
69,57.981778
70,58.316488
71,58.463928
72,59.085196
73,60.055692
74,60.321054
75,61.206727
76,61.412185
77,63.286626999999996
78,59.445801
79,63.88511499999999
80,60.131804
81,64.836623
82,65.184816
83,65.398711
84,65.461223
85,65.62014
86,64.45091
87,70.544472
88,66.41918
89,70.936249
90,72.161144
91,72.581388
92,73.036034
93,74.053678
94,75.91845
95,69.201749
96,72.623202
97,76.682104
98,77.414106
99,77.783477
100,75.449011
101,78.108527
102,78.197848
103,79.395212
104,83.557172
105,83.81179
106,83.754855
107,76.401911
108,71.769588
109,78.842943
110,86.913585
111,88.630022
112,88.961022
113,76.702805
114,89.539939
115,90.238078
116,90.560113
117,90.874038
118,81.843479
119,91.123005
120,79.351591
121,96.010664
122,96.318117
123,96.373399
124,97.304054
125,89.13173
126,98.445251
127,99.011646
128,94.40884
