1,14.998393
2,16.120445
3,16.73464
4,17.424651
5,19.062636
6,19.778016
7,20.529116
8,21.763239
9,23.610489
10,25.132834
11,26.258811
12,26.917897
13,29.420109
14,30.701539
15,32.02077
16,33.016241
17,34.63901
18,38.912911
19,39.697229
20,41.93835
21,42.837282
22,45.939674
23,46.717913
24,48.297376
25,49.971445
26,53.272595
27,54.219359
28,55.84678
29,56.74086
30,59.686426
31,60.820309
32,62.79224
33,63.34345799999999
34,60.580725
35,73.802419
36,75.784753
37,76.87078
38,75.022814
39,77.666203
40,77.89589
41,78.868347
42,82.8388
43,85.177507
44,86.549318
45,72.632727
46,88.253295
47,79.046852
48,79.356172
49,94.618109
50,95.871136
51,97.186377
52,96.072129
53,99.231977
54,82.870843
55,96.566822
56,109.771969
57,110.798024
58,100.539804
59,89.02563
60,93.939005
61,90.648348
62,118.411133
63,119.43694
64,109.734115
65,96.948161
66,98.817346
67,105.505762
68,96.059051
69,130.841051
70,103.181851
71,111.528531
72,104.446296
73,121.961617
74,107.212764
75,112.255494
76,120.154866
77,111.385461
78,110.370102
79,119.058797
80,111.748195
81,113.123234
82,144.67671
83,118.950161
84,129.757924
85,117.257808
86,122.300487
87,141.244348
88,144.513851
89,125.64968600000002
90,130.620069
91,150.455772
92,132.693185
93,130.211567
94,135.6775
95,139.853638
96,137.582129
97,134.752931
98,135.679346
99,160.204381
100,138.623728
101,138.587957
102,145.393657
103,144.135491
104,165.881194
105,147.500746
106,156.595792
107,149.624419
108,168.408278
109,156.757418
110,153.329116
111,156.69381
112,156.007989
113,160.861685
114,167.005735
115,158.561871
116,160.12115
117,160.664373
118,171.967123
119,171.736082
120,180.527066
121,171.514455
122,179.23215
123,170.723699
124,182.96015
125,173.553611
126,176.6886
127,176.45645
128,179.314109
