1,0.0031737340187402395
2,0.0031766328703098446
3,0.003189880556105284
4,0.003194243769460301
5,0.0031595202861286922
6,0.0031776759345487934
7,0.0031947736275816123
8,0.0031578814028940362
9,0.0031697012266042788
10,0.003156965553002954
11,0.003179133832671958
12,0.00316850798256457
13,0.003185662705258781
14,0.0031567129937355755
15,0.0031661740020939673
16,0.0031600305658627086
17,0.003169320215998415
18,0.0032091704620130085
19,0.0031878514370245136
20,0.003182610569975916
21,0.0032089092904169715
22,0.0032329030119264196
23,0.0032802445435967304
24,0.003288399479273025
25,0.003365235903053063
26,0.0033410386997652255
27,0.003379371447973255
28,0.0035659812338953104
29,0.003628318363146471
30,0.0036720498561913415
31,0.0036946712869021297
32,0.0037023851306939772
33,0.003711382677285955
34,0.0037211305760368667
35,0.003729994797443007
36,0.003730191771371309
37,0.003746977666898739
38,0.003759423985883812
39,0.004041706514439166
40,0.004058636613535053
41,0.004092004209194433
42,0.004093892351848725
43,0.004099982414931438
44,0.004108203344935903
45,0.00411942409295607
46,0.004180829935995547
47,0.0042276617804363125
48,0.004270359988625053
49,0.004425858586293427
50,0.004486954803069527
51,0.004529855920514494
52,0.004496842738051131
53,0.004522954860591316
54,0.0045330179665608065
55,0.004579377965933484
56,0.004629286617329633
57,0.004650281784244281
58,0.004724023781021897
59,0.004839880390983444
60,0.004882961278603322
61,0.004885338382615029
62,0.004913332771903536
63,0.004928779332249213
64,0.0049663845960631545
65,0.005010807128815314
66,0.005015904761411863
67,0.005057168175075368
68,0.005202729888147989
69,0.005228165080818965
70,0.005291009120696005
71,0.005288601362546326
72,0.005349258653101847
73,0.0053501519794316044
74,0.005393717882601915
75,0.005399424757768126
76,0.00541499109198614
77,0.005460194354475934
78,0.005648533001513564
79,0.005646525907398789
80,0.0057153029977575825
81,0.005753514909047675
82,0.005745185597342508
83,0.005787534523951738
84,0.005785488973043893
85,0.0058231310234541575
86,0.005832426783569542
87,0.005925830502260784
88,0.006070413178003257
89,0.006060210363795474
90,0.00613257628813774
91,0.006125414974715549
92,0.006150682177276186
93,0.006175964448786507
94,0.006188618703627371
95,0.006211890570989631
96,0.006248185614849188
97,0.006460332878081279
98,0.006490706736306416
99,0.006488078500669344
100,0.006546893407088468
