1,0.003131749007069409
2,0.0032465821812857534
3,0.0032021203449005497
4,0.00319970214849921
5,0.0031884297656198128
6,0.003194215154531169
7,0.0031911343126932944
8,0.003218675945974354
9,0.003189890807269654
10,0.003207803423935946
11,0.0031896803520708103
12,0.003192443081576893
13,0.0031700283720445793
14,0.0032020535878167183
15,0.003211770549318364
16,0.0032325375383180054
17,0.0032158702948829137
18,0.003185767247675962
19,0.0032018216796103724
20,0.003200680731820287
21,0.003195736363156784
22,0.003219562534685165
23,0.003211577846584099
24,0.003209813437034025
25,0.0031824513205798636
26,0.00322677331674783
27,0.003185717897689769
28,0.0031983822423351824
29,0.003192977854350276
30,0.003203434984126984
31,0.0031899100786830937
32,0.0031852961583846854
33,0.0031853714739172537
34,0.0031983930194161934
35,0.00320772083996182
36,0.0031902531151832463
37,0.003208554372583847
38,0.00318974817372825
39,0.003198614476399707
40,0.0031953405895691605
41,0.0032057974028997073
42,0.0032108733398070136
43,0.0032135458007941753
44,0.0032024732828011804
45,0.003209653779397151
46,0.003208072250316056
47,0.0032101395031467373
48,0.003212111658429068
49,0.0032140384106627276
50,0.0032338858796921418
51,0.0032243067125931842
52,0.0032376063273265197
53,0.003252512215258121
54,0.003296990378053774
55,0.003323164927426567
56,0.003328131315880124
57,0.003390765610064662
58,0.00355042837490829
59,0.003558546557678178
60,0.00356438082543879
61,0.0035801874750756965
62,0.003594937157941701
63,0.003606281797594298
64,0.003631742415498763
65,0.0036241455242871047
66,0.003649037350485217
67,0.0036668941390171224
68,0.003684706323585264
69,0.0036941351564292817
70,0.0036889990367775832
71,0.0036923036016787477
72,0.0036985568232065264
73,0.003701301993944601
74,0.003717704137640664
75,0.003718302576804915
76,0.003717973231276857
77,0.003937699145716378
78,0.003952032143731136
79,0.003993761593487913
80,0.0040385140416946885
81,0.004061860061052103
82,0.004044753547865894
83,0.004068137397276425
84,0.004069909042470942
85,0.004082448502313841
86,0.004086961413409702
87,0.004089705870445344
88,0.004093896081822016
89,0.004096004541613857
90,0.004101889389448725
91,0.00410811107200407
92,0.00411286042871725
93,0.004118027675606641
94,0.004133611801824848
95,0.004166271789365175
96,0.004341285679785331
97,0.0043817703693669295
98,0.004405477850399419
99,0.004442806044660016
100,0.004460494267827171
