1,0.003176735805455481
2,0.00318672673992674
3,0.0031666719948018193
4,0.003179899662980516
5,0.003180341068512834
6,0.003169376927939318
7,0.0031738535033514876
8,0.003164928518672631
9,0.0031726121507085155
10,0.003178047454776681
11,0.0031582373229369714
12,0.003169204854918142
13,0.003164755725506408
14,0.003192661506164612
15,0.00320853679144385
16,0.003242894941673371
17,0.0032916351018733763
18,0.0033286276581102467
19,0.0034068554864029412
20,0.003590692060435491
21,0.0036724477252081758
22,0.003699583999237514
23,0.0037162687284433204
24,0.0037211435254835743
25,0.0037387860842674914
26,0.003743092438402719
27,0.004043779779213785
28,0.00408178169619455
29,0.004092692287570669
30,0.004102145041498202
31,0.004175799951307735
32,0.004198673276831273
33,0.004421350897576089
34,0.004469224292170065
35,0.00447736030551966
36,0.004525267085523471
37,0.004528817200784827
38,0.004579337768752986
39,0.004647588233039479
40,0.004838653765586035
41,0.004891101502942767
42,0.004889562927236237
43,0.004911587602224404
44,0.004989166034429442
45,0.005012752308091287
46,0.0052172451833136235
47,0.00525604886904762
48,0.005266593063438849
49,0.00533603386403702
50,0.005352438001991372
51,0.005395701152176332
52,0.005437796371691341
53,0.005676574517487425
54,0.005669541198786039
55,0.00572461415730337
56,0.0057716806359414076
57,0.005780381524070543
58,0.005805752543520309
59,0.0059576209627901265
60,0.006046529613225202
61,0.006129854074917742
62,0.006128691195445919
63,0.006165239356264158
64,0.00620442784737313
65,0.006231487986387569
66,0.006471556964476496
67,0.0064870730429546376
68,0.00653570268013468
69,0.006569127127543207
70,0.006569953822149767
71,0.006635021321254971
72,0.006725668291499099
73,0.006860212570781426
74,0.0069316458703120535
75,0.0069173091993244866
76,0.0069685229454022985
77,0.00698984475922722
78,0.007048200043661766
79,0.007269883166017382
80,0.00728064155912365
81,0.007340660311932163
82,0.00735440563904068
83,0.007386151417682926
84,0.007461084809072717
85,0.007505766341840681
86,0.007643350449031039
87,0.007702871784693553
88,0.0077140868759936415
89,0.007809601272551545
90,0.007812868694672463
91,0.007846842980613892
92,0.008035645932736911
93,0.008079881635031634
94,0.008166167351752024
95,0.00818817176152677
96,0.008192345774639608
97,0.008250558242692047
98,0.008296974568302274
99,0.008821939987873862
100,0.00913699023722628
