1,0.0031680560189382492
2,0.003182309001662165
3,0.003181337949300519
4,0.003173115867400419
5,0.0031759429869786505
6,0.003181825908706678
7,0.0031761348477905077
8,0.0031662552074457626
9,0.0031879755173141893
10,0.003193048998798558
11,0.003230598755214642
12,0.003296624153730425
13,0.0033583592354041137
14,0.003605057436049971
15,0.0036938089270777894
16,0.0037134677405761575
17,0.003727406342307693
18,0.004017670578132034
19,0.00408250484738922
20,0.004095113952605835
21,0.004108578639952458
22,0.004227543509381388
23,0.004474662824180895
24,0.004494494216582633
25,0.004523623074053349
26,0.004588224400037793
27,0.0048421979324810216
28,0.004874904296791507
29,0.004903466329362723
30,0.004979913937802492
31,0.005171595729233397
32,0.0052734768703898835
33,0.005311828180919969
34,0.005360383049629712
35,0.005412778650368385
36,0.005645253159572107
37,0.005729407235050325
38,0.005772077595238095
39,0.005808017869838773
40,0.006019347294949746
41,0.0061146742330513825
42,0.006128428493670886
43,0.006174231635525979
44,0.006242398139044046
45,0.006468344167557457
46,0.006529639703426887
47,0.006555281957449246
48,0.006624371174620538
49,0.006845763093220338
50,0.006905471286283439
51,0.006935971819441237
52,0.007000989703824627
53,0.0071429642004421515
54,0.007285435950165115
55,0.007326204339622644
56,0.007379277158519873
57,0.007449908362797847
58,0.007670155762841809
59,0.007703994402096237
60,0.007776164946219298
61,0.00782738221200387
62,0.008030739273299123
63,0.008103813053652013
64,0.008162409113881402
65,0.008200404301166132
66,0.008259293033155021
67,0.00886957189213894
68,0.009198377326823314
69,0.009620280841869397
70,0.009656264581993569
71,0.01044680850376749
72,0.011650379238187732
73,0.012823388438566556
74,0.013122991101482446
75,0.013600207858817886
76,0.015051017793076013
77,0.016419688821587817
78,0.01674449856599862
79,0.017124731559476383
80,0.017215394653641206
81,0.01736111516069126
82,0.017468602573794102
83,0.01758736596408422
84,0.01773351470588235
85,0.017902169313146237
86,0.018132707805907172
87,0.018331563165848126
88,0.018514462407635466
89,0.018616203242517265
90,0.018835621425796426
91,0.01894708625694873
92,0.019091380348258705
93,0.019190353230062775
94,0.01930383356273932
95,0.01946953933557464
96,0.01963172322001283
97,0.019764448677248678
98,0.01985679009156311
99,0.019952759691358023
100,0.020248431760366985
