1,0.0016868314357384247
2,0.0016901825024706269
3,0.001697397698425238
4,0.001686744823537537
5,0.0016750722713864306
6,0.0016924624584893663
7,0.001687778944670632
8,0.0016882193196417396
9,0.001698760477934824
10,0.0016961911065203807
11,0.0019358659087560734
12,0.0020333524599446358
13,0.0020469421388318552
14,0.0020682144289004517
15,0.002083944185347419
16,0.002097992289900528
17,0.0021138969316596935
18,0.002121665428836617
19,0.002147680155382908
20,0.002168539446863916
21,0.0021897374229793405
22,0.0024373248321978296
23,0.0024895333803973915
24,0.0025390209365584197
25,0.002531066188110475
26,0.002569964972805801
27,0.0025943747743148843
28,0.002608353520254256
29,0.002625881883804357
30,0.0026679137497795805
31,0.002665858088691796
32,0.0026986241702459976
33,0.0029109728078674547
34,0.0029531090089541328
35,0.002990860958565245
36,0.0030218674890965733
37,0.0030543268976730006
38,0.003069885562941421
39,0.0030894760082961076
40,0.003114763473806302
41,0.0030602441614020785
42,0.0030546286142740953
43,0.003064951617677078
44,0.0031470398760464666
45,0.003181645052910053
46,0.0032228237767126027
47,0.0032375086295775594
48,0.003264761018893387
49,0.0032914185601491397
50,0.0033092719610218007
51,0.003354601776438811
52,0.0033599051383674033
53,0.003376836078910615
54,0.003412486839327186
55,0.003449219039145907
56,0.0034958644814654543
57,0.0035134059129162086
58,0.00354415975877193
59,0.003561748256240822
60,0.0035950194082486554
61,0.0036226893313410532
62,0.0036421674521909344
63,0.003665461941938907
64,0.00368483970655314
65,0.0037397796494281457
66,0.0037417582117801984
67,0.003782052635882262
68,0.0038199011545433058
69,0.0038437962018319657
70,0.003901422926036995
71,0.003913269915384882
72,0.003968484338426528
73,0.0040055595683806105
74,0.004021031725289834
75,0.004092397417977904
76,0.004123000726044744
77,0.004181186475271003
78,0.004182424843534836
79,0.004242410469810186
80,0.0042715812521830245
81,0.004325802816972663
82,0.0038188359121238834
83,0.0038513590965538655
84,0.003801184497048851
85,0.0038433075871582636
86,0.003867026868257343
87,0.00392677704352652
88,0.003961744352322736
89,0.004040180147299509
90,0.004136199031515136
91,0.004086345236733122
92,0.0041732744406922755
93,0.004223947023153252
94,0.004195013134307777
95,0.004258536739894082
96,0.004269866702299075
97,0.004401125748371192
98,0.0045625050403966215
99,0.004626876909561679
100,0.004704899031171018
