1,0.00168290593220339
2,0.001688119161158047
3,0.0016966444245100749
4,0.001676607290724094
5,0.001689612225821269
6,0.001745767762313005
7,0.0016809397814655307
8,0.0016741613747671936
9,0.001679138522664455
10,0.0016809257187772925
11,0.0016936255979334383
12,0.0016989818759355312
13,0.0016950033133053173
14,0.0016940077196862368
15,0.0016946412695550666
16,0.0016944327418380756
17,0.0017313088415790382
18,0.0016964495925758261
19,0.0016906092252803261
20,0.0017092882406088195
21,0.0016740011328863675
22,0.0016816334294949779
23,0.0016787609212070992
24,0.0016859771641894949
25,0.0016857353176015165
26,0.0017131892669975362
27,0.0017157270065153575
28,0.0016859982348703167
29,0.001694155403621275
30,0.0016834352258447362
31,0.001676067751695357
32,0.0016897740564198887
33,0.0016891638148516636
34,0.0016784084749503422
35,0.001679674160758966
36,0.0016842117521200777
37,0.0016846235247208931
38,0.001703333318851661
39,0.0016749603824945908
40,0.0016820843736937443
41,0.001682784762892933
42,0.0016848261900275967
43,0.0016938683742930953
44,0.00167897186814335
45,0.0016874992191585037
46,0.0016858569856259987
47,0.0017032709290744827
48,0.0016848498428331934
49,0.0016778222675792108
50,0.0016764298394711993
51,0.001677935611157836
52,0.001681031179352581
53,0.0016876606995741116
54,0.0016795921851388263
55,0.0016832610193988783
56,0.0016767782250242482
57,0.0016820811896599971
58,0.0016847438041744677
59,0.0016788089375086891
60,0.0016750204613457658
61,0.0016828217162747747
62,0.0016757892272030114
63,0.001698629849262012
64,0.0016781345483746688
65,0.0016998746017762758
66,0.001684759313505101
67,0.0017033450466860012
68,0.0017082269109505899
69,0.0016937106218434341
70,0.001676670895779398
71,0.0016919491879948726
72,0.0016937681124060942
73,0.0016846462721503623
74,0.0016873714370360042
75,0.0016871173814416614
76,0.0016812970180157861
77,0.001695644826987215
78,0.001681373591351882
79,0.001713297162881476
80,0.001682992270699749
81,0.0016769501853798902
82,0.001682544186403035
83,0.0017084678166928039
84,0.0017073035003633595
85,0.0016978188716907131
86,0.0016826834743049952
87,0.0016900171945542996
88,0.0016988984480783252
89,0.0016824284909306225
90,0.001677808411665538
91,0.0016874892694632064
92,0.0017040248391292426
93,0.0016828290762478664
94,0.0016763659453023776
95,0.0016837845849654914
96,0.0016842309693913286
97,0.0016812472133592288
98,0.0016754622061264006
99,0.0016843940763122762
100,0.001690979325477306
