1,0.0016849067618449954
2,0.0017590081690621792
3,0.0016761960214938972
4,0.0016973941406091169
5,0.0016880878136300414
6,0.001682237620410655
7,0.0016950047270562695
8,0.0016931308314489478
9,0.001683968952177566
10,0.0016806901052156403
11,0.0016732941678047413
12,0.0016980468127351259
13,0.0017091393138456152
14,0.0016936205870972283
15,0.0016918054320551336
16,0.0016834348050638191
17,0.0016882914552667292
18,0.0016839794857677697
19,0.0017086961523499664
20,0.0016770363680303811
21,0.0016833197381250868
22,0.001705787858387167
23,0.001682654243846073
24,0.0018341179876781193
25,0.0019426325931260755
26,0.0019741476564787545
27,0.0019888965212601
28,0.002020995516624185
29,0.0020538125036664574
30,0.0020411801932468847
31,0.0020727105636326494
32,0.0020602755979946467
33,0.0020700165711229944
34,0.0020790849828473414
35,0.002148179261598926
36,0.002091794666637935
37,0.0020997369816071055
38,0.0021087102346664353
39,0.0021058782957012597
40,0.002111169627856366
41,0.0021802694108404206
42,0.0021248600950170764
43,0.0021342047421588953
44,0.0021501937931802987
45,0.0021533407276628077
46,0.0021612195196741126
47,0.00217903444213757
48,0.002301201767508338
49,0.0024291926406389526
50,0.0024388243334006665
51,0.002474614555732576
52,0.0024779557410527387
53,0.002487599486287182
54,0.0025025723850766153
55,0.0025146805925182025
56,0.0025237421697083136
57,0.002538936882318962
58,0.0025423685376389405
59,0.0025593626280316297
60,0.0025659443487048563
61,0.0025823422100481022
62,0.002590623870812373
63,0.0025957679608788853
64,0.0026219136720641244
65,0.0026152500826949867
66,0.0026260792842785984
67,0.0026286306797305573
68,0.0026426408200035155
69,0.0026541666196064594
70,0.0026740479922673296
71,0.0026924273821203903
72,0.0027838560486856717
73,0.0028614302357877317
74,0.0028994925793689084
75,0.0029386467670985236
76,0.0029571531158088236
77,0.002969590024592684
78,0.002972511029095159
79,0.0029967760750030893
80,0.002999797880569307
81,0.0030157679206428934
82,0.0030326209089991925
83,0.0030304928600242034
84,0.00305861261738867
85,0.003049829960438223
86,0.0030697764189103784
87,0.0030760876707541774
88,0.003098912416815971
89,0.00309650462564958
90,0.0031130002028201655
91,0.0030415746433990897
92,0.003039359458367017
93,0.0030327450292692774
94,0.003037410668484298
95,0.0030499703681168243
96,0.0030555906108312345
97,0.003099507211692901
98,0.0031401985472076623
99,0.003159543811777077
100,0.0031677699157451286
