1,0.0016858149526687701
2,0.001738660133560572
3,0.0017261706339986621
4,0.0016812575161773242
5,0.0016825654743580776
6,0.0016815433163106866
7,0.0016935615191484847
8,0.0016860734521608705
9,0.0016946133282530233
10,0.0016947603381036946
11,0.0016936702269156922
12,0.0016878140393965216
13,0.0016781698174230567
14,0.0016829679831554141
15,0.0017157674251979
16,0.0016806990713533294
17,0.0016914323759198227
18,0.0016882305281677873
19,0.001684844370347251
20,0.0016728480287923494
21,0.0016887355111854484
22,0.0017035723034080784
23,0.0016856279782693053
24,0.0017500394175614313
25,0.0016919063935064212
26,0.0016901508628187733
27,0.0017353120683635348
28,0.0016988797760463983
29,0.001705215605122226
30,0.0016881400127361495
31,0.001683287201965979
32,0.001696701618050501
33,0.0016875949710006607
34,0.001696487126265943
35,0.0016764884107223358
36,0.0017019421656006431
37,0.0016935473402235504
38,0.0016894756514629653
39,0.001691547947925085
40,0.0016779860935746353
41,0.0017574097272661242
42,0.0018952983255741168
43,0.0018954576340349098
44,0.0019380409881042976
45,0.0019426520432306697
46,0.0019419471368378814
47,0.0019685276974325643
48,0.0019668937821734024
49,0.0019885081178102307
50,0.0019848362037945696
51,0.002024643367746355
52,0.002037865122654947
53,0.002033633728595713
54,0.002025991916838835
55,0.0021215075559545683
56,0.0020350132296861247
57,0.0020373505504895574
58,0.0020445586047631555
59,0.002049550420203556
60,0.0020500171488389792
61,0.002051532976036049
62,0.0020523205604507334
63,0.002062086548205971
64,0.0020654001128716246
65,0.0020745708349324122
66,0.002082104081720246
67,0.0020878168766392917
68,0.0021082673662907044
69,0.0020897138309337016
70,0.0020973571162508664
71,0.002101921807520879
72,0.002107386289972193
73,0.002113135006311757
74,0.0021298679318798707
75,0.0021178049681306204
76,0.002129376536889749
77,0.0021317699057559337
78,0.002145313435381685
79,0.0021516663093652908
80,0.0021526185196738107
81,0.0021617063441340782
82,0.002224017797614638
83,0.0023460581383544423
84,0.0023626972279018558
85,0.0023998706298041157
86,0.002405057842160331
87,0.0024259244353905737
88,0.002433652480964147
89,0.0024408364046814308
90,0.00244706169416051
91,0.00246200049557792
92,0.002471645423538994
93,0.0025009440465258645
94,0.002481953147719762
95,0.002518013598014888
96,0.0024902937075111918
97,0.002498344550669216
98,0.002504537517683282
99,0.002508779002668446
100,0.002520991985244802
