1,0.001683569938703723
2,0.0017077320503861074
3,0.0016875477323746054
4,0.0016729342812344097
5,0.0016803369519033193
6,0.0016680615872056413
7,0.0016897334319825803
8,0.0016792570015277414
9,0.0016910161666334352
10,0.0017425670105167817
11,0.0016742019413753442
12,0.0016926125810911414
13,0.0016798397745880222
14,0.001684906927521008
15,0.0016847313916312405
16,0.0016803548981383914
17,0.0016977728341929191
18,0.0016722427098752378
19,0.001680425549469718
20,0.0016816456485731048
21,0.001704647990659092
22,0.0017088044565751594
23,0.0016993340592771319
24,0.0016900062595579036
25,0.0016810829318377911
26,0.001676921732201628
27,0.0016820572959832037
28,0.0016777798597919595
29,0.0016833295906372092
30,0.0017088454837976992
31,0.0017111642275013004
32,0.0017028669871972507
33,0.0016810282725715682
34,0.0016881734333658261
35,0.0016818062506541989
36,0.0017082613645684238
37,0.001678147766112205
38,0.0016939970789638578
39,0.0016984733041423405
40,0.0016869086368212845
41,0.0017008671348021276
42,0.0016872222424378113
43,0.0016757824973819102
44,0.0016871343209570939
45,0.0016862181573220022
46,0.0016974425334778504
47,0.0016907581348722062
48,0.0016766165012496834
49,0.0016900940409410581
50,0.0017183257349241718
51,0.0016899156117053003
52,0.001682315172942283
53,0.0017248026707376994
54,0.001711054648399273
55,0.001870381628292007
56,0.0019092294036498363
57,0.001910485927328678
58,0.0019276737805605248
59,0.0019398496794486516
60,0.0019595196885103076
61,0.001958013846837027
62,0.001953178210140255
63,0.0019981933959567076
64,0.0019839483466242394
65,0.0019778806646279304
66,0.0019847904607012807
67,0.001990821753500021
68,0.002001781710938789
69,0.0020070291597987333
70,0.0020094817196501845
71,0.002025158844177009
72,0.0020160632991617013
73,0.0020317541324392286
74,0.002046102298073674
75,0.0020516507431087776
76,0.0020442341824244473
77,0.002046281573839662
78,0.002051810894991101
79,0.0020610288172636226
80,0.002063974174372523
81,0.0020911426426050016
82,0.00207157546451805
83,0.0020722922411948474
84,0.0020850594016361846
85,0.0020701609705542972
86,0.002075131138996139
87,0.0020963896874062007
88,0.0020811949800489124
89,0.0020794348241852485
90,0.0020832836707105726
91,0.002089103490074495
92,0.0020881322638184475
93,0.002093331185277874
94,0.0020931945365095807
95,0.0021127914446149552
96,0.0021078595747915222
97,0.002103098609906315
98,0.00211197918139589
99,0.0021121013755013023
100,0.0021309936947229956
