1,0.0017108428364889234
2,0.0016777489696298122
3,0.0017054074074718845
4,0.0016882598871677185
5,0.0017195523137050548
6,0.0016840259458703404
7,0.0016709223669999652
8,0.0016652505185102584
9,0.0017368305812025568
10,0.001738181594769468
11,0.0016804074077322482
12,0.0017141800458167896
13,0.001716655554204731
14,0.0016723926150121068
15,0.0016952080323412069
16,0.0016775835558421638
17,0.001683227917508535
18,0.001690364617319314
19,0.0016967206053387516
20,0.0017067846041412915
21,0.0016905219264076795
22,0.0016796687376108503
23,0.0016971359940294263
24,0.001697598048918422
25,0.0016872028748116741
26,0.0016869888668203578
27,0.001694810619453688
28,0.0016956088204286327
29,0.0016865046699486898
30,0.0016885670371995516
31,0.0016903124421781097
32,0.0016948046523894923
33,0.0016767092738862329
34,0.0017017054805456252
35,0.0016848285694410629
36,0.0016841919603038107
37,0.0016853227360715168
38,0.0016814960968345224
39,0.0016870314003571804
40,0.0017048382519642316
41,0.0017190118239697755
42,0.0018845406775968188
43,0.0019043433622585207
44,0.0019247994814020025
45,0.0019464569755804643
46,0.001976225303529085
47,0.00196343389009925
48,0.0019917069783170066
49,0.0020021217852327056
50,0.0019962264142392157
51,0.0019948977776404675
52,0.002040196860725853
53,0.0020066478905311973
54,0.0020644860460732983
55,0.002028432738368933
56,0.0020560498340615025
57,0.002060084523204607
58,0.0020488531193126516
59,0.0020514640153441845
60,0.002059573618485325
61,0.0020910015120581852
62,0.002141228396745316
63,0.0020703220116929117
64,0.0020720458385013467
65,0.0020725292900166605
66,0.0020817233778970736
67,0.0020774680120352463
68,0.002082805145827069
69,0.0020870082701257135
70,0.0020923964111708277
71,0.002097157962306562
72,0.002097041588845655
73,0.002103760291471753
74,0.0021037085911470733
75,0.002110900046613502
76,0.0021206358536052703
77,0.002117156203837245
78,0.002132100904677846
79,0.0021363904271801677
80,0.0021383444107759
81,0.002154385275064339
82,0.002149555121473703
83,0.0022457893783542036
84,0.0023547289894868973
85,0.00235965113422292
86,0.002379841865845201
87,0.0024069391993618828
88,0.002429009909411173
89,0.0024299698208624767
90,0.002438609272158288
91,0.002450342735323887
92,0.0024621427435337164
93,0.0024659263821779154
94,0.0024626485624301537
95,0.0024762075419707094
96,0.0024869558463067234
97,0.0024945335765818055
98,0.0024909895083734044
99,0.002500978715878828
100,0.0025021079332723196
