1,0.0017504203192896639
2,0.0016872438352800868
3,0.0016748455248197453
4,0.001680585902349907
5,0.0016772644527602945
6,0.001680243266525409
7,0.001687790884294649
8,0.0016778527685298754
9,0.0016871286115287204
10,0.0016789928412527376
11,0.001683647037965616
12,0.0016801982723931813
13,0.00172574515638784
14,0.001681005749651325
15,0.0016960691652649284
16,0.0016801098989689296
17,0.001675716039739637
18,0.0016810118921092194
19,0.0016855953393549003
20,0.0017102934621409918
21,0.001696781029329997
22,0.0016799432812555357
23,0.0017699244606194848
24,0.0016780292216103008
25,0.0016904035662355856
26,0.0016787284319150111
27,0.0016861740952050777
28,0.0016797434556083063
29,0.0017407767266263026
30,0.0016835054383399484
31,0.0016816246033501024
32,0.001685279401065151
33,0.0017306201820054944
34,0.0016857748793115512
35,0.0017423100208405697
36,0.0016831962852514545
37,0.001669506782134029
38,0.0016878281190807042
39,0.0016910471829719917
40,0.0016925544315303026
41,0.0016892637646525259
42,0.0017002004964219919
43,0.0016873011486862228
44,0.0016938706306871664
45,0.0016870494759364876
46,0.0016727777248714028
47,0.0016717334254143647
48,0.0016875078636040576
49,0.0017125227905452301
50,0.0017005589206044462
51,0.0016975314576117432
52,0.0016758037609470732
53,0.001686171635883905
54,0.001697829051449329
55,0.0016793728869747503
56,0.001674345674655859
57,0.0016723560900828555
58,0.001671649515317323
59,0.0016775966052814456
60,0.001682721012919897
61,0.0016699166286976634
62,0.0017383933845118657
63,0.0016761517058905449
64,0.0016885999302065882
65,0.001680578716659741
66,0.0016809858874230433
67,0.0016732871271539903
68,0.0016814816260732432
69,0.001705059224237746
70,0.0016908389485756166
71,0.0016896239003543884
72,0.0016870665144880573
73,0.0016920124121381603
74,0.0016858212487022438
75,0.0016819947285975783
76,0.0017152724928126033
77,0.0016939942152654174
78,0.0016860822817902955
79,0.0017361995354097787
80,0.0016815150033058428
81,0.0017648126183022713
82,0.0018825193977536792
83,0.0018947945273146158
84,0.0018908266719869203
85,0.001894026208656434
86,0.0019174063637802756
87,0.0019344096772906784
88,0.0019347966191886052
89,0.001944312238518875
90,0.0019407482366598616
91,0.0019461323140816803
92,0.0019592095367539845
93,0.001969283265294813
94,0.0019565801290582774
95,0.001974137789726669
96,0.0019803384034673614
97,0.00198773958913649
98,0.001974797796693003
99,0.001992291835942289
100,0.0019888489093582776
