1,0.0016830373958826351
2,0.0017366174082563946
3,0.001696285574417258
4,0.001701156768314055
5,0.0016922711688266321
6,0.0016885272519694032
7,0.001696504745579517
8,0.0016805661236307821
9,0.0016877060275150737
10,0.0016927386406525482
11,0.0017172564619582552
12,0.001671331634528681
13,0.0016934930646509683
14,0.0017079678698266462
15,0.0017054685322805392
16,0.0016995606212350791
17,0.0016966944361474943
18,0.0016911594195537182
19,0.0017075998421435647
20,0.0016984418993626533
21,0.001706021521509168
22,0.0016872444438598337
23,0.0016872752950604691
24,0.0016961562089667516
25,0.0017101056177411648
26,0.0017132715464811912
27,0.0016943767104706877
28,0.0017019240312532993
29,0.0017018134140857739
30,0.0016908462933587138
31,0.001697198409887798
32,0.0019213813898237972
33,0.0019664657413389322
34,0.00199534525760883
35,0.0020154104459975987
36,0.0020124477516683874
37,0.002049339895763282
38,0.0020475431632609896
39,0.0020572633380036517
40,0.002066009847195029
41,0.002066584607019489
42,0.0020664778510919067
43,0.0020891776011871476
44,0.0020817594163942887
45,0.0021449235360123434
46,0.0021127791261036904
47,0.0021167259763146765
48,0.002118821750934349
49,0.002135345232351897
50,0.0021366114663874574
51,0.0021375241379310342
52,0.0021396428063590192
53,0.0021441219754320807
54,0.0021532388865050417
55,0.0021649554478668787
56,0.0021596236858517463
57,0.0021836361016949147
58,0.0021688539412950928
59,0.002172514458372647
60,0.00218251677285256
61,0.002185536869624265
62,0.0022008998953070235
63,0.002206019954379562
64,0.0024201395507969735
65,0.002494139836277407
66,0.0024620633108781327
67,0.002481571817293349
68,0.002490704943947926
69,0.0025029667652246086
70,0.0025123176854985685
71,0.002530771596317799
72,0.002527745475916832
73,0.002538324626513603
74,0.002551898571768299
75,0.0025593151610703935
76,0.0025787717424826523
77,0.002579062308219765
78,0.002590318199810688
79,0.00259804900613603
80,0.0025996946048763617
81,0.0026087919928921436
82,0.002612201539458759
83,0.002617650514459006
84,0.0026189492326880322
85,0.002626842623665287
86,0.002636655012818415
87,0.0027028782755033833
88,0.0026570695738354806
89,0.0026631595717120492
90,0.0026669664440642413
91,0.002672684312099093
92,0.0026895175666685144
93,0.002701039253764171
94,0.0027135185666576403
95,0.0027534518006047826
96,0.002914867145044011
97,0.002898683011711876
98,0.002930786149222924
99,0.002960669978652028
100,0.0029640093319031565
