1,0.0016837496386136867
2,0.0017183986612702366
3,0.0016757797243889753
4,0.0016939580910906471
5,0.0016984197515788006
6,0.0016820037723153625
7,0.0016788858051579895
8,0.0016887738962031475
9,0.0017234186083743839
10,0.0017018105771603855
11,0.0017000081259047417
12,0.00170467028656022
13,0.0016876953944831938
14,0.0016942128969413906
15,0.0017026536335624555
16,0.0017129600875979163
17,0.0016936645407175297
18,0.001689181941829639
19,0.0016880316204715027
20,0.0016888021616689366
21,0.0016928319939307104
22,0.0016844431620441065
23,0.0016863571897995338
24,0.0017223482977163206
25,0.0017543748810824142
26,0.0016874756966332378
27,0.0016925176970519408
28,0.0016774304095705777
29,0.0016931990801113735
30,0.0016884657391636833
31,0.0016807396898825995
32,0.0016851688906128778
33,0.001679353833215297
34,0.001731029431607649
35,0.0017120963910363693
36,0.0016866358879746137
37,0.0016860690533263855
38,0.0016751797172603505
39,0.00168273931204798
40,0.0016887702338472196
41,0.0016704966146198013
42,0.0017235140969479217
43,0.0016839048521369608
44,0.0016951293675336002
45,0.001686281973773733
46,0.001709471705673759
47,0.0016739760454292857
48,0.0017018807998436555
49,0.0016998810526682219
50,0.0016950248707033033
51,0.001699691703631716
52,0.0016890589003206375
53,0.0016729288120290306
54,0.0017379176886677492
55,0.0016871124527909635
56,0.0016851145111960678
57,0.0016868493802633976
58,0.0016705999008902487
59,0.0016864832837752747
60,0.001683342201947324
61,0.0016897404054815753
62,0.0016772463819712386
63,0.0016815124585529302
64,0.001694418317970355
65,0.0016889728409767721
66,0.0016892706496927131
67,0.0016910228946632156
68,0.0016834764242811954
69,0.0016989231019790543
70,0.001679559483404043
71,0.0016892648428978572
72,0.0016865780116855525
73,0.0016845676188156705
74,0.0017135698574838533
75,0.0016882837436568853
76,0.0017022059647312186
77,0.0016968285992286114
78,0.0016956526310213306
79,0.0016803320643669988
80,0.0016906062508821455
81,0.0017094225772110456
82,0.0016946028328015989
83,0.0016856492559943583
84,0.001688347570521862
85,0.0016993552758983888
86,0.0017008425718961077
87,0.0017048981781184788
88,0.0016833733328745723
89,0.0016847286020447597
90,0.0016936135706496888
91,0.0016827273124764416
92,0.0016848903624874655
93,0.0016810850702247192
94,0.0017156292190540334
95,0.001686166898851297
96,0.0016763992158574921
97,0.001687855340063762
98,0.0017017211672167988
99,0.0016884755945398618
100,0.0016837260037938662
