1,0.0016986436911939889
2,0.0016960146556064572
3,0.0016906335714148718
4,0.0016911305150050246
5,0.0016920950457265393
6,0.001684441289229357
7,0.0016857781569547556
8,0.0016975102705737916
9,0.0017022012918120615
10,0.0020028438888888885
11,0.0020498996238059006
12,0.002076597367631297
13,0.002109197609301515
14,0.0021250482543367795
15,0.002146577277350314
16,0.0021536109432070474
17,0.0021670052828246665
18,0.0021896779731080227
19,0.002390628012465374
20,0.0024963379109500393
21,0.0025268227638874357
22,0.002563320778329285
23,0.0025883996559731655
24,0.00261984596469445
25,0.0026408280376885797
26,0.002659832737701302
27,0.0026830138294918083
28,0.002719692880434783
29,0.002921423002114165
30,0.0029920321479330165
31,0.003029675438066465
32,0.003054777550294655
33,0.0030777853794642855
34,0.0030993927928796346
35,0.0031307537421566725
36,0.003077802101241643
37,0.003080486810031268
38,0.0030949672132201647
39,0.0032002138596491226
40,0.0032335227132820337
41,0.0032667686372542396
42,0.0032761144686907022
43,0.0032849516298454873
44,0.0033305996735281105
45,0.003380083733296019
46,0.003385687796075683
47,0.0034355122087670843
48,0.0034580407004830916
49,0.003500412626226197
50,0.0035271284398303844
51,0.003551805550660793
52,0.003595678759578544
53,0.00364054005929332
54,0.00365070767781155
55,0.0036829425966808764
56,0.0037054131125574268
57,0.003752149594307827
58,0.0037749404857537346
59,0.0037989758266729354
60,0.0038416011785714285
61,0.0038655089852177387
62,0.003928375065206051
63,0.003945195549979088
64,0.003985354182056965
65,0.004024406129219542
66,0.004100516463241771
67,0.004139095929196026
68,0.004167950346449957
69,0.004237814024261396
70,0.004268954434322445
71,0.004316170932495798
72,0.003831908924514012
73,0.003798652492133418
74,0.003813353223369428
75,0.00385446734246386
76,0.003913197146382234
77,0.003961931844689703
78,0.0040490821841611905
79,0.004113191678449638
80,0.004132452842605156
81,0.00415501133886012
82,0.004252286444159179
83,0.004213050443392165
84,0.0042928224616710815
85,0.004402592070175438
86,0.004466035611671276
87,0.004422132473024205
88,0.004518216574107794
89,0.0047248139974657944
90,0.0047798249281058285
91,0.004805690046074103
92,0.00482088682343685
93,0.0048857137956204374
94,0.005188293104742776
95,0.005592902920110192
96,0.005817154240575823
97,0.006279894292091835
98,0.006707899557130203
99,0.006936485326626045
100,0.0070958820250395785
