1,0.0016944958112425827
2,0.0016959919077789514
3,0.0016884924127866087
4,0.001684512180551287
5,0.001732318405633803
6,0.0016881969733180762
7,0.0016860372618418737
8,0.0016856076195947358
9,0.0017240764070544038
10,0.0016988004199604743
11,0.0016977875936411918
12,0.001692889245673325
13,0.0016911797102970502
14,0.0017004919464379484
15,0.0017453038726904229
16,0.0019888025332734545
17,0.0020240419976586673
18,0.0020482102828035175
19,0.002080539782842399
20,0.0020800128826587287
21,0.0021107182062975027
22,0.002126100183895968
23,0.002137870258835241
24,0.0021499775420612305
25,0.002162288038878129
26,0.0021591904948563665
27,0.002166936389435109
28,0.00218434743526009
29,0.0021962312571038875
30,0.0022177965525953143
31,0.002455251441286951
32,0.0025031354122347325
33,0.002528572726083316
34,0.002550511301027127
35,0.0025555975173940544
36,0.0025921947454561113
37,0.0025973006774249225
38,0.00260987239058701
39,0.0026240708213530087
40,0.0026380358146912432
41,0.0026470631638077493
42,0.00266227663190421
43,0.0026862891334517593
44,0.002710735183355146
45,0.00273930967448627
46,0.002914844604273247
47,0.0029633572890495736
48,0.0029868254162042176
49,0.003021357012960916
50,0.0030444701577829474
51,0.003056160859613428
52,0.0030655975979211564
53,0.003087259675249808
54,0.0030960590891584826
55,0.003117729680645162
56,0.003137096103602147
57,0.00306963813484002
58,0.003079577184589871
59,0.0030728208288242406
60,0.0030942807140110244
61,0.003188734152918782
62,0.0032085167770537332
63,0.003234283803430255
64,0.003238586855895197
65,0.0032531811396414615
66,0.003259882209851552
67,0.0032785468278150173
68,0.003301650456395029
69,0.0033137919321062498
70,0.0033373018528791753
71,0.0033758499685226638
72,0.003393572426393086
73,0.003379095304408677
74,0.003417567677802105
75,0.003437494687665256
76,0.00345107986677386
77,0.0034792271451668786
78,0.0035120598823700265
79,0.003516091132144158
80,0.0035323064329625294
81,0.0035530638699007716
82,0.0035816831844359127
83,0.00361550898930417
84,0.0036345452815369737
85,0.003646195039901131
86,0.003665202676610888
87,0.0036870333435114503
88,0.0037017795525812625
89,0.003699872669475297
90,0.0037508744286249528
91,0.0037499879433066934
92,0.0037606396536634164
93,0.0037973125173852568
94,0.0038108292766527454
95,0.00382480968124654
96,0.0038470063021536992
97,0.003877070229710261
98,0.003907418485344193
99,0.003932386165492037
100,0.00395322621104951
