1,2.843974
2,3.229713
3,3.7234746666666667
4,4.087915
5,4.468900666666666
6,4.876559333333333
7,5.2542145
8,5.855174
9,6.2872955
10,6.6592785
11,7.15783
12,7.599546
13,8.0577345
14,8.5536125
15,9.0328725
16,9.661633
17,10.112579
18,10.465803
19,11.301905
20,11.788301
21,12.265882
22,12.788021
23,13.339347
24,13.732455
25,14.241807
26,14.690428
27,15.114462
28,15.59775
29,16.095052
30,16.640246
31,17.626874
32,18.067832
33,18.476587
34,18.911331
35,19.346394
36,19.8837
37,20.399796
38,21.424046
39,21.912926
40,22.303205
41,22.86625
42,23.176487
43,23.613265
44,23.749315
45,24.382481
46,24.969274
47,25.556345
48,25.723357
49,26.385339
50,26.813472
51,27.241165
52,27.579612
53,28.13768
54,28.655716
55,29.075262
56,29.277313
57,30.223125
58,30.609361
59,31.206022
60,31.604356
61,32.663335
62,33.103989
63,33.436979
64,33.963832
65,34.341991
66,35.127391
67,35.380165
68,36.051744
69,36.395985
70,36.986469
71,37.582669
72,37.819135
73,38.322562
74,38.72118
75,39.27059
76,39.839771
77,40.557206
78,41.129974
79,41.488779
80,41.904084
81,42.38195
82,42.967862
83,43.280231
84,43.879919
85,44.218608
86,44.571961
87,45.107646
88,45.391978
89,45.86374
90,47.855779
91,47.324053
92,47.673974
93,48.195907
94,49.012239
95,49.521141
96,50.200925
97,50.581018
98,51.427385
99,51.779746
100,51.969735
101,52.496599
102,53.169756
103,53.513533
104,53.988121
105,54.346644
106,54.946487
107,55.190116
108,55.675488
109,56.133936
110,56.684023
111,57.157712
112,57.429564
113,58.010703
114,58.858229
115,59.175331
116,59.557178
117,59.954913
118,60.492159
119,60.906318
120,61.481486
121,62.205109
122,63.160752
123,63.401599000000004
124,63.815788
125,64.187353
126,64.618071
127,65.083437
128,65.517384
