1,3.7789220000000006
2,4.167791333333334
3,5.4531495
4,6.0684785
5,6.794176
6,7.935893499999999
7,8.606192
8,9.3741305
9,10.576013
10,11.295652
11,11.985601
12,13.270187
13,14.400389
14,15.359003
15,16.497066
16,17.333018
17,18.072775
18,19.200842
19,19.973116
20,20.640027
21,21.848646
22,22.605183
23,23.299437
24,24.594497
25,25.307848
26,26.577477
27,27.912669
28,28.710007
29,29.315476
30,30.546576
31,31.226936
32,32.363866
33,33.262517
34,33.892703
35,34.991061
36,35.739363
37,36.490925
38,37.988272
39,38.869091
40,39.687633
41,41.474812
42,42.029666
43,42.82193
44,43.977158
45,44.684405
46,45.44035
47,46.518827
48,47.361158
49,48.048943
50,49.161459
51,50.312955
52,51.029524
53,52.292566
54,53.240499
55,54.109628
56,55.080143
57,55.939566
58,56.663789
59,57.734194
60,58.508213
61,59.534467
62,60.553414
63,61.428381
64,62.77996799999999
65,63.485413
66,64.198773
67,65.475921
68,66.214064
69,67.043903
70,68.369053
71,69.061884
72,69.793265
73,70.672116
74,71.489621
75,72.392089
76,73.798085
77,74.769768
78,75.657118
79,76.56965
80,77.447719
81,79.020689
82,79.979899
83,80.859508
84,81.458707
85,82.399478
86,83.477636
87,84.211179
88,85.552354
89,86.438274
90,87.327745
91,88.293339
92,89.137375
93,90.155534
94,91.228366
95,91.757958
96,92.879547
97,93.963107
98,94.586022
99,95.581011
100,96.388266
101,97.568057
102,98.61818
103,99.543571
104,100.371839
105,101.180799
106,101.936266
107,103.099424
108,104.336582
109,104.901458
110,105.809964
111,106.668452
112,107.717302
113,108.73521
114,109.723076
115,110.638132
116,111.43432
117,112.374432
118,113.443623
119,114.388561
120,115.294392
121,116.514432
122,117.333627
123,118.468377
124,119.04359
125,120.163111
126,121.311906
127,122.089078
128,123.012899
