1,4.194484
2,6.665836
3,9.5797955
4,12.175658
5,14.514583
6,17.346779
7,19.909875
8,22.264116
9,25.210891
10,27.355023
11,30.455719
12,32.99402
13,35.294154
14,38.710443
15,40.813696
16,43.023798
17,45.68384
18,48.151414
19,50.717108
20,53.47346
21,55.822448
22,59.024668
23,61.420796
24,63.88234899999999
25,66.496632
26,69.251605
27,71.452071
28,74.260608
29,76.684002
30,79.194626
31,81.817414
32,84.387031
33,87.179673
34,89.668858
35,92.214043
36,94.682874
37,97.47291
38,99.817862
39,102.594068
40,105.006868
41,107.79667
42,110.214901
43,112.715439
44,115.714042
45,118.259294
46,120.607664
47,123.303204
48,125.90369699999998
49,128.201418
50,131.168539
51,133.625632
52,136.278549
53,138.754127
54,141.242084
55,143.942678
56,146.641584
57,149.057461
58,151.8045
59,154.363455
60,156.951473
61,159.117035
62,161.965348
63,164.586143
64,167.16265
65,169.468395
66,172.277291
67,175.040123
68,177.585848
69,180.422782
70,182.700533
71,186.332821
72,187.884997
73,190.410263
74,193.067128
75,195.371974
76,198.10744
77,200.58058
78,204.579547
79,205.847311
80,208.417481
81,211.161653
82,213.678649
83,215.92981
84,218.553226
85,220.990768
86,223.615085
87,226.140134
88,229.11082
89,231.914064
90,234.625684
91,237.052558
92,239.560322
93,241.93948
94,244.590422
95,247.50557
96,249.959288
97,252.14991599999996
98,254.688945
99,257.459654
100,259.857109
101,262.526675
102,265.184462
103,267.923047
104,270.728471
105,273.495258
106,275.811031
107,278.086222
108,280.567023
109,283.076799
110,285.939077
111,289.907536
112,291.098318
113,293.553421
114,296.087265
115,298.644415
116,301.234621
117,304.091548
118,306.663416
119,309.02335
120,311.689903
121,314.760785
122,317.282959
123,319.349264
124,322.545377
125,324.383101
126,326.842604
127,330.104249
128,332.136529
