1,10.819599
2,18.471788
3,25.936972
4,33.763132
5,41.337319
6,49.207299
7,57.122967
8,64.470457
9,72.300337
10,79.865553
11,87.303966
12,95.474885
13,103.402163
14,110.384145
15,118.621048
16,125.94344900000002
17,133.879797
18,141.374111
19,149.030323
20,156.598469
21,164.108297
22,172.50972
23,179.45892
24,188.222985
25,196.204589
26,203.116681
27,211.166262
28,218.62361
29,226.452108
30,233.903453
31,241.945472
32,249.399024
33,258.373479
34,265.293073
35,273.907488
36,280.223419
37,287.346368
38,295.471475
39,304.371897
40,312.514125
41,319.674976
42,326.513161
43,335.008017
44,342.930183
45,350.932735
46,360.052463
47,366.679331
48,373.910901
49,381.164793
50,390.581955
51,397.534437
52,406.356041
53,412.500888
54,422.004229
55,428.909704
56,436.803323
57,444.189235
58,451.945602
59,459.928135
60,466.312665
61,474.804007
62,482.618047
63,490.957706
64,498.464784
65,506.338076
66,514.290934
67,522.465104
68,529.046633
69,538.358581
70,544.387213
71,553.806334
72,560.860329
73,569.196336
74,576.084106
75,585.310425
76,593.163671
77,600.131457
78,605.89065
79,614.55273
80,622.867189
81,631.106809
82,639.430763
83,648.148916
84,655.998272
85,662.567909
86,671.58854
87,679.164859
88,686.287485
89,694.790247
90,701.0718
91,708.546108
92,716.331937
93,723.919668
94,734.356472
95,741.355975
96,749.019109
97,756.970648
98,763.359589
99,773.532942
100,780.092234
101,787.498034
102,794.529139
103,803.409111
104,811.221165
105,819.788476
106,827.330437
107,835.601028
108,842.096782
109,850.615186
110,859.288894
111,865.842271
112,875.002733
113,882.503897
114,889.688576
115,895.836874
116,904.101081
117,912.244348
118,920.011657
119,928.237979
120,935.334181
121,942.094691
122,952.776121
123,959.520308
124,966.911105
125,974.449564
126,982.13657
127,990.148669
128,998.96576
