1,0.0016930379270585732
2,0.0017240441321376668
3,0.0017154245642464064
4,0.0016871380933155453
5,0.0017006409184506693
6,0.0017710021201351256
7,0.001720891605598164
8,0.0016791384860928979
9,0.0016898861247330982
10,0.001683862556772172
11,0.0016987478750140664
12,0.0017029323444515713
13,0.001702839594758208
14,0.0017198240557918768
15,0.0017189083969331408
16,0.0018273446039772086
17,0.0018608121687398592
18,0.001964904858002635
19,0.001904066002790816
20,0.0019165687556784512
21,0.0019368546094903623
22,0.0019500447768415116
23,0.0019745190749452515
24,0.0019812345609297
25,0.0019892694247261086
26,0.0020029476077639496
27,0.002008773812390997
28,0.0020635890683618177
29,0.0020375766910668293
30,0.002055279824801533
31,0.0022067965166908564
32,0.0022581962058479533
33,0.0022741858870210362
34,0.0023057938108747046
35,0.002297889317858835
36,0.002344111636420525
37,0.0023361354318151765
38,0.0023539625910990185
39,0.002402371948271116
40,0.002390696745841505
41,0.0024044168570860865
42,0.0024207771918424467
43,0.0024340324096580783
44,0.0024542184442629643
45,0.002473464699350169
46,0.0025843690092959204
47,0.00263299865541644
48,0.0026651944380133396
49,0.002693042093720504
50,0.0027164117174422503
51,0.0027215875611523825
52,0.0027305639375510573
53,0.0027470025818675417
54,0.0027680680545454552
55,0.002780511346518714
56,0.002799661372321945
57,0.002915412048011552
58,0.0029251379119550093
59,0.002931867327152638
60,0.002936833928137897
61,0.0029485419534628745
62,0.0029699090948090948
63,0.003009934078040103
64,0.0030108811221419974
65,0.003029891633869156
66,0.0030513679322503465
67,0.0030718314559654582
68,0.003089124883423826
69,0.003104892913007244
70,0.003119463467970157
71,0.0031309412434761177
72,0.0031395303031887083
73,0.003151511301657227
74,0.0032002904771937218
75,0.0031792512443079538
76,0.003194574138158328
77,0.0032071286107062404
78,0.0032253622716362186
79,0.003242291290517011
80,0.003253799445676274
81,0.0032669021619073273
82,0.0032802926661610102
83,0.003298876638129733
84,0.003313986447553605
85,0.003337772164841975
86,0.0033600615868055552
87,0.0033751716562064158
88,0.0033877403749300507
89,0.003400928046814773
90,0.003412765094600699
91,0.0034262964635780268
92,0.003432622662857143
93,0.0034471244519683236
94,0.0034619363240853
95,0.0034773750753985346
96,0.003500177848559432
97,0.003516698830026887
98,0.0035349522795243998
99,0.0035490445082288543
100,0.0035687118835412957
101,0.0035928504767580457
102,0.003596279896181594
103,0.003598938226482924
104,0.0036255032349645122
105,0.0036543295044875177
106,0.0036849011098441654
107,0.0037108681357398933
108,0.0037298921647819067
109,0.003761437457311394
110,0.003786939562157936
111,0.003809644225329981
112,0.0038255872841939293
113,0.0034051570183453997
114,0.0034025326804268453
115,0.0034092959864509436
116,0.0033949522324244765
117,0.0033903254215940115
118,0.0033862609514821026
119,0.003392825895856662
120,0.0034040437517551246
121,0.0034311601686592154
122,0.0034545534325458216
123,0.003490464013678906
124,0.003529044526239067
125,0.003553676829404007
126,0.003571162760261749
127,0.00359896965847813
128,0.003623364130029111
129,0.0036484412731237785
130,0.0036679637972768533
131,0.003697599306032182
132,0.0037184202448355018
133,0.003726710309086395
134,0.003750216920389319
135,0.003764661041779707
136,0.0037911545117477164
137,0.003806350770622002
138,0.0038240836677462687
139,0.00383734297314426
140,0.0038523512941101034
141,0.003867188505954364
142,0.0038871743700992526
143,0.0039017052885624457
144,0.00392098658615397
145,0.003944787860048821
146,0.003969033648803671
147,0.004005776382702439
148,0.0040990313677452045
149,0.004302693055947344
150,0.00442410318293908
151,0.004488767582666194
152,0.004556903994736347
153,0.004820005341349499
154,0.004930444039634146
155,0.005103048851414694
156,0.005225748154922002
157,0.005333161750823272
158,0.005738186475476605
159,0.006253102257358564
160,0.007076956263672159
161,0.007748093474966939
162,0.008145786229205174
163,0.008669651125401929
164,0.00926564258515117
165,0.009674973994713211
166,0.01015386289512246
167,0.010599049486675402
168,0.010830108897324353
169,0.011016875476889216
170,0.0110288772001824
171,0.01109469337764209
172,0.01107984031664212
173,0.011092691128111443
174,0.011189010675826215
175,0.01129833122648608
176,0.011388901446336044
177,0.011440526507067372
178,0.01150822353150166
179,0.011661928258863941
180,0.011819928907936166
181,0.011869736335071648
182,0.011963126963129997
183,0.012018104865102896
184,0.012048157360219369
185,0.012112491639590101
186,0.012323520780204069
187,0.012506905432972521
188,0.012629018741859857
189,0.012746020485564306
190,0.012885382545950303
191,0.013067445875275224
192,0.01320777792436236
193,0.013377896342994005
194,0.013504200556328234
195,0.01363306532101481
196,0.013790398136506512
197,0.013903571937251068
198,0.014044511612149532
199,0.014157675723871888
200,0.01430513557748969
201,0.014379959834527722
202,0.014458704029543261
203,0.014571533540076335
204,0.014684492102874433
205,0.014804058486660535
206,0.015020554226660474
207,0.01523409507142857
208,0.015400944400592009
209,0.01552508438446014
210,0.015666503557692307
211,0.01577726638902499
212,0.015886050174042765
213,0.015992378242574254
214,0.016094040797297714
215,0.016185196903949296
216,0.016304976904176902
217,0.01640400163690476
218,0.016526286640625002
219,0.016746133288000196
220,0.016879325903614458
221,0.0169845608873024
222,0.01706952978072412
223,0.01718874368447329
224,0.017348697914466735
225,0.01741659470468432
226,0.016610831343669252
227,0.016681107688200747
228,0.016768041926945473
229,0.016839130627306274
230,0.0169168304964539
231,0.016973972409392545
232,0.01703315416666667
233,0.017108768941294532
234,0.017184643004338397
235,0.01725862688533058
236,0.01731559375336565
237,0.01738487650666667
238,0.017468892542016803
239,0.017582087100157316
240,0.017699570882352942
241,0.017803251137624862
242,0.017938395239361707
243,0.018056463469284995
244,0.0181537052631579
245,0.018248417054483546
246,0.018314645875978326
247,0.018392326475455047
248,0.018486441726420298
249,0.01859084699716714
250,0.01868294278406031
251,0.01879223246187364
252,0.018908177871621624
253,0.019015149825174826
254,0.019102420798201236
255,0.019186430820033018
256,0.01927307407948568
257,0.01936993127853881
258,0.019476760967379075
259,0.019579159438618137
260,0.019683605307424596
261,0.019723304807692306
262,0.0197363100808781
263,0.01976868320022818
264,0.01988911968599034
265,0.01996604515839809
266,0.02004682843137255
267,0.02013451643397324
268,0.020222074096045196
269,0.020303060214741726
270,0.02038107220902613
271,0.02047671382562604
272,0.020546226712723086
273,0.020606529918509895
274,0.020674214745862885
275,0.020728523048555627
276,0.02081299085798816
277,0.02089286105163728
278,0.021001110283454184
279,0.021141431185094685
280,0.021292859431224612
281,0.0214323475414874
282,0.021537181006097562
283,0.0211847432986337
284,0.021255867682539686
285,0.021327252620481924
286,0.021394172161505767
287,0.02146353622931442
288,0.021519506472004818
289,0.02157764470260223
290,0.02165066644854253
291,0.021713855077658304
292,0.021786697400126825
293,0.021841190017931864
294,0.021916841942009442
295,0.02199411013384321
296,0.022060524545454548
297,0.022114237735849057
298,0.022198137062499998
299,0.022290815405735208
300,0.022388090920634922
