1,0.0031531871338912137
2,0.003159052113874345
3,0.003159609129581152
4,0.0031605117602824823
5,0.0031508855437578313
6,0.0031542009949761863
7,0.0031473914697729673
8,0.0031610315235438666
9,0.003187166142155874
10,0.0031626545328307877
11,0.003188096197581175
12,0.003155954016420361
13,0.0031663098030821914
14,0.003173253784978881
15,0.0031532512722729964
16,0.003161483649102033
17,0.00320162006709158
18,0.003165334299644222
19,0.0031644238669301713
20,0.003174988897058824
21,0.003145717098681219
22,0.0031568611940826475
23,0.003195385986055777
24,0.0031558459187790654
25,0.0031696731458976547
26,0.0031641766697133905
27,0.0031915744786824283
28,0.0031708093754109147
29,0.003164290481020943
30,0.0031620608077884485
31,0.003175424606637578
32,0.003194004986017243
33,0.0031794818551050055
34,0.003188767297297297
35,0.0031851278278145698
36,0.003194426893888516
37,0.003146018114953779
38,0.0031623426945595686
39,0.0031674475157336865
40,0.0032081326825523955
41,0.0031592669949705213
42,0.0031659301755666666
43,0.003162701095369277
44,0.0031852125950664638
45,0.0032277560587680274
46,0.0031929118451785123
47,0.00320903122078269
48,0.0032492234007525864
49,0.003356380615640599
50,0.003363292938891587
51,0.0032908521325079924
52,0.0033493491690901535
53,0.0033711983567748225
54,0.003385228019019649
55,0.0033826921483554925
56,0.0033881011479770405
57,0.003388324818054584
58,0.0033971046713894932
59,0.0033989234009688964
60,0.003404517549157304
61,0.003403079660658969
62,0.003417809211826136
63,0.003409149069177068
64,0.0034077210652388333
65,0.0034137529797335603
66,0.0034143053156966484
67,0.0034263578467411283
68,0.003422365389513903
69,0.0034233897539244808
70,0.003430112705149972
71,0.00343110547794639
72,0.003424327977074932
73,0.0034432121281138786
74,0.0034331879688832053
75,0.0034380656018331087
76,0.0034406866552973785
77,0.003768981576902153
78,0.0037839904776771774
79,0.003784025396140571
80,0.003790848179095065
81,0.003794214293567894
82,0.0037918211237274865
83,0.0037947325656343344
84,0.0037988003698748727
85,0.003812828767447363
86,0.0038086978058772553
87,0.003819655215329909
88,0.003836253906435526
89,0.003820187405033238
90,0.003847269624573378
91,0.003871353872873912
92,0.003914080094652537
93,0.0039195967094638245
94,0.003929145647837978
95,0.003954224917795607
96,0.004022339980043239
97,0.0041347007357997526
98,0.0041486544957732045
99,0.00415550465872906
100,0.004160504319663693
