1,0.0031332373918741803
2,0.003123219148176982
3,0.0031539923538230884
4,0.0031252955062422375
5,0.0031412539733385097
6,0.0032069035740383976
7,0.0033289477979631154
8,0.003401817830765984
9,0.003423297746807275
10,0.003433488234252108
11,0.0037919174302554035
12,0.00383896516902858
13,0.004141990516884906
14,0.004177304265770425
15,0.004193566043708264
16,0.00454196820952917
17,0.004568371190116936
18,0.0048335950890635885
19,0.004907449003742289
20,0.004933376027619151
21,0.005264713484123531
22,0.005316392085936645
23,0.005576192986998045
24,0.005630344102235677
25,0.005675096646769662
26,0.005994608917079207
27,0.006046538359326263
28,0.006231326683804627
29,0.006336212232524283
30,0.0063989499471039405
31,0.006699537033504068
32,0.006779905334081976
33,0.006870447632120797
34,0.007058848354489893
35,0.007119630148573109
36,0.0074271414522513604
37,0.0074942574976787375
38,0.007601509944432062
39,0.008473272048903878
40,0.009955108395398997
41,0.010792624194129937
42,0.012943960443376068
43,0.013506069415730336
44,0.015034863975828944
45,0.016418283525033828
46,0.017227256038531025
47,0.017454207368799424
48,0.017639397888563044
49,0.017927261373707534
50,0.01831773787324802
51,0.018573701167240716
52,0.018871208134422113
53,0.01900549829478636
54,0.019115637150177375
55,0.019399687959974175
56,0.019570226464041093
57,0.01980194085340956
58,0.020288798341597917
59,0.02056501174863388
60,0.02095966011974891
61,0.02182362869385852
62,0.02421595091254753
63,0.026618131653543306
64,0.0277102324691358
65,0.02826391466666667
66,0.029078058376511225
67,0.029796796869639795
68,0.03018375471861472
69,0.030696186554982817
70,0.031220588114035087
71,0.0317397235581189
72,0.03191516430664063
73,0.03257524542124542
74,0.03296653934126258
75,0.03327041592554291
76,0.03381721204311153
77,0.03438883581016299
78,0.03487642300884956
79,0.03526388390243902
80,0.035817010273972605
81,0.03624085014423077
82,0.03683262841475573
83,0.03719280071794872
84,0.03758704400417101
85,0.03802820835945664
86,0.03844522845188284
87,0.03888085334378265
88,0.039321136945031705
89,0.03974845978494623
90,0.040159442997811816
91,0.040553338550884964
92,0.040898304590707965
93,0.041201839210233585
94,0.041639116939890704
95,0.04213055656732892
96,0.042602492294713155
97,0.04307146803468208
98,0.04352306410861865
99,0.043966693561484915
100,0.044387563566350714
