1,0.003215509090909091
2,0.003156006711170386
3,0.003149068647016346
4,0.003198462328264639
5,0.003175052155370383
6,0.003141399520462458
7,0.003163823182730923
8,0.003137753608962919
9,0.0031868445585215605
10,0.003173626146245059
11,0.003160443032329989
12,0.0031938008841546316
13,0.0031829165395259986
14,0.003139406723353767
15,0.0031615017608409984
16,0.003183893580613254
17,0.0031483401783389746
18,0.0031592509481404045
19,0.003146961818181818
20,0.003160712162612463
21,0.0031817170232313952
22,0.0031622339182249145
23,0.0031618159710811704
24,0.0031746864492133505
25,0.003159683403333771
26,0.003159563920005272
27,0.00318300529357374
28,0.003161701080155438
29,0.0031690130412034014
30,0.0031512539798538414
31,0.0031796741182730562
32,0.0031928519287445153
33,0.0031548607236928754
34,0.003149098685577048
35,0.003184828698418946
36,0.0031424195157157527
37,0.0031456539438283354
38,0.003147929002753737
39,0.003193461065818254
40,0.0031427677942140065
41,0.0031486327453432504
42,0.0031718312462947103
43,0.003156001141221859
44,0.003170575403730803
45,0.0031645578767573257
46,0.0031646508899143048
47,0.003142525253957784
48,0.0031822934507229074
49,0.003183731459807429
50,0.0031544890209653192
51,0.003161841085009328
52,0.0031515587692812607
53,0.0031559248304288837
54,0.003148717807322025
55,0.0031538273048941803
56,0.003169687159301402
57,0.0031514498758413376
58,0.003163628221768349
59,0.003145532247981245
60,0.0031454547619047617
61,0.0031575220573656733
62,0.0031912032708624897
63,0.0031800365205407535
64,0.003138886959517092
65,0.0031964629809289654
66,0.0031696452674897114
67,0.003187268967232688
68,0.003150925512281623
69,0.003143400581961592
70,0.003176627487824141
71,0.0031625876409651196
72,0.0031891268365565406
73,0.0031619236908643294
74,0.003200946579108125
75,0.003176418260494727
76,0.0031894285460409397
77,0.00317767776164709
78,0.0031623082329583054
79,0.0031939205788740804
80,0.0031503750793231097
81,0.003186358991446191
82,0.003159299394197394
83,0.003184241475095785
84,0.0031859514538936464
85,0.003159966120973044
86,0.0031766782651006715
87,0.0031586230705859097
88,0.0031787433211192544
89,0.003163871151431026
90,0.0031552611854243546
91,0.0031980367619148043
92,0.0031595569773537435
93,0.0031421562564901352
94,0.0031812589344313
95,0.003172814431477159
96,0.003197853905313624
97,0.0031526985150475183
98,0.003154399477226688
99,0.003189662558615679
100,0.003157114675834971
