1,0.003993126725169526
2,0.004128799120516696
3,0.004219912385760293
4,0.00480643807544757
5,0.00497270202680344
6,0.004968903550784474
7,0.0057443017884468255
8,0.005800692708132123
9,0.00585406614004291
10,0.006735008970621216
11,0.006617136808463744
12,0.0067113575598284686
13,0.007449906012893627
14,0.007586442974475613
15,0.007651244375959344
16,0.008585488079364899
17,0.008701708993109054
18,0.00883542622902561
19,0.00979054669057711
20,0.009912933694938328
21,0.010071711362201918
22,0.010597885889508546
23,0.010518748129834297
24,0.010963238095464489
25,0.011418854262565668
26,0.011802798449917036
27,0.011977207027240425
28,0.012677267535744323
29,0.012886379294217685
30,0.013049684878863826
31,0.01400980201252236
32,0.014542246492048643
33,0.014946447276995305
34,0.015127001380439872
35,0.015318922619611557
36,0.01574064964063249
37,0.01620469114977307
38,0.016382712658536587
39,0.016847799873289406
40,0.017195547826086958
41,0.017571550945324477
42,0.01771285272774061
43,0.0178454866628506
44,0.018771398788368334
45,0.018800453934689508
46,0.01910778068493151
47,0.01975825365439093
48,0.019957039944444442
49,0.020437796131639725
50,0.021120458030040444
51,0.02180299239260143
52,0.022300135065710873
53,0.022488642337507456
54,0.02294379598321343
55,0.023247543392204632
56,0.024353546632456702
57,0.02481501934116112
58,0.025227578789769185
59,0.0257354798578199
60,0.02585324432186892
61,0.02614170101373447
62,0.026887291209893048
63,0.02768788968092328
64,0.028072610650069156
65,0.028154803891184577
66,0.02842780709833795
67,0.028353365282623867
68,0.02920019525316456
69,0.029719328843441466
70,0.03021740977713875
71,0.030672101046176053
72,0.030906454452830183
73,0.03125132831825038
74,0.03144279713967311
75,0.032286236638909914
76,0.03230748396591789
77,0.03281763663826491
78,0.03329905625494854
79,0.0336283329153605
80,0.03427245068273093
81,0.034475952988047814
82,0.03482046692946058
83,0.03612741030377669
84,0.03700399908940398
85,0.03763652672268908
86,0.03842866658312448
87,0.039484762178387645
88,0.039969582925636016
89,0.0415567756684492
90,0.04189110282258065
91,0.04261141688132475
92,0.043364892134314624
93,0.044024403977272725
94,0.04443632088068182
95,0.04450013367346939
96,0.04494631277939747
97,0.04559671501457726
98,0.04622544925224328
99,0.0466952616733467
100,0.04731204504048583
