1,0.003914362381989832
2,0.003907795719233248
3,0.003908193291995491
4,0.00390924640554481
5,0.0039127327391514765
6,0.003916238694845527
7,0.003917950464458804
8,0.003919180290054132
9,0.003920822982371016
10,0.0039201723806446395
11,0.003917928263327947
12,0.003919435617986598
13,0.0039188695648663925
14,0.003921553044392335
15,0.0039216061443932415
16,0.003927496099829086
17,0.00394168965612028
18,0.003949458681318682
19,0.003958449574325531
20,0.003959624291894539
21,0.004141222623589263
22,0.0041537125190206125
23,0.004212620257458467
24,0.004219190941555613
25,0.004213595047826086
26,0.0042287407527069505
27,0.0042450038202050296
28,0.004269434782991461
29,0.004281487619300106
30,0.0042910210624018275
31,0.0042984211862333345
32,0.004314153139584295
33,0.004321260313353456
34,0.0043228932168642474
35,0.004319276244246261
36,0.004359848833753602
37,0.004381066621315193
38,0.004378441191358582
39,0.004403496878696879
40,0.004404105836894263
41,0.005644544046094751
42,0.005678320505749824
43,0.005685828374251145
44,0.005681922460364064
45,0.0056587131591227255
46,0.005659655348399245
47,0.00566270292898851
48,0.0057488940942545105
49,0.005673110722228726
50,0.005657571859084814
51,0.005662068331762489
52,0.005667604474821824
53,0.005657737973650462
54,0.005670908514874677
55,0.005652298932944606
56,0.005659015536987262
57,0.00567750171301185
58,0.005658062853966768
59,0.005671344956011731
60,0.005661736723593403
61,0.005852595770483891
62,0.005857280588448526
63,0.0058870777737270626
64,0.005879791932548829
65,0.005876767739003999
66,0.005889386501863841
67,0.005889636718648005
68,0.005891659332524271
69,0.005899541589703281
70,0.005897964800628559
71,0.005899183906464924
72,0.00590452862197759
73,0.00590572269956744
74,0.005907378544739429
75,0.005907671626671912
76,0.005918168332347724
77,0.005924317320970606
78,0.005925110034263338
79,0.005925520315893385
80,0.005944828945111491
81,0.00721404571222676
82,0.007213125564090254
83,0.0072285240486512515
84,0.007222243231546044
85,0.007210660559155269
86,0.0072121993757503005
87,0.007221154507211539
88,0.007221768105313778
89,0.007218409348714252
90,0.007221427621452621
91,0.00721243588235294
92,0.007209758541266795
93,0.00722065391826923
94,0.007211410012004801
95,0.007214267879442844
96,0.007219685484258591
97,0.007222129581529581
98,0.007215595939452187
99,0.007214837283861673
100,0.007217910814708002
