1,0.004308910533104042
2,0.004399265536005804
3,0.004404569807552649
4,0.004787775880478088
5,0.004847637672327673
6,0.004877123797250859
7,0.0060053762356001485
8,0.006031498296655477
9,0.006040227710693391
10,0.006039206086519115
11,0.006582688250109506
12,0.006620092074910611
13,0.006634174035567716
14,0.007857923220826794
15,0.00786028586017282
16,0.007893190507494081
17,0.008140234685179517
18,0.008310336734976461
19,0.008367644885730212
20,0.00830903957303471
21,0.009627720766516999
22,0.009682580838709676
23,0.009743490974025975
24,0.0100124841227485
25,0.010077535742471446
26,0.010104725471380473
27,0.011236233314034276
28,0.011329585146903676
29,0.011352943054809338
30,0.011459120267175573
31,0.01196358395228726
32,0.012022913416887373
33,0.012141202850498887
34,0.014135801643518516
35,0.014343842746350366
36,0.014491766517436382
37,0.014535252372262773
38,0.014538893421686749
39,0.014652160410895662
40,0.014746464519852263
41,0.015713720993667808
42,0.015999511801845556
43,0.01621075476190476
44,0.016464537457212713
45,0.016525269188651066
46,0.016635201071250622
47,0.017707193324396783
48,0.01796787962962963
49,0.01823719460569551
50,0.0183764616702938
51,0.018554534011943537
52,0.018641089073379757
53,0.018852363342857142
54,0.01999870973019518
55,0.020537844803695148
56,0.020832618922018348
57,0.021159406981460023
58,0.02138777098163031
59,0.0216018483410943
60,0.021835125351288055
61,0.023004511896135265
62,0.02325393672648515
63,0.02356297303891291
64,0.023708124524248007
65,0.023940772576687114
66,0.02406142693726937
67,0.025174145776031432
68,0.025669218959842
69,0.02585189980224126
70,0.02603452891803279
71,0.026361858229098093
72,0.026533696550569322
73,0.026616873879076085
74,0.027605779090291917
75,0.028045609196980095
76,0.028287437587904356
77,0.02843107059030218
78,0.028603948734177216
79,0.02889272757863935
80,0.02896889720229556
81,0.030006334130434777
82,0.030241845377218936
83,0.03060469610194902
84,0.03078287144461078
85,0.03096458343087052
86,0.03125659803476947
87,0.03225448917995445
88,0.0330645715
89,0.03368958633491311
90,0.03463850582329318
91,0.0355006716342083
92,0.03631367637182637
93,0.03704347011686144
94,0.038075302025862075
95,0.03885133976377952
96,0.03938540882352941
97,0.039682375869759146
98,0.040017706566104705
99,0.040157922495446266
100,0.040501874102333926
