1,0.004292346957905908
2,0.005798601370921027
3,0.0060777138562753035
4,0.007391184366543667
5,0.007627771385826772
6,0.008982394323022782
7,0.00928269426464956
8,0.011436421515252588
9,0.01177151774983362
10,0.01314084503064799
11,0.013288161940298507
12,0.014916499136690652
13,0.015053037136038184
14,0.016879291602858604
15,0.01701977970041322
16,0.018566096679579414
17,0.01894639461454347
18,0.02058439702416029
19,0.021016289306698004
20,0.0225681490700558
21,0.023785695495495494
22,0.02451633565737052
23,0.025664996945779
24,0.026457718723554305
25,0.027864791872278655
26,0.028746173869532987
27,0.03010690929878049
28,0.031039038212334114
29,0.03261485303398058
30,0.03362030382424734
31,0.035003240518707485
32,0.03574512214225233
33,0.03713183059768063
34,0.03772949077407741
35,0.039218992863805965
36,0.039805422096317274
37,0.04135118355834137
38,0.041990419705882354
39,0.043412427125506074
40,0.043682180793060715
41,0.04548148243953733
42,0.046682976537216835
43,0.04861907632432432
44,0.05072462036830357
45,0.05222212142857143
46,0.05490952192982457
47,0.05693329067695961
48,0.058474970873205745
49,0.05942809357405141
50,0.060797714987562194
51,0.06172889321608041
52,0.06325140187096774
53,0.06424887981888747
54,0.06553423984063744
55,0.0666226797188755
56,0.06708063304278923
57,0.06901224779614325
58,0.07041765810055867
59,0.07133066038135592
60,0.07271269644927536
61,0.0736947363086233
62,0.07504193188512516
63,0.07623050915915915
64,0.07747100922256098
65,0.07871595354938274
66,0.07987068045525902
67,0.08116319100946373
68,0.08234620440705127
69,0.0837184534090909
70,0.08492614162561575
71,0.08611391980033277
72,0.08715926566164155
73,0.08851748764906305
74,0.08964317495726494
75,0.0909720243881119
76,0.09216374509632223
77,0.09352571399286987
78,0.09472719104882459
79,0.09597950192307693
80,0.09723508302752293
81,0.0986184789719626
82,0.09979308386792454
83,0.10096730076190477
84,0.10215735240384616
85,0.10319836138132296
86,0.10454000900195695
87,0.10566603660714287
88,0.10708371392785568
89,0.1081746292929293
90,0.10960147122448978
91,0.1107260703125
92,0.1120561212655602
93,0.11333533773584906
94,0.11474310521276596
95,0.11597137377398721
96,0.11712281374458874
97,0.11847646319290467
98,0.11985501456953643
99,0.12091168574561405
100,0.12220684643652559
