1,25.341633
2,27.658175
3,31.149924
4,34.610276
5,38.465803
6,43.238212
7,47.33686
8,53.153732
9,60.610066
10,62.55203000000001
11,69.883955
12,75.546412
13,82.79464
14,72.838077
15,90.143603
16,96.902187
17,102.098025
18,80.422925
19,98.80434
20,116.72866
21,106.111788
22,122.155389
23,137.857694
24,111.185966
25,109.908721
26,98.302592
27,86.480078
28,142.343397
29,141.6274
30,100.845291
31,111.412066
32,106.261048
33,124.437955
34,89.631059
35,144.468486
36,124.249977
37,135.72254
38,147.06146
39,98.317198
40,127.567429
41,138.648946
42,137.478289
43,127.21038800000001
44,113.476112
45,115.725808
46,138.415866
47,135.274625
48,143.322333
49,148.574231
50,130.832826
51,131.766381
52,139.238199
53,155.433299
54,140.106608
55,140.906841
56,143.723159
57,160.875317
58,146.76161
59,167.407479
60,156.834582
61,156.582469
62,173.178154
63,177.33193
64,177.743149
65,178.770312
66,182.393724
67,170.629734
68,173.753623
69,174.634784
70,184.955581
71,182.649465
72,184.874496
73,195.832649
74,195.774453
75,192.788358
76,193.218281
77,197.887701
78,197.993962
79,200.874337
80,203.23961
81,207.169856
82,210.688896
83,213.523605
84,215.385511
85,219.019237
86,219.116129
87,221.329016
88,223.417785
89,225.776888
90,229.140843
91,233.09814
92,235.90032
93,240.471731
94,240.597226
95,244.493199
96,244.899438
97,245.888579
98,249.582326
99,251.397785
100,253.002807
101,258.862216
102,261.752527
103,264.526713
104,265.412112
105,268.467473
106,270.379847
107,272.972403
108,274.268371
109,276.03866
110,278.148439
111,282.531875
112,285.14949
113,288.303592
114,291.895316
115,294.219802
116,295.941354
117,297.898261
118,299.615154
119,300.659486
120,304.232824
121,309.651048
122,311.367304
123,314.058857
124,316.653064
125,319.632781
126,321.422374
127,322.912638
128,325.717179
