1,24.760198
2,34.528058
3,45.771887
4,58.460788
5,67.607665
6,83.296944
7,93.80792
8,91.160255
9,90.247526
10,91.942802
11,137.298342
12,108.146986
13,111.695152
14,120.394221
15,92.143269
16,101.662404
17,130.747057
18,108.647657
19,114.065154
20,119.445081
21,158.08407
22,142.059211
23,139.110347
24,154.549612
25,151.046708
26,168.312329
27,166.299186
28,169.400173
29,185.940426
30,181.572621
31,189.705674
32,197.099448
33,203.016369
34,209.973231
35,213.903998
36,220.37838
37,228.280536
38,232.059625
39,237.935981
40,243.527365
41,250.60593800000004
42,257.159916
43,262.435539
44,269.597444
45,276.175876
46,280.871959
47,288.230678
48,293.138645
49,297.904941
50,304.284323
51,313.105377
52,319.061495
53,324.316913
54,331.630887
55,336.884283
56,341.292812
57,349.113053
58,354.968962
59,359.817041
60,367.913667
61,373.688408
62,379.767443
63,385.591006
64,391.818322
65,396.803678
66,404.138221
67,409.896171
68,416.225285
69,420.07086
70,425.718624
71,433.295553
72,439.766871
73,447.209668
74,452.41304
75,459.548053
76,464.953149
77,469.161572
78,476.435001
79,481.698092
80,486.976386
81,497.069567
82,502.855001
83,509.377141
84,513.00602
85,519.757979
86,525.526108
87,536.434172
88,541.295808
89,549.258552
90,556.827365
91,560.951304
92,567.629259
93,575.461099
94,577.920913
95,584.33936
96,593.722598
97,600.926142
98,605.080828
99,611.032157
100,614.8085
101,625.305614
102,632.514478
103,637.948461
104,643.033234
105,650.2752
106,656.280021
107,662.969602
108,670.35595
109,673.936536
110,678.806866
111,686.587277
112,693.307729
113,697.687891
114,707.893327
115,710.687648
116,719.139955
117,724.28362
118,729.97152
119,737.811977
120,741.326817
121,749.10829
122,755.187926
123,760.260262
124,767.038817
125,772.812827
126,778.750105
127,788.217253
128,795.425061
