1,20.254101
2,30.14654
3,40.793966
4,51.919235
5,57.922298
6,72.385166
7,84.528901
8,95.860143
9,81.889767
10,113.962018
11,84.738535
12,86.768913
13,112.19465
14,104.98583
15,113.267725
16,135.102602
17,100.760564
18,106.557426
19,119.253683
20,126.00034700000002
21,116.670059
22,120.601607
23,140.814658
24,131.061165
25,135.593866
26,144.95396
27,166.636652
28,171.125205
29,159.990555
30,179.702342
31,170.185214
32,178.23828
33,180.902867
34,186.366348
35,194.366557
36,198.891942
37,203.459143
38,209.546993
39,215.174892
40,220.892602
41,225.522449
42,230.917287
43,239.981264
44,244.161141
45,247.389168
46,253.416456
47,259.289981
48,266.645118
49,269.968576
50,276.610009
51,282.631643
52,287.955712
53,292.37523
54,297.004282
55,301.480542
56,311.596095
57,314.198092
58,322.290214
59,326.345016
60,334.708813
61,338.283904
62,341.75122
63,347.725885
64,355.706078
65,356.642056
66,363.771544
67,370.19602
68,375.39923
69,383.225315
70,385.809481
71,394.481582
72,400.020792
73,401.939655
74,409.211373
75,414.734945
76,421.933892
77,426.925996
78,431.274176
79,438.366352
80,446.081535
81,447.238377
82,453.048505
83,458.126521
84,464.055729
85,469.035382
86,477.222567
87,482.004
88,491.289449
89,490.11863
90,495.527541
91,502.796743
92,509.792644
93,514.495812
94,519.997357
95,525.023195
96,534.977108
97,536.293115
98,543.533743
99,549.703675
100,554.779654
101,561.597289
102,567.60786
103,568.71176
104,584.33587
105,584.58677
106,590.659799
107,596.719241
108,604.667977
109,610.965716
110,615.243433
111,621.305754
112,632.17751
113,629.358627
114,634.665245
115,642.582653
116,653.007719
117,657.563783
118,659.384942
119,666.535401
120,673.96672
121,676.949599
122,684.508615
123,689.45839
124,696.075134
125,699.092322
126,702.372623
127,713.037406
128,722.608541
