1,19.702304
2,24.313716
3,30.080674
4,36.006643
5,39.949847
6,48.829932
7,55.111338
8,61.344332
9,61.557207
10,71.148409
11,71.847863
12,89.333569
13,81.676821
14,101.531797
15,101.576665
16,115.085171
17,120.697896
18,85.084697
19,86.630902
20,87.604025
21,91.926416
22,100.346172
23,89.845385
24,90.300794
25,142.933772
26,135.633064
27,115.996013
28,111.708505
29,119.270327
30,131.93647
31,126.01781700000001
32,128.380031
33,123.805424
34,120.395773
35,116.039123
36,148.537422
37,118.791642
38,123.02973
39,125.037983
40,156.871257
41,158.709057
42,150.449074
43,152.14967
44,162.900974
45,144.341149
46,148.658423
47,166.463239
48,155.290373
49,173.32849
50,160.255649
51,176.422387
52,168.419551
53,172.385983
54,175.615467
55,176.933004
56,181.799988
57,183.160027
58,186.995966
59,189.65208
60,192.703437
61,204.914523
62,206.326231
63,203.572675
64,207.772494
65,215.571914
66,217.754986
67,215.947909
68,222.425868
69,224.258136
70,227.205
71,230.832965
72,234.107793
73,236.400982
74,241.394298
75,241.756586
76,246.180032
77,248.533998
78,253.46781499999997
79,256.598382
80,258.871825
81,263.028884
82,267.48683
83,271.524363
84,274.466779
85,276.856112
86,279.583305
87,282.639373
88,288.452717
89,288.570605
90,293.94972
91,295.135044
92,301.165091
93,303.907769
94,307.101619
95,307.308489
96,312.799137
97,314.377444
98,319.794193
99,321.972689
100,323.553463
101,328.792591
102,333.171345
103,336.38778
104,341.601676
105,341.16784
106,346.159609
107,346.158109
108,352.134893
109,355.319328
110,361.600856
111,362.787764
112,365.683235
113,368.849913
114,371.661561
115,373.037431
116,380.593849
117,382.70769
118,381.535036
119,384.515627
120,388.734384
121,393.167559
122,397.134249
123,402.765321
124,404.857205
125,406.973555
126,410.620531
127,410.625475
128,420.880824
