1,22.121743
2,23.85487
3,26.856082
4,28.825792
5,30.815703
6,36.971592
7,38.859318
8,43.53774
9,46.939919
10,48.161912
11,56.143723
12,59.475362
13,64.05408
14,66.065698
15,67.91799
16,74.249336
17,75.733118
18,83.30926
19,85.556675
20,73.721303
21,76.748295
22,94.625577
23,95.916619
24,107.19614
25,91.067817
26,81.402463
27,115.55932
28,83.291401
29,110.514887
30,96.30176
31,123.098685
32,115.495184
33,107.093767
34,131.417553
35,106.951213
36,142.470307
37,119.380114
38,103.676172
39,141.334196
40,89.61908
41,143.942096
42,127.84476599999999
43,121.148876
44,121.272019
45,145.94124
46,111.1285
47,95.980854
48,114.264569
49,97.816868
50,121.78703
51,104.30334
52,143.100145
53,109.159325
54,115.785555
55,145.318581
56,141.881164
57,122.929149
58,119.461915
59,148.444809
60,149.04175
61,119.134767
62,132.241977
63,121.960932
64,132.94271
65,125.713306
66,127.291234
67,128.484045
68,138.1585
69,149.050781
70,161.416602
71,151.665584
72,144.646158
73,148.025922
74,143.03529
75,153.892506
76,159.512862
77,146.554992
78,164.489226
79,163.629291
80,151.127067
81,158.118559
82,160.542101
83,162.283767
84,163.598594
85,165.031197
86,172.17097
87,175.569979
88,169.403094
89,172.479996
90,181.711825
91,175.293284
92,177.116233
93,178.865831
94,180.580893
95,182.995059
96,184.139173
97,186.797951
98,188.444457
99,197.08752
100,190.70828
101,204.200124
102,196.434874
103,202.084119
104,200.136625
105,205.332583
106,209.738038
107,211.106783
108,207.844861
109,215.026959
110,211.356935
111,213.337344
112,214.498133
113,216.066406
114,218.603093
115,221.85991
116,222.37452
117,224.058534
118,225.597437
119,225.548307
120,228.979648
121,235.073944
122,236.585036
123,236.751859
124,238.840336
125,241.08773
126,241.997809
127,244.755167
128,245.931458
