1,16.815056
2,16.241708
3,18.55943
4,20.622116
5,22.187187
6,25.745525
7,28.773379
8,31.692444000000002
9,33.981837
10,35.496054
11,40.752462
12,42.680827
13,45.937624
14,48.286585
15,48.832392
16,54.505543
17,56.804153
18,60.329003
19,62.637808
20,66.944269
21,63.12179
22,71.929459
23,65.864248
24,77.581288
25,75.155374
26,83.082907
27,86.693413
28,82.543171
29,91.690453
30,75.651071
31,90.714326
32,75.596871
33,81.736512
34,83.388852
35,107.645076
36,89.541905
37,82.485792
38,111.094106
39,84.935193
40,122.22758
41,118.658144
42,133.979157
43,90.487958
44,105.03755
45,90.981034
46,136.44667
47,85.0568
48,138.725382
49,85.211924
50,93.311699
51,89.109229
52,95.920015
53,135.147272
54,141.003437
55,95.339224
56,139.452173
57,122.238779
58,107.772539
59,135.90667
60,103.63934
61,102.243595
62,115.981406
63,123.724023
64,124.424262
65,101.66383
66,141.226189
67,127.27545200000002
68,97.469384
69,142.094278
70,95.559586
71,105.231009
72,147.32845
73,96.901831
74,131.616367
75,106.829132
76,146.120986
77,108.222074
78,136.832857
79,101.34085
80,148.644045
81,149.278192
82,149.215607
83,149.754458
84,110.073311
85,119.600579
86,148.144396
87,113.469317
88,119.929913
89,134.805123
90,116.517393
91,119.214498
92,120.536893
93,147.398803
94,125.10069600000001
95,154.525991
96,135.94184
97,156.300744
98,141.119567
99,127.10859299999998
100,139.117036
101,154.655555
102,133.555292
103,134.585913
104,136.38944
105,161.434773
106,138.957575
107,140.125659
108,161.776863
109,163.507682
110,162.25929
111,145.523319
112,163.621793
113,147.356774
114,149.184562
115,149.54799
116,151.130006
117,150.921049
118,166.891357
119,152.343752
120,153.822926
121,157.645913
122,156.882992
123,165.254379
124,158.797804
125,161.114642
126,163.179658
127,163.275931
128,166.122482
