1,25.239676
2,29.740316
3,38.239716
4,48.845475
5,56.242874
6,64.440183
7,80.330266
8,88.440821
9,99.71143
10,79.232347
11,119.573924
12,120.402709
13,88.541894
14,120.122853
15,103.068992
16,124.769902
17,104.672923
18,141.375636
19,144.760537
20,96.098357
21,111.032079
22,120.286927
23,119.614284
24,148.717645
25,115.723783
26,153.917627
27,140.951041
28,153.919686
29,135.188333
30,139.65372
31,145.274029
32,150.23304
33,169.888267
34,171.613549
35,165.260765
36,168.624857
37,182.963321
38,177.443549
39,182.887135
40,191.809724
41,192.447493
42,202.095073
43,202.860784
44,205.845773
45,213.495783
46,219.271506
47,219.795308
48,224.288042
49,227.686402
50,231.53359
51,237.739749
52,242.987281
53,246.553224
54,251.21507300000002
55,255.364486
56,262.365681
57,266.078764
58,270.633302
59,274.884389
60,278.262612
61,285.060306
62,290.872269
63,293.926058
64,299.539367
65,301.875303
66,307.735855
67,314.357115
68,317.093474
69,321.766852
70,326.054635
71,331.366307
72,334.25309
73,340.02125
74,346.331783
75,348.555677
76,354.76611
77,358.883421
78,363.756244
79,367.147485
80,371.713168
81,377.751724
82,382.128957
83,386.116737
84,390.399908
85,395.967424
86,399.08509
87,405.591364
88,409.473874
89,413.387529
90,417.154517
91,423.801383
92,426.903515
93,431.284416
94,436.683186
95,438.884453
96,446.7423
97,450.497484
98,456.527969
99,460.804815
100,463.80927
101,469.557561
102,475.370905
103,479.068475
104,481.318111
105,486.147579
106,490.560089
107,494.985582
108,500.74817299999995
109,504.41680499999995
110,511.813823
111,514.73693
112,518.567263
113,526.315721
114,529.918936
115,531.499019
116,539.611746
117,545.441903
118,546.030347
119,553.513141
120,556.380854
121,562.359233
122,566.357514
123,570.178011
124,576.13634
125,581.029365
126,584.896858
127,592.312224
128,598.096324
