1,24.672163
2,38.207087
3,52.948461
4,68.511975
5,79.98807
6,80.73188
7,81.984791
8,86.426122
9,138.236266
10,92.985944
11,104.890528
12,138.721195
13,132.686512
14,120.855215
15,145.848753
16,119.89722
17,127.73480500000001
18,135.482316
19,142.830103
20,148.977403
21,170.365448
22,167.404783
23,175.880806
24,183.542245
25,187.949288
26,197.350926
27,202.897981
28,211.866207
29,218.103935
30,225.416079
31,233.918615
32,244.127835
33,248.762627
34,258.04252
35,264.428988
36,272.703958
37,279.554885
38,287.845894
39,294.790849
40,303.126471
41,310.338736
42,318.077252
43,326.507348
44,334.372367
45,340.848096
46,350.456627
47,357.119648
48,364.349574
49,372.508973
50,379.739067
51,388.463911
52,395.299895
53,401.804914
54,413.545425
55,416.828717
56,425.865426
57,434.776862
58,444.509498
59,446.111561
60,460.348602
61,466.872633
62,470.693215
63,481.633511
64,490.136377
65,496.04215
66,505.528337
67,509.7767360000001
68,522.424461
69,528.814223
70,536.046628
71,544.801921
72,553.917979
73,561.438361
74,572.177368
75,579.533695
76,586.08498
77,591.885329
78,600.853876
79,607.649727
80,617.529677
81,626.643873
82,634.857964
83,638.858925
84,648.734933
85,656.958497
86,665.708822
87,671.219878
88,682.281344
89,684.855827
90,697.85481
91,703.629994
92,711.883818
93,716.624229
94,726.949987
95,732.98922
96,743.838315
97,746.39913
98,754.608761
99,762.211832
100,774.677677
101,775.35206
102,788.913056
103,791.314864
104,802.392334
105,810.50411
106,821.136698
107,823.097619
108,834.341355
109,839.111618
110,849.432851
111,853.926679
112,870.41684
113,870.319823
114,876.95388
115,886.276784
116,899.251465
117,898.832969
118,907.579144
119,914.741203
120,928.294004
121,933.382291
122,939.365028
123,945.414773
124,956.223692
125,963.822713
126,974.758059
127,977.674514
128,987.907656
