1,18.716732
2,21.265773
3,23.623357
4,28.7571
5,30.232154
6,36.86171
7,43.663729
8,47.656855
9,53.619577
10,54.643339
11,65.8957
12,70.638473
13,74.40751
14,68.554702
15,82.679002
16,89.982382
17,95.509753
18,87.173482
19,78.152357
20,103.193333
21,118.30603
22,93.000459
23,87.828493
24,115.005776
25,131.136092
26,125.798247
27,109.339309
28,102.398249
29,88.351473
30,103.741978
31,140.00892
32,112.993402
33,135.933419
34,103.050369
35,104.275443
36,117.81733
37,140.832715
38,143.06496
39,87.410852
40,88.001653
41,105.404354
42,103.370172
43,102.767043
44,107.699816
45,117.010675
46,149.903947
47,109.311151
48,115.800094
49,130.779075
50,138.488494
51,147.001733
52,150.669077
53,130.547623
54,142.888962
55,127.376409
56,146.633738
57,149.17349
58,133.954231
59,134.311952
60,138.893638
61,158.934901
62,141.121923
63,142.468398
64,143.634954
65,151.112323
66,163.310294
67,150.330878
68,154.579012
69,169.727268
70,168.307512
71,162.430062
72,163.156191
73,165.590404
74,177.828749
75,168.345711
76,166.467372
77,178.922647
78,171.632048
79,177.118541
80,179.70595
81,181.579475
82,183.206949
83,182.256032
84,190.914336
85,185.772332
86,191.772237
87,193.088045
88,190.643741
89,196.751587
90,195.572881
91,197.112608
92,201.03298
93,202.534032
94,206.035761
95,207.952559
96,210.605219
97,210.454979
98,217.005274
99,214.810527
100,218.510449
101,223.019949
102,222.516779
103,223.902118
104,226.285563
105,229.671287
106,230.154752
107,231.629109
108,236.179147
109,237.123702
110,238.887915
111,242.505294
112,245.498681
113,248.623383
114,249.295413
115,250.27059200000002
116,252.31281300000003
117,253.034313
118,254.798258
119,254.567738
120,255.85398700000002
121,263.948363
122,264.901459
123,266.621865
124,271.172238
125,272.063546
126,274.754969
127,276.567687
128,276.921402
