1,15.795012
2,21.609476
3,25.667855
4,33.362918
5,36.166192
6,45.116534
7,52.646405
8,57.577172
9,59.950285
10,63.384761
11,78.139588
12,85.192321
13,85.321578
14,98.009328
15,75.850012
16,79.191938
17,118.113137
18,89.014197
19,109.641538
20,99.806212
21,127.487609
22,100.838409
23,86.437834
24,120.825006
25,142.376505
26,130.918818
27,117.749005
28,137.22793
29,110.80125
30,116.511152
31,100.514386
32,95.047273
33,145.749035
34,100.538232
35,116.864343
36,149.326716
37,112.621256
38,111.764335
39,113.836797
40,149.497419
41,121.504054
42,127.89177399999998
43,141.504018
44,130.562092
45,156.192776
46,145.317919
47,161.540862
48,142.018372
49,162.317506
50,144.890739
51,157.882328
52,160.455282
53,155.052303
54,160.273647
55,162.704216
56,165.975791
57,167.320016
58,168.665731
59,173.497483
60,183.636023
61,186.824365
62,181.366339
63,183.990375
64,194.429237
65,188.825636
66,194.33583
67,199.04001
68,198.220996
69,204.803119
70,202.847861
71,209.607446
72,209.473126
73,212.791506
74,216.088696
75,218.413162
76,220.978768
77,223.14248
78,227.059903
79,227.842803
80,230.643027
81,236.212788
82,239.06601
83,241.02548
84,243.240744
85,247.112242
86,249.154537
87,251.99221499999996
88,256.303297
89,259.344205
90,260.166262
91,264.623126
92,267.452622
93,270.462899
94,274.272159
95,276.594622
96,279.551098
97,282.549319
98,285.123817
99,286.618374
100,289.751129
101,293.847524
102,298.051435
103,297.551304
104,303.969282
105,306.417108
106,309.398175
107,312.106925
108,314.338886
109,316.153768
110,319.296168
111,323.787861
112,326.335017
113,328.817743
114,332.734664
115,334.289483
116,337.640709
117,340.728776
118,343.35607
119,346.55669
120,349.386496
121,352.518611
122,355.448502
123,357.072224
124,361.293678
125,362.524626
126,367.093608
127,369.717346
128,373.864409
