1,15.124778
2,18.248988
3,22.941974
4,26.58399
5,28.509636
6,36.80176
7,40.460677
8,46.586843
9,50.266334
10,52.192473
11,61.220632
12,63.01846900000001
13,71.973815
14,66.814772
15,77.366844
16,86.167224
17,79.258618
18,77.687217
19,95.724202
20,101.685586
21,110.950753
22,93.568252
23,97.551654
24,114.098977
25,104.533107
26,98.628745
27,101.137537
28,96.687987
29,95.286338
30,122.002304
31,108.131599
32,110.658443
33,111.405664
34,145.103014
35,133.296514
36,94.537063
37,109.729934
38,146.827079
39,126.50768200000002
40,138.585864
41,147.817787
42,104.4565
43,146.001609
44,136.119486
45,126.320921
46,138.27275
47,116.286722
48,142.211756
49,122.210092
50,133.977489
51,141.826578
52,150.399235
53,152.322583
54,135.086555
55,137.813585
56,159.323483
57,167.231253
58,154.576756
59,147.71034
60,150.359741
61,168.445068
62,154.841638
63,165.738716
64,160.197594
65,162.852103
66,180.95324
67,182.028913
68,170.8996
69,172.74053
70,175.275662
71,190.271798
72,181.477235
73,194.383731
74,185.55879
75,186.5383
76,196.69072
77,193.805386
78,197.059776
79,200.069984
80,200.530291
81,203.595343
82,207.655922
83,208.491253
84,209.334506
85,212.16707
86,217.046557
87,218.030793
88,225.643712
89,222.161408
90,224.800267
91,228.442919
92,232.461302
93,234.353174
94,237.454792
95,237.843329
96,242.708893
97,243.496753
98,247.625341
99,248.846226
100,250.167254
101,252.65305999999998
102,256.384524
103,257.814322
104,261.250483
105,262.277878
106,267.44038
107,268.348489
108,272.936404
109,273.204035
110,277.103984
111,278.43913
112,282.26231
113,284.146412
114,285.789177
115,286.568207
116,292.217691
117,293.808794
118,297.347092
119,298.745246
120,301.739784
121,304.377141
122,305.831508
123,309.008521
124,311.767504
125,312.293979
126,318.549692
127,319.290409
128,323.999239
