1,0.0028204897226131835
2,0.0028220385333411115
3,0.0028106196765892745
4,0.002819742836617406
5,0.0028276003230163858
6,0.002806419044574883
7,0.0028172528003270456
8,0.002805421190784822
9,0.0028260797100605494
10,0.002813134367520869
11,0.0028046604143694507
12,0.0028414999528790876
13,0.0028143371023190773
14,0.002817907207943925
15,0.002809400718835837
16,0.00281214744120908
17,0.0028094833391690013
18,0.002820713557388557
19,0.002812349212184874
20,0.0028143888659614047
21,0.0028150693189775908
22,0.002809902753640207
23,0.0028202343554881255
24,0.0028252459454695027
25,0.002819368371644148
26,0.002817069358981844
27,0.0028166709540677084
28,0.0028158682318671713
29,0.002820684432717678
30,0.0028088992647934273
31,0.0028260803832650676
32,0.002840900394667602
33,0.002817654129975343
34,0.002827647808531804
35,0.002825518878444652
36,0.0028125708844565908
37,0.002825282364032762
38,0.002854828182056004
39,0.002821375008810055
40,0.002845234646561887
41,0.00283121146963919
42,0.0028264171955479254
43,0.002837728589879065
44,0.0028239349447838347
45,0.0028092261863071266
46,0.002842037039551358
47,0.0028377440005878897
48,0.0028334575598802396
49,0.002835489041376485
50,0.00282764176202709
51,0.002832874924977935
52,0.002812197470474176
53,0.002836210703579615
54,0.0028235539548022606
55,0.0028286874809652102
56,0.002809804200047125
57,0.0028334709080783207
58,0.002814326559114598
59,0.002829032422543523
60,0.00284384916293327
61,0.002850859180399728
62,0.0028145200620017714
63,0.0028446843837825696
64,0.002815579473187423
65,0.002813249093531108
66,0.0028184835029835026
67,0.002813919288665879
68,0.0028156893012341385
69,0.0028097770731565475
70,0.0028133310731821366
71,0.0028076328569762014
72,0.0028412709618293964
73,0.002813173931574031
74,0.0028112537865900154
75,0.002801211687707255
76,0.0028215009842752427
77,0.002812514234739694
78,0.002828978896559794
79,0.0028197036223277902
80,0.002831701051490832
81,0.0028318742763772174
82,0.0028381012768630386
83,0.0028207764220620647
84,0.0028183157583363213
85,0.0028398298813788244
86,0.00281182783870957
87,0.0028258527106676005
88,0.0028121323231495086
89,0.002820776140473691
90,0.0028155495443786985
91,0.002816942774397379
92,0.002799701333024226
93,0.0028115929838381758
94,0.0028034786274602533
95,0.0028127175480402054
96,0.00280823116404284
97,0.0027975500378832033
98,0.0028079160830930382
99,0.0028056007304580644
100,0.002824643248143166
