1,0.0017630864791468442
2,0.00010457726366157547
3,0.00010010996477013231
4,9.93632605016984e-05
5,0.0018211036614936955
6,0.00010169707490329094
7,0.00010440812431125688
8,0.0001075373352761453
9,0.00010237247324600644
10,0.00010324398318278281
11,9.961226164617491e-05
12,9.614435005981563e-05
13,0.00010190327322889368
14,0.001779163116244015
15,0.0017020126558091359
16,0.00010382822369074344
17,0.0001003413859840601
18,0.0017543596133140036
19,0.0017130424256181032
20,0.0017116786941214126
21,0.00011002437131119955
22,0.0017821648117839603
23,0.0017117087185769065
24,0.0001084760705740556
25,0.0017260251924798569
26,0.00010149640992521811
27,0.00010349561026967373
28,0.00010475156763199718
29,0.00011016626770677536
30,0.0017364901476999072
31,0.0018658681914120118
32,0.0017512232009791566
33,0.0017063335336031519
34,9.795970020422543e-05
35,0.0016932554894671624
36,0.0001055752017380509
37,0.001798516411072531
38,0.00010276449117741154
39,0.0016850319680776261
40,0.0016995320036911935
41,0.0001081338164871952
42,0.0018106147121533455
43,0.00010765200976440495
44,0.0017031856716757095
45,9.941560822898032e-05
46,0.00010336617832821329
47,0.0018469378145540836
48,0.0016919812016521403
49,9.771098494166611e-05
50,0.00182577948186957
51,9.992079326065129e-05
52,0.00010397506749068758
53,0.00176009628308336
54,0.0017744610027318577
55,0.00010517405657642413
56,0.0018301744655039426
57,0.0016978892394851018
58,0.00010763856246144595
59,0.00010232492482121794
60,0.0001063560203950956
61,0.00010877672048519451
62,9.996961914829549e-05
63,0.0018096640788341047
64,0.0001055118083543496
65,0.00010406681921827261
66,0.0001022700326937134
67,9.640072678262474e-05
68,0.002258717815373069
69,0.00010569791204059131
70,9.934133779052428e-05
71,0.00010398574995553475
72,0.00010160906052637251
73,0.00010642388636721738
74,9.78690149578409e-05
75,0.00010341619696228845
76,0.001746584015142506
77,0.0001031319310739745
78,0.0018285624671071576
79,0.00010100614373035677
80,0.0016940688532126314
81,0.0001006649815705145
82,0.000107623516732544
83,0.0001013254889046191
84,0.00010241282202717161
85,0.00010188775232932183
86,0.0019070085661679634
87,0.0017010098470226606
88,0.0016870410329272193
89,0.00169464567168398
90,0.0017068987050309896
91,0.002104978035877563
92,0.00010921744255604439
93,0.001804525156035029
94,0.0017245049342337886
95,0.00010918106074590716
96,0.0017038613399696422
97,0.00010113861404073537
98,0.0016965899305678555
99,0.00010831882651067045
100,0.0017134695242797193
101,0.00010059266438476906
102,0.0018245763292980206
103,0.0017038301845762169
104,0.00010266683754649381
105,0.00010127056513664962
106,0.00010208763280452856
107,0.00010861007228819158
108,0.00010574377957174928
109,0.00010315063338476201
110,0.0017596500797485576
111,0.00010700612770171556
112,0.00010779970527967647
113,0.00010883645521643833
114,0.00010570541101347912
115,0.0001037456544592916
116,0.00010802811244710752
117,9.882333650257849e-05
118,0.00010396940245572048
119,0.00010827088901592853
120,9.904273839051502e-05
121,0.0017405708399435926
122,9.702501616760935e-05
123,0.0017218596547000143
124,0.00010773483539606158
125,0.00010506563963282869
126,0.001869704176573922
127,9.64981279753486e-05
128,0.002057998487612421
129,0.00010274757277160358
130,9.859854676788765e-05
131,0.0022348346630888492
132,0.001700728140801937
133,0.0016875043662621532
134,0.00010359380209333486
135,0.00010394818603793263
136,9.610675249263036e-05
137,9.60565986192266e-05
138,0.0018693864506686038
139,0.0016904147847260336
140,9.583882202366772e-05
141,0.00010877004912371168
142,0.0001015771436087931
143,9.935240126388682e-05
144,0.001899522541879996
145,0.00010155205994133185
146,9.998512273243743e-05
147,0.0017835466948868796
148,0.00010686501938936936
149,9.997080616671198e-05
150,0.002368863425907727
151,0.0017013654507668052
152,0.00010232684244169501
153,0.00010721128946301858
154,0.002472297790919385
155,0.00010212428558212757
156,9.688223662894711e-05
157,0.0017584439758545306
158,0.0001086562960776949
159,9.830603475651645e-05
160,0.0017294428187233284
161,0.00010271399609584919
162,0.001678517255757834
163,0.0017257836912310963
164,0.00010562977160905064
165,0.002272583711066092
166,0.00010631837970132681
167,0.001775201128929029
168,0.00010667477678697654
169,0.0001032951374984677
170,0.0017787623024293076
171,9.764996900667115e-05
172,0.001887267484821952
173,0.00010096998134346874
174,0.00010047895323644633
175,9.822115228460832e-05
176,9.748552122475371e-05
177,0.00010295879237805073
178,9.908066509788541e-05
179,0.00010847484528072427
180,0.00010079342485760187
181,0.00010082421194745329
182,0.0017741906397853073
183,9.724849589224778e-05
184,0.001776303369534456
185,0.00010584821898508447
186,0.00010263144358605623
187,0.0017931622297361655
188,0.0020996711078818376
189,0.0017086945643669982
190,0.0026722392011752313
191,9.702960077740066e-05
192,0.0017459069612940493
193,0.00010647794721623049
194,0.00010273275868082215
195,0.00010445034304527386
196,9.603302754828002e-05
197,0.0018047005216748839
198,0.00010023995322179172
199,0.0017107791558167362
200,9.97059695137879e-05
201,0.0017007276034830116
202,0.0016907455557923904
203,0.0017146514571786161
204,0.001693971056738942
205,0.00011159711605362573
206,0.001703692703862661
207,9.791767158584675e-05
208,0.00010380651632898204
209,0.00174357652327044
210,0.0017617074091601816
211,0.00010462068903079474
212,0.0001042092855061243
213,0.00010525445087317138
214,9.908594003439148e-05
215,0.0017975774098869643
216,0.00010562090971053369
217,0.0016966867607690437
218,0.00010589156798312916
219,0.0017055762093477875
220,0.0016930348369335031
221,0.00010517775900670303
222,0.001746093058764852
223,0.00010494495823339094
224,0.0017073143858381502
225,9.934958872037884e-05
226,0.0016868748869100624
227,0.00010315924171274556
228,0.0001023557794666019
229,0.00010962555562829784
230,0.00011734191193902801
231,0.000102828815030558
232,0.00010288269539653417
233,0.00010157618249109783
234,9.55041277426689e-05
235,0.00010107050147918025
236,9.694724411916974e-05
237,0.00010364077269942567
238,0.0017648906800250643
239,0.0017074588194641337
240,0.0017194567658500685
241,0.0001023029689840597
242,0.0016929519271986853
243,0.0016955337975579545
244,0.00010154853425903519
245,0.0001074928635176678
246,9.813617948854272e-05
247,0.00010569373975134362
248,0.00010054506363795228
249,0.00011222888194043247
250,0.00010312927565356739
251,0.001807683387777352
252,0.0001062981868955426
253,0.00010356787022115178
254,9.510326487849929e-05
255,0.00010259534381568706
256,0.0017919572804929924
257,0.00010403624781520048
258,0.002232292606999223
259,0.0016984700789352593
260,0.00010302730640111732
261,0.00010202424764272276
262,9.899672632216414e-05
263,0.002347780818285137
264,0.00010123006794772642
265,0.00010307199264992297
266,0.00010139204374378035
267,9.694344949117496e-05
268,9.799266543610863e-05
269,0.0018214712689809463
270,0.00011333920911686286
271,0.0017059017976897646
272,0.0016974448025531318
273,0.00010185418915754835
274,0.001843293779914474
275,9.953547807429261e-05
276,0.0017314362812600338
277,0.0017138257977967306
278,0.00010867005963272278
279,0.0017222175052114615
280,9.907524775154229e-05
281,0.0017354145986430277
282,0.0017002875369111928
283,0.00010308925123380462
284,0.00010381705597894808
285,0.002106732967429969
286,0.0001059124523406576
287,0.00010395296248843938
288,0.0018806956405356691
289,9.727955419179985e-05
290,0.00010202948597169089
291,9.82865914193699e-05
292,0.0001011800756222252
293,0.00010657636284401836
294,0.000105596939802525
295,0.0001135289595905708
296,0.00010211970877081258
297,0.001794899351385933
298,0.0016945325294969794
299,0.001719513935180271
300,0.00010375349376269853
