1,0.00010045181487713737
2,9.89478581315993e-05
3,9.721145380683884e-05
4,9.555600687345842e-05
5,9.722132828370313e-05
6,9.60292122119757e-05
7,9.975451944023369e-05
8,0.00010228346235705439
9,0.00010107040702579254
10,0.00010446951961826482
11,0.0017533290569967809
12,0.00010112957524388361
13,0.0001067526893073554
14,0.0017439016402299348
15,9.850107705870151e-05
16,0.0017129891062537522
17,0.0025447510773699495
18,0.00010030756006675117
19,0.00010552117601678167
20,0.00010032530227415228
21,9.963980075730828e-05
22,0.00010310271326722059
23,0.00010666451636160352
24,0.00010736900856233992
25,0.0018687201584678202
26,0.0035726817899867074
27,0.0024925686452629825
28,0.00010014577902911328
29,0.001837667164090833
30,0.0021923710097866774
31,0.00172518654692571
32,0.0017287261027201023
33,0.004349314435465446
34,0.00010107801741938382
35,0.00010866479700613916
36,0.00010378512872171281
37,0.002779468636329616
38,0.002602211700008661
39,0.0017128878964882473
40,0.00010787254462945043
41,9.986081673534566e-05
42,0.0018071812249276984
43,0.002077209695605574
44,0.00010511082944286792
45,0.0021002303900371872
46,0.00011062099059163714
47,0.00010492941917544957
48,0.0017409125871867734
49,0.00010435910556273639
50,0.001704805523328232
51,0.00010038494028134989
52,0.00010822229884542593
53,0.001771909035010273
54,0.00010723154007838551
55,0.0017451852245862882
56,9.944954859212117e-05
57,9.819509042476371e-05
58,0.005047124114569359
59,9.572283705038128e-05
60,0.001690457814909104
61,9.639439657912513e-05
62,0.00178723014618634
63,0.00010105136522743913
64,9.916802677188584e-05
65,0.0017819160125351198
66,0.0001002981387946927
67,0.0018276916525451425
68,0.001695374349416233
69,0.0025911220210592563
70,0.001702873194479118
71,0.00010471301787683876
72,0.00010527808363093199
73,0.00010806048814651086
74,0.0019146136483068057
75,0.00011008549492749212
76,0.0037606377472240715
77,0.0031382937695516155
78,0.0031136406629288325
79,0.00011739754555885383
80,0.0016948109984785762
81,9.975084869649132e-05
82,0.0018227488351556303
83,0.0025584444553405773
84,0.0017107735628721292
85,0.00010071694627594886
86,0.00010215882095479512
87,0.0001082150401612784
88,0.0017386829994763026
89,0.00010246456687528068
90,0.0017048135732123386
91,0.0021796412534404183
92,0.00010008171174875648
93,0.0018185063347523488
94,0.0033851540492219386
95,9.833737060148036e-05
96,9.841737703261191e-05
97,0.00010728008800844185
98,0.001755779032781564
99,0.0017219728406776375
100,9.969714023793582e-05
101,0.0017769451336954987
102,0.004721735318309692
103,0.0001042931516493486
104,0.000110153401755139
105,0.00010069899726979363
106,0.003154681471071521
107,0.0016895679926890843
108,0.0017332672869276719
109,9.840915323582752e-05
110,0.003441073916666667
111,9.920337307807868e-05
112,0.0026136874619862712
113,0.00010077893929872275
114,0.002126423239948275
115,0.0017015452898550725
116,0.002190484995924651
117,0.00010875175027854164
118,0.00010443648866111301
119,0.000103333455721312
120,0.002343515383889238
121,9.805406950882497e-05
122,0.00011021964801033233
123,0.0029067949779752484
124,0.00010495093052215551
125,0.002389893653816432
126,0.00010705506287162067
127,0.00010032089805349537
128,0.005900482292779728
129,0.00010126772732440954
130,0.001848255379526209
131,0.0016912918231694453
132,0.00010230837708982263
133,0.0001129544726783185
134,0.002142818106910809
135,0.001704215115537284
136,0.0032187398153702587
137,0.00010472275547496956
138,0.002265097966096063
139,0.00010096669617548848
140,0.0017017053962000153
141,0.00011345822903447839
142,0.0018518835030530748
143,0.00010230655799794336
144,0.021892550294310004
145,0.00196383276147753
146,0.003957974106046831
147,0.0017170500141823856
148,0.003144197107955732
149,0.001684460888732146
150,0.00010977678672898499
151,0.00010533330365341584
152,0.01936400083135392
153,0.00010154458054057026
154,9.835781583321313e-05
155,9.684476951476385e-05
156,0.0019018162009806
157,0.0021877542722305017
158,0.0017510869928080719
159,0.00010275283750110492
160,9.58324385242244e-05
161,9.683842896449227e-05
162,0.0034085242511966212
163,9.860224061615083e-05
164,0.0017134184413857545
165,0.00010032139330056481
166,0.0017165061379455812
167,0.003365432966880044
168,0.00010750580084941759
169,0.0017933968996756908
170,0.0017197625581041388
171,0.00010794239001253605
172,0.00011395085556478496
173,0.00010451681503333095
174,0.003294162604400539
175,0.003207429992682278
176,0.0016847068363431547
177,9.78118155221129e-05
178,0.002959218933012123
179,9.814627460846466e-05
180,0.00010582008697060773
181,0.0019073535085455927
182,0.0016938434938905615
183,0.0017047998138783537
184,0.002497809853362291
185,0.00010540071988627758
186,0.0001064810702768968
187,9.761324058541926e-05
188,0.0018642591716974586
189,0.00011236632484055338
190,0.002986631816049031
191,0.0016887867206277392
192,9.944324342338463e-05
193,0.0001068509168895879
194,0.001801484641134884
195,0.0016984601741407992
196,9.966302877814196e-05
197,0.00010511820440383668
198,0.0021881578497394156
199,0.0017064948305025019
200,0.00010832793807746602
201,0.001801425793152269
202,0.00010285359446533103
203,0.00010549086912890298
204,0.0001032815906571164
205,9.64663288921573e-05
206,0.00010456462176942869
207,9.639244948370116e-05
208,0.002158501782950351
209,0.0017010100801162747
210,0.0017078099918549474
211,0.002673079482214969
212,0.002634110289473685
213,0.0038197403661764462
214,0.00171594888210312
215,9.713809699271561e-05
216,0.0018484361856974283
217,0.00010129103844218135
218,0.0020361830281327674
219,0.00010902654651196234
220,0.008913597305149267
221,9.7446112503975e-05
222,0.00010227629748991303
223,0.00010466447010112965
224,0.00010565662912283969
225,0.0023223625530836025
226,0.0001048444523344191
227,0.00010494798735883522
228,0.0017854746106475076
229,0.003171115160866711
230,0.001714567481331842
231,0.00010366564666547051
232,0.003309253182905983
233,0.003669492079872986
234,0.00010131434678476396
235,0.00010931063168150941
236,0.002324764705696403
237,0.00010711112102335583
238,0.031893532614006515
239,0.001705464330324369
240,0.00010160160680687029
241,0.00010072111179786502
242,0.0035387541083145633
243,0.00169331536871369
244,0.0026293782061369
245,0.003140708648930621
246,0.001697234542402827
247,0.007383846251229106
248,0.003511652014665311
249,0.00303753863085622
250,0.0017196004722024232
251,0.002514128161128104
252,9.8398139107402e-05
253,0.00010430478936029079
254,0.00010179307587611235
255,0.0026313720885807273
256,0.003172036632200886
257,0.00382435710638243
258,0.0016861090704647674
259,0.002229766195979622
260,0.00011286949964786928
261,0.001714844654266648
262,0.0017062444326023342
263,0.002109163405450113
264,0.0017401389126103046
265,0.0017053419724113224
266,0.001690582737653339
267,0.0022076738449258847
268,0.0017061140149362774
269,0.0017076501058201057
270,0.00010317585139681636
271,0.0016964868363437329
272,0.001690272740132975
273,0.0036668936092214667
274,0.0017170615941771068
275,9.783635351650341e-05
276,0.0018520628769401835
277,0.004343406141138445
278,0.0016937429368977018
279,0.0026464485626373625
280,0.0035981322844603134
281,0.0001061662770478486
282,0.00010394051905708702
283,0.0022352278424698432
284,0.0022390552453468693
285,0.0017078576708261161
286,0.00179546611600424
287,0.00010261245307661433
288,0.00011066408082328221
289,0.0001033823397711048
290,0.003995509386814252
291,0.005496928568700549
292,0.00011258908366431536
293,0.00010419561104857674
294,0.0024293042062099937
295,0.0029194307595089074
296,9.766736150584823e-05
297,0.00010255604865942851
298,9.992639168538299e-05
299,0.003538844274981001
300,0.002602014741046537
