1,0.00011033068020129538
2,0.00010354964096453086
3,0.00010953788363943935
4,0.000102951587002488
5,9.81043750764891e-05
6,9.615737102334847e-05
7,9.936544778682373e-05
8,0.00010438399180577422
9,0.00012072133389982692
10,0.00010622483333373724
11,0.0001023845345919545
12,0.0001097536456058045
13,0.00010152025499390885
14,0.00010720077469670711
15,0.00010395657067683327
16,0.00010252472857365426
17,0.00010677328794067112
18,0.00010706113754286636
19,0.0001035523395611526
20,0.0017545753175963776
21,0.00010511334405945957
22,0.00010134106286748635
23,0.00010581516885901794
24,0.000101893450313007
25,9.90026170117218e-05
26,0.00010082656990335518
27,0.00010679239828553166
28,0.001799959541511772
29,0.00010322411733255804
30,0.0017222838647424066
31,0.00010477810733173286
32,0.00011392374336610663
33,0.0018394214622867527
34,0.001698375458699473
35,0.0016979946423542665
36,0.00012084115278338531
37,0.00010526311426777139
38,0.00010128298878203444
39,0.0001093968767083807
40,0.00011129584497916891
41,0.00010509409454683543
42,0.00010138620275606582
43,0.0017366227254867717
44,0.00010391465165103009
45,0.0017035215763321115
46,0.00010305922461102241
47,0.00010368092320592642
48,0.00011032436536215756
49,0.0017856008349093938
50,0.00011779736884434882
51,0.0001003026636343019
52,0.0017864899415564444
53,0.0017008384368192755
54,0.001700676219919199
55,0.0016989366954084171
56,9.880274586029327e-05
57,9.7916906508686e-05
58,0.00010364784888265317
59,0.00010344038436929626
60,9.694249320597874e-05
61,0.0001010960994183918
62,0.0018165802570093458
63,0.0017110820555237462
64,0.0016912351643275892
65,0.000110441602876882
66,0.001698836678529899
67,0.0017013224386852991
68,0.0017041198099234753
69,9.733944226659448e-05
70,9.60566561645572e-05
71,0.00010169872570278572
72,0.0001028980140493274
73,0.0023018505615826418
74,0.00010663652513099015
75,0.0017810139593213345
76,0.0022118901274027717
77,0.0017108960101867574
78,0.00010589332297761896
79,0.00010726017919148061
80,0.0017881337775202785
81,9.895968075480725e-05
82,0.00011180556391735859
83,0.0017982509125291349
84,0.0017646269073955897
85,0.00010601902226882394
86,0.0016931821898379606
87,0.0017242949508939815
88,0.0016920596432552955
89,9.925021210482872e-05
90,0.00010336310584893651
91,0.0017565128923717182
92,0.0016997555822766358
93,0.0017166447433286894
94,0.00010795384132870617
95,0.00010538025973969743
96,0.00172474654480508
97,0.00010411276595938931
98,0.001693564826010545
99,0.0016945930767584536
100,0.0017129112800790347
101,0.0001072345115416323
102,0.0017107061627287265
103,0.001667808433635159
104,0.00010374237155830315
105,0.0017137132681464566
106,0.00010601005468497669
107,0.0018117274753173425
108,0.00010517165293568692
109,0.0017196480855539969
110,0.0017210781826823777
111,0.001730824904820056
112,0.0016909371748132945
113,0.0017499980007796407
114,0.0017006766724726294
115,0.0017012580929233155
116,0.00010324522089302682
117,0.00010828119838483382
118,0.00010629128219766852
119,0.00010375369062198776
120,0.00010378229296111547
121,0.0017623698280012253
122,0.0016934212544840687
123,0.0001055622328766809
124,0.0022918633357051584
125,0.00010378104427824756
126,0.0022143721030882992
127,0.0001059589517093053
128,0.00010402073639013792
129,0.0017881698952879575
130,0.001685694195497524
131,0.00010724837397015138
132,0.0017688842557610337
133,0.00010071349524995523
134,0.0017735167121705345
135,9.91095126699567e-05
136,0.0017385924050863511
137,0.0016922276127435151
138,9.920412821409088e-05
139,0.00010065979765819736
140,0.0017910805844907412
141,0.0016982504532892133
142,0.002076266656711323
143,0.00010961097662682038
144,0.00010590114705914611
145,0.00010791893139369423
146,0.00010442096980482279
147,0.00010090296846108153
148,0.00010168110056475243
149,0.00181814859687634
150,0.0017214150504072042
151,0.0001006097394483093
152,0.0017138972139389738
153,0.001705071378236015
154,0.0016946416516960795
155,9.813839482039983e-05
156,0.0017754566609108574
157,0.00010118074610654335
158,0.0018044682114342174
159,0.0017139827149272883
160,0.0016828472354180803
161,0.00011316459288392277
162,0.00011188672428863892
163,0.00010426724744936155
164,0.0018831910695637987
165,0.0017581708502617738
166,9.724418416934184e-05
167,0.00010203073858665098
168,9.891844815144348e-05
169,0.0018169756544266207
170,0.00010454433762185091
171,0.0018105363816565698
172,0.0017225301209386281
173,9.990658634170497e-05
174,0.00010564443885578122
175,0.002782508337646972
176,0.0017179300490744415
177,0.0017035958469376771
178,0.0017115051528461
179,0.002118994791529947
180,9.743094913632655e-05
181,0.00010668062003371057
182,0.0018367035464667057
183,0.0017269034149117817
184,0.00010257687007371342
185,0.0017247386834504154
186,0.0016952057336119273
187,0.00010125386299841825
188,0.0017659718971044544
189,0.00010643106914010662
190,0.0018881628664739634
191,0.0017052291983332152
192,0.0021368018326111946
193,0.0016827861565710239
194,0.00010006276116370978
195,0.0016996852959121416
196,0.00010219808714734479
197,0.0018326563141233044
198,0.001707534092010448
199,9.998102033381292e-05
200,9.790220506857524e-05
201,0.00010942316184235904
202,0.00010540956010045539
203,0.00010261457157525226
204,0.00010455042724601424
205,0.00010006996696309841
206,0.0017624989830361782
207,0.0017468516453856536
208,0.002080918698802728
209,0.00010162994692231202
210,0.0001040239252276836
211,0.00010520195459567807
212,0.00010740170912629093
213,0.00010404565440851643
214,0.0001054490609124366
215,0.00010306954068311064
216,0.0020076173102114205
217,0.00010026346044878534
218,0.0001023043248317024
219,0.00189403474125452
220,0.0017014701780831518
221,0.00010600574259464818
222,0.0017036535015818232
223,0.00010030831172921365
224,0.0017080874522848732
225,0.001696775274415876
226,0.0017050043858414551
227,0.00010576207759065239
228,0.001700276657900348
229,0.00010609660267037817
230,0.00169997214692043
231,0.00011303425855848823
232,0.0017292138008598206
233,0.00010686826037715101
234,0.00010764174643341353
235,0.0017584489164427608
236,0.0017146425883192492
237,0.00010504745127048837
238,0.001799227275562258
239,0.0001021053005040715
240,0.0017193435988851885
241,0.00010648980728194186
242,0.0017916949674520626
243,0.00010797299974258947
244,0.00011336186069018483
245,0.0018094490003371458
246,0.00010154637899261609
247,0.00180597170881501
248,0.0017342793389069516
249,0.00010719680206517661
250,0.0017308412300055158
251,0.0001075039451181765
252,0.0017276387693865012
253,0.0017129158302675287
254,0.0001054124714737907
255,0.00010005946950254738
256,0.00010134645991973544
257,0.00010755384136968458
258,0.0017720030517256523
259,0.00169933703222823
260,0.00010941760008587667
261,0.00010589150109915296
262,0.0001044786628333786
263,0.00010643367020701909
264,0.001768366589170867
265,9.773599164195975e-05
266,0.0017606702104810998
267,0.00010554387475970567
268,0.0001023873182123187
269,0.0018397644970385286
270,0.00010495941255882526
271,0.0016989538826666668
272,0.0017101742393064304
273,0.001703784336048159
274,0.00010078628556330362
275,0.00010417256172836656
276,0.00011367187732872115
277,0.0018457339211593508
278,0.00010545446348337308
279,0.00010828445442889794
280,0.00010788658777633291
281,0.00010157259515149991
282,0.0018740876325754623
283,0.00010281111507802425
284,0.0017010049475660739
285,0.00010583294293606507
286,0.0016975469541807432
287,0.0017215804189983708
288,0.00010090824071280092
289,9.930572705196383e-05
290,0.0001053413396219188
291,0.00010345212755926797
292,0.00010789926121785894
293,0.00177978949198263
294,9.998030889080311e-05
295,0.00010760152672055822
296,0.00010421597230019778
297,0.0018450788028360466
298,0.00010605287997271364
299,0.0017103273361334743
300,0.0016938070292371458
