1,9.731157094124571e-05
2,0.0001050000118735194
3,9.962847222080425e-05
4,9.577457467974289e-05
5,0.00010965100169412104
6,0.00010139902661904799
7,0.00010333543052796176
8,9.965688032445879e-05
9,0.0001063231505892583
10,0.00010006675077727717
11,0.0001014233769593879
12,0.0017287005765694006
13,9.832933377235197e-05
14,0.00010615771634578405
15,0.0017396850206290756
16,0.00169667993205838
17,0.00010961384430646674
18,0.00010158529085582429
19,0.00010053014413894659
20,0.0001008876126555995
21,0.0018642033227676377
22,0.000107303531218359
23,9.938770392492704e-05
24,0.00010715295228924448
25,9.867707607913319e-05
26,0.00010242375983361011
27,0.00010884288156912071
28,0.0018031512572870443
29,0.00010881064877790672
30,0.00011020394805095218
31,0.00011262277989256776
32,0.00010317571177724821
33,0.00010780293704120954
34,0.001795988423311901
35,0.0001017000807086022
36,0.00011075801956657332
37,0.00010458678740940019
38,9.846116556898229e-05
39,0.00010341398046026188
40,9.853617784601089e-05
41,9.814763954646698e-05
42,9.676389590690885e-05
43,0.00010733771003411614
44,0.00010152148485978133
45,0.00010248534941154102
46,0.00011389927881660941
47,0.00010807582969045844
48,0.00010192190830854013
49,0.0001074344549978857
50,0.00180354142349987
51,0.00010855604394113137
52,0.00010200371962536718
53,0.00010174348708283457
54,0.00010440813915662513
55,0.0017609695066429884
56,0.00010404089395861586
57,0.0017812147490970298
58,0.00010380751717890316
59,0.001720243695330135
60,0.00010035735793746397
61,0.00010189556901176543
62,9.651256011312542e-05
63,0.0018075849457937546
64,0.001697927808224085
65,0.00010121746838790826
66,0.00010628745260239551
67,0.00010321709527318044
68,0.0017926742260551305
69,0.00010511560531298534
70,0.00010412408433027189
71,9.739831895372161e-05
72,0.0001001183645629925
73,0.001903706240338922
74,0.00010408300221796336
75,0.0018204997971884532
76,0.00010465901886391853
77,0.00010256617198619999
78,0.0017756570529240655
79,9.893065905386007e-05
80,0.0001031565457861706
81,0.0017868020152457726
82,0.0001085409683810233
83,0.00010685950549268195
84,0.00010175909377867806
85,0.00010174172615584537
86,9.847819002364542e-05
87,0.00011238986672101744
88,9.569624666994937e-05
89,0.000106451549114449
90,0.000107461661555748
91,0.00010660737936781049
92,0.0018376874102885646
93,9.98792644122876e-05
94,0.0017059616362724934
95,0.0019982271801970526
96,0.00010209412224199474
97,0.0017286825763758293
98,0.00010218797864081945
99,9.650716374802014e-05
100,0.00010925889046395826
101,0.00010398239120787214
102,0.00011063274339755914
103,0.00010249715050630817
104,9.772924935178038e-05
105,0.00010083754280589227
106,0.0017947844326937394
107,0.001694134910081072
108,0.00010448596597261116
109,0.00010531476908258611
110,9.744800261399666e-05
111,0.00010536050224015499
112,0.0017714561121796306
113,0.0017036737646596108
114,0.0016892995497261953
115,0.00011071382236892824
116,0.001706315609375554
117,0.0001035068849606215
118,0.00010041834195537074
119,0.00010445129446423688
120,0.0019007261829755736
121,0.0017094596838229984
122,0.00010545335905253767
123,0.0017244148544610844
124,9.983769014013476e-05
125,0.00010312587990425674
126,0.0001013115741297469
127,0.00010810628005306837
128,0.0001010433421452552
129,0.0001028611324503029
130,0.00010775021864079849
131,0.002245065505314131
132,0.00010412760811112145
133,0.0018702326198495067
134,0.00010328271207693534
135,9.93014456565665e-05
136,0.0001038445446407671
137,0.0018543735847456025
138,9.73190723420266e-05
139,0.00010346891095248706
140,0.0001005872179662629
141,0.0018001024453280319
142,0.00010983640367682466
143,9.761458467147297e-05
144,0.0018473454704662114
145,0.0017273989883631953
146,0.00010042587252754708
147,0.0001041148009964093
148,0.0018288218672717718
149,0.0017561643061693478
150,0.00010312599582799571
151,0.0018099956640716408
152,0.00010799696713514622
153,0.00010456665800545763
154,0.00010712084475173798
155,0.0017241072963756047
156,0.0017056375627916918
157,0.002095764994377649
158,0.00010270957369835504
159,0.00010390992573494624
160,0.0018136326436730523
161,9.910595804536547e-05
162,9.863545976684048e-05
163,0.001786590787191461
164,0.00010973068863223923
165,0.0001051858010442071
166,0.00010134536618491239
167,0.00010199414912966578
168,0.00010138595972042233
169,0.00010581314438367836
170,0.0018126692405003985
171,0.0017120125300183642
172,0.00010249114026496321
173,0.001755138394342762
174,9.792011725467832e-05
175,9.764024258140415e-05
176,0.00010279868819689026
177,0.0017641625879830326
178,0.00010098221576876389
179,0.0023601668800409727
180,0.0001096474350946541
181,0.00010667192409415793
182,0.0018023646600810977
183,0.0001047474393960758
184,0.00010069050419566017
185,0.0001041222870401343
186,0.00010328782425539398
187,0.00010921505881714938
188,0.0017831494690420816
189,0.0017148143658048847
190,0.00010052059432807176
191,0.00010395821694878937
192,0.00010264128663792651
193,0.0018282086825568797
194,0.001697759262898385
195,0.00010372211679613104
196,0.00010158267708009183
197,0.00010367324421079575
198,0.0019013932187274697
199,0.001710784884623527
200,0.001752204511606768
201,0.0017059288445214686
202,0.0001014655046303818
203,0.0017000370734467272
204,0.00010382099158125682
205,0.00010300964095517946
206,9.786998338997828e-05
207,0.000100110906699437
208,0.00010684784267548511
209,9.88138580191251e-05
210,0.0017622516401766006
211,0.00010256750630767857
212,0.0018004530173564906
213,0.0017111006711767848
214,0.00010525265762240194
215,0.00010793639158572498
216,0.00010548903580744915
217,0.0018289858964654875
218,0.00010164859108088857
219,0.00010583457160936972
220,0.00010846937614183246
221,0.00010317220268292107
222,9.800603286680263e-05
223,0.0017549251727454302
224,0.0017129224331397434
225,0.0017489223832640663
226,9.886549430432905e-05
227,0.00010594057466217113
228,0.00010486150983334501
229,9.954745233198638e-05
230,0.00010330875601301264
231,0.00010322729539169955
232,0.0021713652832403875
233,0.002042459260743052
234,0.00010169851474680683
235,0.0017111862081292675
236,9.867720118559952e-05
237,0.00010469595297747291
238,0.001776964784266773
239,0.0016984973953199432
240,9.853837636163214e-05
241,9.915828082650589e-05
242,0.00010483232017674394
243,0.0017811936750599523
244,0.00011157244733653539
245,0.00010623482525987808
246,0.0018601542199058506
247,0.0017011888708845422
248,0.00011378913633881786
249,0.00010192664856510829
250,0.00010333283232028903
251,0.00010664404923218347
252,0.0023260409842516976
253,0.00010599636309411474
254,0.00010137147533882867
255,0.00010111062277766428
256,0.001904990670247227
257,0.000102922220380265
258,0.0001002120134515426
259,0.001806918777447545
260,0.00010318490069780079
261,0.0001037489758924666
262,0.001718804405059276
263,0.00010703225642631046
264,9.994043268854597e-05
265,0.00010347548973312373
266,0.00010462463579691382
267,0.0017960588342882328
268,0.00010816513190240067
269,9.917813356508105e-05
270,0.00184057177094514
271,0.0017004817840255123
272,0.00010335886398648954
273,0.00010073435672758862
274,0.0017828816911477968
275,0.00010344775079452964
276,0.00010017030322309217
277,0.00010645758149540548
278,0.00010569951696387644
279,0.00010820734927211714
280,0.00010348519786531195
281,0.00010386785760869334
282,0.00010556646383872558
283,9.995619230667795e-05
284,0.00010578186982680201
285,9.97406303589672e-05
286,0.00011089028097279884
287,0.00010409074131013455
288,0.0001116033620609304
289,0.0018696286099575158
290,0.00010262651853817296
291,0.0001093496771192628
292,0.00010438779857534248
293,0.00010519419164888064
294,0.00010156453453549808
295,0.0017845692657709167
296,0.0017192302598191627
297,0.00011490307941762084
298,0.0017166168469423823
299,0.002141160756600843
300,9.585832696938871e-05
