1,0.00011227843283860385
2,0.00011284466566543921
3,0.0001002022072702539
4,0.00010183310591801724
5,0.0001106411181223636
6,0.00178278862305541
7,0.0001066622007940734
8,9.830192347512576e-05
9,0.00010341696890971219
10,0.00010350429305536428
11,0.00010744434854931876
12,0.00010720529037881473
13,0.00010414110174527901
14,0.00010067134334499074
15,0.0017830254396683396
16,0.00011187719743822847
17,0.00010757353578522845
18,0.00010496376669606179
19,0.00010293385733686154
20,0.0017868843449559166
21,0.00208154048702972
22,0.00010176035775109634
23,0.00010676747653414438
24,0.00010620029345405933
25,0.00010511486447497957
26,0.00010909962449222904
27,0.0001004013386151172
28,0.0001038132112950804
29,0.00010316339215866116
30,9.77940531585751e-05
31,0.00010388766285164878
32,0.00010378804064966723
33,9.63707666243286e-05
34,0.00010061357374817955
35,9.813017856693917e-05
36,0.0017781004877074102
37,0.00010408476214399219
38,0.00010039588062259937
39,0.0017681311994905131
40,9.754825603043367e-05
41,0.00010412150917851808
42,0.0018121438650151671
43,0.0017426340273306146
44,0.00010215521616590336
45,0.0018026460936229549
46,0.0001086541990399543
47,9.795423336596909e-05
48,0.00010144544109700971
49,0.00010198156354638619
50,0.00010983076817383838
51,0.00010699545272413105
52,0.00010227109424241014
53,0.00010639022786768206
54,0.00010026143527922053
55,9.742242104629045e-05
56,0.00010244102452927705
57,0.002217560516583504
58,0.0017184236447329812
59,0.00010166607419414681
60,9.962239775847216e-05
61,0.00010010179046589109
62,0.00010851244872492814
63,0.00010143167974523826
64,0.00010327205310117344
65,0.00010111268789083913
66,0.00010088050232428764
67,0.001780702958324336
68,0.00010022701557388956
69,9.933537891255061e-05
70,0.0018217338187806592
71,0.00010534095109535277
72,9.889491716143858e-05
73,0.00010463316357843781
74,0.0018869503273147492
75,0.00010364720472669997
76,9.91582047022931e-05
77,0.0017875086939796113
78,0.0001047876032424718
79,0.0001051226512635621
80,0.0001019274645528284
81,0.0001020485479500286
82,0.00011030054939360567
83,0.001760157300659055
84,9.639308533342088e-05
85,0.0017714972194531472
86,0.001699098901464714
87,0.00010480186385869331
88,0.00010688665984677538
89,0.00010694720188924225
90,0.00010272087164349572
91,0.0017359653967007067
92,0.0001076756290368906
93,0.00010534765876415365
94,0.0017492668278529977
95,0.0020679500868635574
96,0.00011000728711105928
97,0.00010163861943842848
98,0.0017799033867659515
99,9.820231929074833e-05
100,0.00010483358670605154
101,0.002214541219093813
102,9.963846425597937e-05
103,0.00010330757813661065
104,0.0001022379627569569
105,0.00010314418976441368
106,0.00010515224551288738
107,9.587603420367651e-05
108,9.627831738768515e-05
109,9.910385397818898e-05
110,0.0001085974457398701
111,0.001767575811688312
112,0.0001000528954730806
113,9.667520741169846e-05
114,0.00010572180154776866
115,0.00010772175842807187
116,0.00010534969649922544
117,0.00010184536968017366
118,0.0017838468579295642
119,9.953350846962796e-05
120,9.994332747417082e-05
121,0.00011039814952183141
122,9.748109648740285e-05
123,0.0001053409349791039
124,0.00010035216391700168
125,9.861158418370083e-05
126,0.0001053366689802793
127,9.978636321669085e-05
128,0.00010628417976925493
129,0.00010053196351882643
130,0.00010226783320963126
131,0.001878808949675555
132,0.00010477130805455962
133,0.0016911736350221345
134,0.0017029084171696846
135,0.00010639861333114708
136,0.00010352350461238658
137,0.00010558952251882951
138,0.00011008332755291322
139,0.0001014108477236371
140,0.00010904251157600025
141,0.0001090436872643478
142,0.00010481242199764601
143,0.00010077826693235396
144,0.00011210306419030342
145,0.00010279011959684631
146,0.0017869459114927347
147,0.0001014293982226429
148,0.00010003422772592893
149,0.00010509450206144288
150,0.00010420832137317622
151,0.0017932848757831064
152,0.00010598548061389339
153,0.00010349205398229333
154,0.00010646993635449016
155,0.0001098410545575748
156,0.00010600203031158077
157,0.00011194820283596648
158,0.0001100762989733563
159,0.00010031336372034273
160,0.00010066675113221548
161,0.00182585384434958
162,0.00010139074959994839
163,0.0018716568453954999
164,0.00010867031701037336
165,9.8129644482658e-05
166,0.0018533166538213383
167,9.894662203540525e-05
168,0.00010045432041327471
169,0.00010634188847265855
170,9.715096649329142e-05
171,0.0017643219226487282
172,0.00010329307418629989
173,0.00010779096651551455
174,0.00010355059840193028
175,0.00010828381662742546
176,9.852866871032706e-05
177,9.537230848087884e-05
178,0.00010782188538381823
179,9.734627377375864e-05
180,0.00010076870898295817
181,0.00010467206455824502
182,0.00010994272052178488
183,9.99899188793644e-05
184,0.0017852995597052947
185,0.0016946980297527505
186,0.0001066995813326893
187,0.0001094617549638928
188,0.0027146132110733652
189,9.980151231629062e-05
190,0.00010061131686904647
191,9.902763207051832e-05
192,0.00011047096614592772
193,0.00011201540009639761
194,0.0018527804782405653
195,0.0016922549771575418
196,0.00010343077768972927
197,0.00010345536024246234
198,0.00010551580130259721
199,0.00010214560108237611
200,0.00010458277762125262
201,9.87231361123562e-05
202,0.00010208550574746609
203,0.00010101182707924919
204,0.00010424097039470034
205,0.00010270743527434449
206,0.00010180913573073365
207,0.00011032395078378798
208,0.00010672962143159513
209,9.68127365257298e-05
210,0.0001058950014284437
211,0.00010502433345825264
212,0.00010301632078303366
213,0.0018357995444623703
214,0.0017037757679326947
215,0.00010688180618121937
216,0.00010172015669140742
217,0.00010205267959426834
218,9.799185226555193e-05
219,0.00010852160245413758
220,0.00010934277218224348
221,0.00010283495203481604
222,0.00010264962944936747
223,0.0001065974898500968
224,0.0017900089323374345
225,0.00010384168816983356
226,0.0001029900305065218
227,0.00010684823721787902
228,0.0017659998295328759
229,0.00010004363294232249
230,0.00010604194920950048
231,0.00010570984441714579
232,0.00010688216074533231
233,0.00010840813368019614
234,0.0017561473611233385
235,0.00010459180302265455
236,0.0017828866613959795
237,0.00010641811571723904
238,0.00010548898932779525
239,9.725011535848731e-05
240,9.900101455960212e-05
241,0.00010225238678881511
242,0.00010158672236464988
243,0.00010779968870343769
244,0.00010265035202533496
245,0.00011227404000382766
246,0.001750368949643398
247,0.0016982097555341678
248,9.947125645864532e-05
249,0.00010467059092536748
250,0.00010213077492019007
251,0.00010888011069129597
252,0.00010127781432046109
253,0.00011518272500256152
254,9.793786642551591e-05
255,0.00010368628107439115
256,0.0017599252388782723
257,0.00010208764545813201
258,0.0017013598506880406
259,0.00010457627018233752
260,0.00010513525725508716
261,0.001810460190985667
262,0.00010588607794069819
263,0.00010316695331747373
264,0.0001058485515334219
265,0.00010264727006693413
266,9.93298536950056e-05
267,0.00010100247250268137
268,0.00010026765748614461
269,9.84119928979577e-05
270,0.0001071477604550458
271,0.00010827261271811374
272,0.00010266612442824959
273,9.886770416927791e-05
274,0.00010005965426552769
275,0.0001051658774924546
276,0.0018106981926910301
277,0.00010697245601422927
278,0.00010607211963173271
279,0.00011094325959223962
280,0.0001074075099362518
281,0.00010212989169795997
282,0.0017740269247339623
283,0.00010488458195770851
284,0.0020458696242871524
285,0.0001005522510046149
286,0.0001008612772823743
287,0.00010199503749596476
288,0.00010422044530095329
289,0.00010668243902588508
290,0.0017316550046648008
291,0.0020755546680942183
292,0.0001009050265035912
293,0.00011000959046390932
294,0.00010690034370716943
295,0.00010438090083288687
296,0.002213957220776001
297,0.00010327854320226992
298,9.906485754497059e-05
299,9.905796753405293e-05
300,9.96520114909439e-05
