1,9.820361631025571e-05
2,0.0017437056374777625
3,0.000103304790608062
4,0.0001057313284374972
5,0.00010470578845935104
6,0.00010373263137707072
7,0.0017409051832735544
8,0.00010355378223815313
9,0.00010883326289327131
10,9.914244482798108e-05
11,0.0018148180229562248
12,0.001707441387791463
13,0.0017412028195293871
14,0.00010648262325711225
15,0.0017068273720316622
16,0.00010002506906935486
17,0.0017080858190292943
18,0.0016964911548989334
19,0.0016956927783456101
20,0.00010308270333708607
21,0.0017557809426962273
22,0.0017039545702804003
23,0.0017216891473141808
24,0.001699050775453967
25,0.0017019669629577165
26,0.0016976575881045611
27,0.00010821568025038322
28,0.0016815262128353236
29,0.0017142900915572484
30,0.001702696222732029
31,0.0017093028282578776
32,0.002540695998415214
33,0.0016948189263127976
34,0.001817932651239322
35,0.0017465112679258485
36,0.0017036748238043872
37,0.0016996250634875847
38,0.0016986359249187742
39,0.002171150017979952
40,0.0017096759418081299
41,0.0016956684778754788
42,0.0017068979227378022
43,0.0017102072692998203
44,0.0017974344368815879
45,0.0017150900795916912
46,0.0017021332926699902
47,0.0017316147115327652
48,0.002935018883833788
49,0.001712773938628929
50,0.0016949061504735181
51,0.0016958009765830095
52,0.0017102910736688038
53,0.0017159189479859208
54,0.0017054967105979736
55,0.0017055425675200448
56,0.0016980976371546814
57,0.001700918380508778
58,0.0017554632846506699
59,0.001658050015588195
60,0.001694098716670082
61,0.0017070685039509584
62,0.0017592333553030032
63,0.0017540929833274213
64,0.0017366327150613128
65,0.0017021476674348769
66,0.001703807718132727
67,0.001722282273245158
68,0.001696125321699277
69,0.002222623579428572
70,0.0016916966765925768
71,0.0016917327206936088
72,0.001697306262248352
73,0.0016904691711399915
74,0.0017634766457081319
75,0.0017020398778669315
76,0.0017034075015188877
77,0.0017270660843968129
78,0.0017121717913331496
79,0.001699395030204721
80,0.0017052168577004966
81,0.0017104274686674534
82,0.0017044441516664325
83,0.0016989742751583393
84,0.001758660184411388
85,0.0017046353994060457
86,0.0016988983296487353
87,0.0020808309527106553
88,0.0016974362539479751
89,0.002106225268070328
90,0.0017199419713224689
91,0.0017013522852837772
92,0.0017372121087285025
93,0.0017116784557598952
94,0.0017097802561460852
95,0.0017571838645798544
96,0.0017094549409142374
97,0.0017172955523775473
98,0.00170223575872902
99,0.0017310284230088492
100,0.0017079294112424986
101,0.001704681455941421
102,0.001727226622036923
103,0.0017548744095733466
104,0.0017024084855888392
105,0.0017148886252320568
106,0.0016961815042100753
107,0.0016957254294357018
108,0.001696368943629778
109,0.001737090282636663
110,0.0016986779633639817
111,0.001684366716729097
112,0.0017048161145107967
113,0.0017141882961698497
114,0.0016846093966092176
115,0.001721686312735259
116,0.0020067609989512327
117,0.0017100546635623643
118,0.0016905205748014897
119,0.0016888621944749038
120,0.001688535916091344
121,0.0017006938658226055
122,0.0017143478780782062
123,0.0017170943614993647
124,0.001697122144930615
125,0.0017303549764042152
126,0.0017050300314128649
127,0.0017081246790838158
128,0.0016967703934899735
129,0.0017035796800760215
130,0.0017014720277077143
131,0.0016987129897128928
132,0.0017081030313850108
133,0.0017137900680440866
134,0.0016988357119999999
135,0.0016964529298955891
136,0.0016988876541484718
137,0.002147991916566707
138,0.0026905358599933118
139,0.0017107812525003355
140,0.0017000434036844926
141,0.0017146511311497022
142,0.0017154499859836005
143,0.0017214099613775346
144,0.0017313465678852117
145,0.0017131528615146508
146,0.0017153192453539003
147,0.0016725219191979343
148,0.0017035352365186148
149,0.0016819888986313088
150,0.0017643984063318756
151,0.0017034070239258696
152,0.001704837956320458
153,0.0017084446704659503
154,0.0017017011601994979
155,0.0018505437116662555
156,0.001712422781330842
157,0.0017167286169564875
158,0.0017160035495845855
159,0.0017053155634468042
160,0.001694273368685961
161,0.0017813727675305196
162,0.00168860746871144
163,0.001710701223918665
164,0.0017029599530903102
165,0.001670717565007749
166,0.0017051965602687947
167,0.0017416024094041795
168,0.0016985085985975884
169,0.0016925107633966544
170,0.0020384246504304014
171,0.0017042095941358448
172,0.0017333596429007021
173,0.001711126497686442
174,0.0017100037671748723
175,0.0017271993849702094
176,0.0017085336270506483
177,0.001719352585657054
178,0.0017370757223584608
179,0.0017023754274565447
180,0.0017039543115988129
181,0.001698295704638351
182,0.0016932504756200677
183,0.0017062417573459046
184,0.0017217165199866875
185,0.001695960657328347
186,0.001691132946980085
187,0.0017181148262084085
188,0.0017195449971800344
189,0.0017119631218508267
190,0.0017060867732712063
191,0.0017687410943087673
192,0.0017035795537998434
193,0.0016918998486985723
194,0.0016951959235799753
195,0.0017281589919999998
196,0.0016991824157823684
197,0.0017210927419640011
198,0.0017200742067265365
199,0.0017021426755662857
200,0.0017456538029028792
201,0.0017006575146034202
202,0.00169452662357662
203,0.0017193530383606324
204,0.0017238174516095643
205,0.0017011469365582588
206,0.0017107418269768483
207,0.0016937472206365065
208,0.001717677084145952
209,0.0017100037624180938
210,0.001705799000982955
211,0.002080471095796299
212,0.0017316441836407097
213,0.0016975946139751224
214,0.0016982574568589854
215,0.0017204036441700377
216,0.0016960438472856834
217,0.001695067169931405
218,0.001708209605379579
219,0.0017214786522576277
220,0.0016978271864059131
221,0.0020896271385814715
222,0.0016924080320997383
223,0.0017077251463959969
224,0.0017152611089126168
225,0.001694932024041011
226,0.0017253494588512644
227,0.0017151043595827083
228,0.0016836766412361695
229,0.0017025663313779825
230,0.0017039670677632755
231,0.0017369475728837372
232,0.0017643213796286435
233,0.0017098900404096706
234,0.001706991616798085
235,0.0017753110970730678
236,0.001743651032452649
237,0.0017696031743210578
238,0.0017078328448215411
239,0.0017103754454709402
240,0.0017112803307634918
241,0.0017078790960413093
242,0.0018005442196052414
243,0.0017089517926679534
244,0.002096455405755769
245,0.0027263966890027588
246,0.0017103948314407377
247,0.0016965954439458716
248,0.0017007914397518663
249,0.0017364273875712577
250,0.0016967750714880373
251,0.0017279050584996557
252,0.001720763731802411
253,0.0017246775976339796
254,0.001738071064051069
255,0.0017167854857204285
256,0.0017555490582895537
257,0.0017186000743336517
258,0.0021041106292040363
259,0.0016980278863700168
260,0.00175660282244649
261,0.0022465430111281836
262,0.0016929013703729967
263,0.0017068025726337224
264,0.0017335613122749227
265,0.001715997407781727
266,0.0017014912961714512
267,0.0017012357872083095
268,0.0022172614784835595
269,0.001713561291299854
270,0.001699854416133655
271,0.0017151913387068514
272,0.001707757265531133
273,0.002058929784201955
274,0.0016928846897592475
275,0.0016869952265286725
276,0.0016881882387018113
277,0.0017468717462932456
278,0.001706374341351661
279,0.0017093265970233678
280,0.0017153072565392713
281,0.0016934889377738826
282,0.0017010186258014752
283,0.0017092875524815712
284,0.0017292687298626015
285,0.0016994441689092894
286,0.001724355147340222
287,0.001705995246735726
288,0.0017272721102506985
289,0.0017004701841033811
290,0.002154581943886882
291,0.0017142228577410636
292,0.0017146418755741046
293,0.002631843019594122
294,0.0016982079397916963
295,0.0017521154580351994
296,0.0017235259388833357
297,0.0016910631676844248
298,0.0017046607557355358
299,0.0017151212243977302
300,0.001692331903049674
