1,0.0016875597473944531
2,0.0001031609657592288
3,9.96966170369569e-05
4,0.00010314662573680152
5,0.0018367252925356238
6,0.0016704826311441554
7,0.00010149454578409778
8,0.0018145217096212937
9,0.0017239617087956914
10,0.00010582929263212463
11,9.755160445351677e-05
12,0.00010276403194720921
13,0.00010268479148959116
14,0.00010024308937009349
15,0.00010013626714706047
16,0.001813352957964602
17,0.00010386774563771451
18,0.00010294050989332564
19,0.002964198735996618
20,0.00010150543357613827
21,0.00010060560101337567
22,9.77986023757364e-05
23,0.0017910899857402126
24,0.0016628237985951738
25,0.0016762031793205931
26,0.0016576726276529424
27,0.00010293818287074064
28,0.0016894451346768787
29,0.0017123205193625881
30,0.0026460147447183095
31,0.00010914496143063972
32,0.0030102528387908095
33,0.0018917212389816323
34,0.00010768870583140795
35,0.0017152596178614439
36,9.684039063255663e-05
37,9.949636287281171e-05
38,0.0018157671966591484
39,0.018975261755233497
40,0.0017061931848662388
41,0.0022040100436879952
42,0.003313273772296851
43,0.00010975642766876834
44,0.00010123014051970249
45,0.0038661060817648256
46,9.83928944537083e-05
47,0.0001039998352267526
48,0.0022733404873824838
49,0.00010793889298066634
50,0.0017230228462216995
51,0.0027547357923342584
52,9.911764119471982e-05
53,0.0016949449812382739
54,9.84865794987041e-05
55,0.00010508278365170814
56,0.0001065768676066237
57,0.001740819378577269
58,0.0017184962063998752
59,0.0035842205352885075
60,0.00010019029245962102
61,0.001740316464283171
62,0.001701828820181021
63,0.002782927493733643
64,0.0017380898360951007
65,0.0017035094946752237
66,0.0016793579422446317
67,0.0017086983359914357
68,0.0017180821619829751
69,0.0020758883419800195
70,0.0001052962881538096
71,0.00011073556357849
72,0.0017614981212620263
73,0.0017152749160834167
74,0.0021204929646383365
75,0.0016932608645324652
76,0.00010431521002585431
77,0.00010215285508804594
78,9.982986644105295e-05
79,0.002327187155478131
80,9.863291984819872e-05
81,0.00010798948587991187
82,0.0017694827469585232
83,0.0022158249485855312
84,0.001667094571408603
85,0.0017244621219057008
86,0.0017023368456905205
87,0.00010340129810979719
88,0.0022056392590569817
89,0.0017122618228701918
90,0.00010242642783296916
91,0.00806240197489225
92,0.00010932101188505892
93,0.0018368437541826192
94,0.0017097731848126371
95,0.00010755401827895273
96,9.987075593322418e-05
97,0.003628689101570503
98,0.0017024102068570611
99,0.00010669569519062079
100,0.002764126183908046
101,0.001724390516261895
102,0.0017014531978904897
103,0.0022203999001724297
104,0.00010393257592334498
105,0.001690278501179073
106,0.003942661383964873
107,0.0017166500518314728
108,0.002183469368026381
109,0.0018175617801415938
110,0.0021179052146166623
111,0.0017058220554476424
112,0.0031358587881919774
113,0.00309012838686927
114,0.0022355524818123214
115,0.0020288654393727256
116,0.00010129539370262936
117,9.586426354323071e-05
118,0.0018326750625915257
119,0.004570544660560854
120,0.0032354601071309004
121,0.00010004042149826457
122,0.00010282157105320313
123,0.00010028982096887433
124,0.00011334998123116144
125,0.00010258131792143214
126,0.00010036000229835996
127,0.0028804016461550517
128,0.0017118436504819704
129,0.004220660712731704
130,0.002689958618285268
131,0.0016637096773069416
132,9.803465462503776e-05
133,0.003293060560404226
134,0.0017057741226050925
135,0.00010220470602565275
136,9.969962496289046e-05
137,0.00010828584507657721
138,0.0030880022684154082
139,0.0032524889807162534
140,0.0017123748317101118
141,0.00010255159721414848
142,0.0020900437827050997
143,0.0036972511874000242
144,0.0021977604024866148
145,0.0016969647944918215
146,0.0033946333975346686
147,0.0001030309166764457
148,0.01328282449956484
149,0.0022175788557327603
150,0.00011019866920494332
151,0.0017227307069770756
152,0.0017212011984762995
153,0.0017418763990135276
154,0.001716574532771291
155,0.0017030775122679749
156,0.0016890006771692224
157,0.003133404707469013
158,0.0016709698526387936
159,9.644243144164994e-05
160,0.00010075514589045908
161,0.0017999139684088323
162,0.0021941575719081757
163,0.0022222319870796293
164,0.0016985225395572457
165,9.968590907681654e-05
166,0.0017475067627533193
167,0.0017077950192475307
168,0.001707977384540762
169,0.00010467513961139143
170,0.0017286441082795295
171,0.00010468760099294092
172,0.003076482515591192
173,0.0030545068225626454
174,0.002752325130046364
175,0.0036437577071072873
176,0.00010634664236012118
177,0.003102231005389452
178,9.959817629428407e-05
179,0.0016803365267255893
180,0.001701343295922316
181,0.00010844310688728727
182,0.00011125860101537732
183,0.0019254950685357423
184,0.0001018163201940163
185,0.0018084921844470493
186,0.00010502137265862185
187,0.000102773701821535
188,0.00010270589256499395
189,0.0017506948833775724
190,0.0016809239409229476
191,0.00010099793545538815
192,0.0001074283613169036
193,0.002294603806367691
194,0.00010694479060461663
195,0.0018920434425822269
196,0.0026259298679723706
197,0.00010787326532522119
198,0.0017354896709696167
199,0.003610820081385798
200,0.00010359061827338324
201,0.0037818279960861053
202,0.0017192993323524
203,0.00010711689815222095
204,0.00010853915002804516
205,0.002312087834595959
206,0.0016760042606255843
207,9.778437644814082e-05
208,0.0024580139401622716
209,0.00010593918373151927
210,0.0016659336346969585
211,9.992291440701859e-05
212,0.00010260271487056829
213,0.00010190669534261833
214,0.00011097896069622385
215,0.0028271773357174787
216,0.00010911346792753432
217,0.0036295852921272268
218,0.00010463760301214404
219,0.014321699291826499
220,0.003585705943722428
221,0.00010396818229012323
222,0.0034133834803091985
223,0.00010383855435158921
224,0.0042753490974976075
225,0.0017222703658057372
226,0.00010476864174355434
227,0.0022789115855188858
228,0.001726557108858368
229,0.0016789224875720815
230,0.0001007213528326594
231,0.004506845224538525
232,0.002137319483246398
233,0.001721850186075905
234,0.00010663426326375824
235,0.00011194304769544655
236,0.0028814592591378586
237,0.0017312413255081594
238,0.00010001146164354312
239,0.00010924630748896703
240,0.0022830234795077065
241,0.0017254172474928371
242,0.0017049640257111398
243,0.002120348583916084
244,0.0017004108493544764
245,0.0036374531068765537
246,0.002201536405582326
247,0.0016984066649029983
248,0.0025987259366457628
249,0.002106814751815522
250,9.829370948900172e-05
251,0.0001018899045650961
252,0.0017854706059897054
253,0.00010595394370089815
254,0.0018132202706051819
255,0.0035486711157757447
256,0.00010986858305034063
257,0.0017793982680801932
258,0.004730534976525823
259,0.0020968435430177255
260,0.0017199153910505145
261,0.002214195934792521
262,0.0017405105750856317
263,0.0041371442866988285
264,0.0017503362256586481
265,0.0017627080811445806
266,0.0001073436965005242
267,0.0017544621890547261
268,0.00010709468523789628
269,0.0017753025059795609
270,0.006825224881854554
271,0.00010282936210151273
272,0.0001068416332896736
273,0.0017701873305756028
274,0.003145488488308779
275,0.00010667417068956364
276,0.00011136352620567189
277,0.0021908239236676755
278,0.0031433958670527735
279,0.022807109643539145
280,0.0001009979304809992
281,0.0027407252378153055
282,0.0001032739522669089
283,0.00011063879889996562
284,0.004042526244356278
285,0.00010502532067324797
286,0.002214220566273649
287,0.0017016723890363153
288,0.00010424135998964453
289,0.002637249338705439
290,0.00010848026777914142
291,0.001739631202364841
292,0.004140970381912905
293,0.002686336160440906
294,0.008558853000633812
295,0.001730662995876582
296,0.00011461263366398612
297,0.0023210365720873634
298,0.00010709254885295257
299,0.011860482754289725
300,0.00010091627490185053
