1,0.00010599824853539052
2,0.00010025952260868483
3,0.00010158684454561667
4,0.00011287359563443994
5,0.00010440849462872061
6,0.00010439193490480547
7,0.0017268933879120401
8,0.00010374742038736029
9,0.00011154084983417069
10,0.00010120943059246197
11,9.803833728916373e-05
12,0.0017716927086911768
13,0.00011172964604720903
14,0.0017859659440993788
15,0.0001010046994609828
16,0.0017060668219811487
17,9.684587553070521e-05
18,0.00010422581055947505
19,0.00010616095436384247
20,9.812805418709687e-05
21,0.00010705290831797965
22,0.00010331018876727774
23,0.00010681405679811584
24,0.001801051967624848
25,0.0001042059778727953
26,0.00010997858726565852
27,0.00010689445199881955
28,0.00010581475241428238
29,0.00010521843981764536
30,0.00010766008542991894
31,0.00010335755689562859
32,0.00010107326983616017
33,0.00010421801474948847
34,0.00010589470201724558
35,0.0018248311010846373
36,0.0016968604660898686
37,0.0017020506678649464
38,0.00010507145023272778
39,0.00010817869345427769
40,0.00010099521396757824
41,0.0017425847930492488
42,0.0016966277468179669
43,0.0016850548577780915
44,0.00010080017267864495
45,0.0018013435429487519
46,0.0017278038737267986
47,0.0017067641832665622
48,0.00010741975786892163
49,0.0018964307255705949
50,0.0017009933140999427
51,0.0016962330242034638
52,0.0016909069762555157
53,9.812397144537207e-05
54,0.0017028118173743117
55,0.0017475032431585546
56,0.00170251790683744
57,0.0017661369221286445
58,0.0017054053875508516
59,0.001766110884520207
60,0.0017067672813602067
61,0.0016873874601785403
62,0.00010425155982376577
63,0.00010437152016023362
64,0.00011194774964545407
65,0.00011700078818006661
66,0.00010593367760645352
67,0.0018140730923257738
68,0.0017021779220566897
69,0.00010356670848833667
70,0.0018019113031540416
71,0.00010732987466728284
72,0.0018494385549907837
73,0.0017123736216100025
74,0.0017205269168144154
75,0.0017017412611979625
76,0.0001099805127639331
77,0.00010072444816587916
78,0.0017761427817441196
79,0.0001004769842926638
80,0.0018076063947645932
81,0.0017653946314091936
82,0.00010183646021373861
83,0.0017288896184831106
84,0.0017251991764582458
85,0.0016927141049556524
86,0.001702389238031395
87,0.0016998102895106405
88,0.0017032206720285967
89,0.0017003648446367765
90,0.00010635091681871326
91,0.0016916368532430431
92,0.0017024853426124199
93,0.0017085783686433156
94,0.0016996813573883164
95,0.0016960999534087003
96,0.00010071033843737894
97,0.0017649361765136003
98,0.0017238359167607656
99,0.0017194235773899847
100,0.0016918599857421062
101,0.00010554331015491266
102,0.00010243780124442234
103,0.0018068281515241224
104,0.0016912510184269331
105,0.0017068007239450583
106,0.0016972918341043113
107,0.001709570401133795
108,0.0017033905358066952
109,0.0017036286911510969
110,0.0017190243944452338
111,0.001696334806923159
112,0.0016975461153768436
113,0.0016972024596069557
114,0.0017060608728259707
115,0.00010428147479716694
116,0.0018255112776508608
117,0.0017047869422549967
118,0.0016951701580455469
119,0.0017512181490517912
120,0.0017184917198591872
121,0.001712595162909785
122,0.0016996995024173346
123,0.002137667621305313
124,0.0016953710701575106
125,0.0017371826198012104
126,0.0017065294291982894
127,0.0017576066109475745
128,0.0017140196156996148
129,0.0017036141410552495
130,0.0017095638695528085
131,0.0017344187964816937
132,0.0017455238439872862
133,0.0017088259089128655
134,0.0016992895601398133
135,0.0017207600969245096
136,0.001704337727951245
137,0.001693529012779104
138,9.902150326797386e-05
139,9.906720796116583e-05
140,0.001763561917626218
141,0.001694731055762906
142,0.0017113774161490682
143,9.852315168806077e-05
144,0.0018675261828516713
145,0.001730495112409276
146,0.00169837729233707
147,0.001716229919948994
148,0.0016940261490860963
149,0.00010009213177918819
150,0.0016998420324629499
151,9.889927633438328e-05
152,0.00010021304260137955
153,0.0017652110581862334
154,0.0017022281043975948
155,0.0017135891296618903
156,0.0001039820098498457
157,0.0017484974448160537
158,0.0016920350414335295
159,0.0016928110844441164
160,0.0017501302328242017
161,0.00010342341534460246
162,0.001776326359611337
163,0.0017667605102251874
164,0.0017137976566987403
165,9.779855733585551e-05
166,0.00010872190792033678
167,0.0017917024336642682
168,0.001698018355216466
169,0.00010908856319773713
170,0.0017599207774798929
171,0.0017131606528824211
172,0.00010087644102293852
173,0.00011111939634206219
174,0.00011124442955869864
175,0.0017700468738361262
176,0.001695671019826038
177,0.0017765529431532773
178,0.0017013098641041275
179,0.00010422652632159572
180,0.0017678979650132866
181,0.001696296850115024
182,0.0016995921754324656
183,0.0017043825801645858
184,0.0017856667422588052
185,0.0017118001460113955
186,0.0017077757706662983
187,0.0001006443031180183
188,9.819116069276406e-05
189,0.001771826965719279
190,0.001702899899005584
191,0.0016975985027191188
192,0.00010316803101661351
193,0.0017834347881705043
194,0.00010221222462375584
195,0.0001007682348447157
196,0.00010503052087344529
197,0.00010055046648576255
198,0.0019432617023727422
199,9.914540732137052e-05
200,0.0017261451651609263
201,0.001684756772540269
202,0.0016951570314725152
203,0.0017084310240856383
204,0.0017183259685017225
205,0.0020553654557518455
206,0.00010559678140189196
207,0.00010590519406695101
208,0.0017444108322674547
209,0.0017110981224132248
210,0.0017323287904740853
211,0.0017076893398365789
212,0.0017126487182214658
213,0.0017096326809099619
214,0.0016904444238490127
215,0.001710795941029706
216,9.771538594753078e-05
217,0.0017762691482919532
218,0.0017141998152588331
219,0.001697130296239615
220,0.0016999486987199944
221,0.001696744222816833
222,0.0017079594095422835
223,0.0017023068043004607
224,0.0016930539956037725
225,0.00010706148916698972
226,0.0017406174332291518
227,0.0001067193060639646
228,0.0017102217414203553
229,0.001730459332241843
230,0.0017187081980632574
231,0.0017714641628258808
232,0.00010573479377323888
233,0.0017488841941248254
234,0.0016915510267357448
235,0.00010600623390218035
236,0.0016916834544302023
237,0.0017065235526737682
238,0.0016939639413369233
239,0.0017380564986950408
240,0.0017071756148867312
241,0.001686116259633054
242,0.0017639495083822594
243,0.0001057244214487506
244,0.0018215922822371626
245,0.00010878114036850024
246,0.001778194713791442
247,0.0016986151086860663
248,0.000102288841628293
249,0.0017009063267466476
250,0.0016991091957717312
251,0.001698204542727048
252,0.0017670482235044435
253,9.738965195149112e-05
254,0.0020538550299536566
255,0.00011669023224514816
256,0.0016980130849808734
257,0.0016886564935522513
258,0.00010372966206709477
259,0.0018832802271640053
260,0.00010688757562845131
261,0.00010400835958095109
262,0.0017750215439461296
263,0.0017723277383523603
264,0.0017162719881966284
265,0.0016996978840350626
266,0.00010927074164806606
267,0.0017120074576132363
268,0.00170490961510843
269,0.001731847789019666
270,0.00010663102967522704
271,0.0017026092028804673
272,0.0017041957042643531
273,0.00010497095313119644
274,0.001767949163299603
275,0.0017030499928412915
276,0.0017221726482563287
277,0.0017061473752029933
278,0.0016827459408877432
279,0.00010046719766626809
280,0.00010073956335004349
281,0.0017727111673835623
282,0.00010212886351907803
283,0.0017154823392457259
284,0.0017211884990835926
285,0.00169752333489175
286,0.001703993722230185
287,0.0016960197612445529
288,0.00010046702043825309
289,0.001770635365095251
290,0.001740176824481573
291,0.001709594869653957
292,0.001692969353925627
293,0.00010008458921179397
294,0.0017243331679900064
295,0.0017064739628527379
296,0.001702952360167441
297,0.0017061676961010392
298,0.0017481631426757883
299,0.00010949039268715567
300,0.0017291302983917162
