1,0.00010840575075908801
2,0.00011114007270097856
3,0.00010392449591260172
4,0.0017873702220918702
5,9.556240098522168e-05
6,0.00010093115237837486
7,0.00010501674882274159
8,0.0018435677548724215
9,0.00011246902641774945
10,0.00010325256657726104
11,0.00010343276508488405
12,0.00010424142016438262
13,0.00010350579204648477
14,0.0017653008648148185
15,0.012566406552288273
16,0.00010089901039665145
17,0.002177068099163535
18,0.00010283030766454761
19,0.002024762129053801
20,0.0017239883180363617
21,0.0016965085437411096
22,0.00010234439321850434
23,0.0001036135568541631
24,0.0017432136576300832
25,0.002183288870319346
26,0.003891816912179022
27,0.0034677755213185233
28,0.0017053662798949684
29,0.0027433316874458874
30,0.010599661542657648
31,0.003543124028258247
32,0.003068487450022213
33,0.00010377546858445391
34,0.0001045389336641803
35,0.00010646975890044054
36,0.003860959419834538
37,0.022137180950460224
38,0.0034308798275665187
39,0.004678731716522824
40,0.004160585787936072
41,0.001701387844328295
42,0.001705151234437645
43,0.01972315705346985
44,0.00010248397371183976
45,0.002532553917606928
46,0.0026163442037827945
47,0.0016871308246328084
48,0.02783459649390244
49,0.0017057082570110047
50,0.0001014801989736696
51,0.00010132731815241385
52,0.00227481703175998
53,0.0026383797843429475
54,0.0036991345694222006
55,0.02156269266585514
56,0.0022006992960965353
57,0.0033823212650097743
58,0.017179911515151514
59,0.005620703272602392
60,0.0021398982055934154
61,0.0017190586089952844
62,0.003134510281317101
63,0.0027153856966845875
64,0.0034419156343364512
65,0.001705234198465146
66,0.0017137000428556124
67,0.0016904997363182343
68,0.0027374617325056434
69,0.0020324250334420196
70,0.0016989353823088455
71,0.001714202420572168
72,0.022988816202531646
73,0.0025053993875
74,0.020040857872219053
75,0.00986575223941368
76,0.0098782879613313
77,0.05865797772346369
78,0.004468627599078341
79,0.019986817780360253
80,0.014358235297260092
81,0.0025017321797004993
82,0.001717049237436453
83,0.0035745787235308113
84,0.0017182110084694275
85,0.0017035727533801861
86,0.0017064782523042283
87,0.002651111975863284
88,0.0056194979182098105
89,0.0017284118617039916
90,0.0025831877186881388
91,0.0017254216470421837
92,0.00597388738278222
93,0.0017013274188363869
94,0.0026266427415120755
95,0.002936828309090909
96,0.001708717488789238
97,0.003949893703643329
98,0.00693315952233185
99,0.002643391219362206
100,0.0021395805496688737
101,0.009223126374807987
102,0.028539484375000004
103,0.0017108029493915777
104,0.004996903533387956
105,0.0716023816912972
106,0.0034345503226950345
107,0.0016979113623184776
108,0.004072944539048738
109,0.00325357349336745
110,0.004189473485827518
111,0.0036992052770089654
112,0.0035298242086068566
113,0.003861305788525855
114,0.003415732046318457
115,0.0016943224853124446
116,0.001704368527700903
117,0.003237850568487621
118,0.06309909676945667
119,0.004235453200139897
120,0.06302067750000001
121,0.002121242471379883
122,0.05885486700960219
123,0.008628574337070653
124,0.010427245941651774
125,0.0034119687416473243
126,0.023657898197037994
127,0.003570453243050606
128,0.003358084925653141
129,0.0020728226214965285
130,0.0016908600326469114
131,0.0032000885712399315
132,0.0021584346145256386
133,0.0017004761017188935
134,0.010216500170183797
135,0.004554891960903166
136,0.022465756488314885
137,0.0034571333323755006
138,0.05174739014084506
139,0.002592235758746512
140,0.001704215447771735
141,0.002983115406940842
142,0.004345712673907189
143,0.004663004835164835
144,0.004007072773332602
145,0.0035678661094002057
146,0.09418322358490566
147,0.001703396078257161
148,0.0016949151402494889
149,0.002550517992694934
150,0.0022207733650633837
151,0.0025834506607458133
152,0.0030688899045297584
153,0.004497184092205338
154,0.0017011554874790725
155,0.0017051387290934275
156,0.002067070233213736
157,0.0017161254334641452
158,0.005005565585084467
159,0.0016905856383546058
160,0.0022072861122509465
161,0.0021060571202394375
162,0.002067667430257738
163,0.00175031612582193
164,0.004597458183888978
165,0.0022656122582453515
166,0.002125559985106663
167,0.0016904586638646555
168,0.006940060828452491
169,0.006004032385513967
170,0.002155026635035196
171,0.03270194284475282
172,0.0032784885183178712
173,0.0033615696121440017
174,0.003564906394837196
175,0.0032139883232538053
176,0.003949469759771987
177,0.0036849992659922413
178,0.02173270298457411
179,0.013395358917748915
180,0.003572962219757315
181,0.0017072037602703254
182,0.002224718270528997
183,0.007870958560090702
184,0.004358327948786318
185,0.001709072684106791
186,0.0031927055410278567
187,0.0016916061314938185
188,0.002110734836814622
189,0.0017052300642632675
190,0.0038119091682419664
191,0.0035394339830322535
192,0.004558534642389065
193,0.008586651353819329
194,0.0017309793854788545
195,0.0030207903393848655
196,0.023820980614973265
197,0.00171569935811666
198,0.007842801445413435
199,0.003647124622812311
200,0.0028391123315402865
201,0.0035437847070397895
202,0.004317351004864086
203,0.005386620890775172
204,0.0026276255498692606
205,0.02268022783149171
206,0.004558247370377253
207,0.001694806526674234
208,0.003655698283100915
209,0.0021171849226963506
210,0.003951318561886368
211,0.01348155588317107
212,0.021847784375
213,0.0016975513135320608
214,0.010963779200542005
215,0.0017039331251707584
216,0.002640484125496767
217,0.003190103892247322
218,0.002581935195784744
219,0.0016961390481756093
220,0.0016917556165231915
221,0.007564864021823849
222,0.0031857829799639558
223,0.0025699321268656716
224,0.0034524858604437297
225,0.001962888717320254
226,0.0030320117148050904
227,0.007886189576229906
228,0.00276249826291883
229,0.0029700636870304224
230,0.0026608297994522487
231,0.0017063897021048877
232,0.07234664643449419
233,0.003536600453282644
234,0.005549467917139613
235,0.0021527531910474117
236,0.004144928120934028
237,0.001686867043106519
238,0.0021860963691582433
239,0.004211883682517603
240,0.0026311068240796797
241,0.0050089047726341665
242,0.0021686359128593314
243,0.002688332939055492
244,0.013933554553289288
245,0.004988253789420142
246,0.0017053380976095615
247,0.04025321077542799
248,0.0022214903658592427
249,0.003353886009859058
250,0.0017001870288843553
251,0.0032882429181349962
252,0.0020490387618373154
253,0.004532597381906271
254,0.019630401005025125
255,0.010063298182354442
256,0.001696610508083141
257,0.0016952274205561072
258,0.005656334140379468
259,0.0016964199847024084
260,0.0016936803509962036
261,0.0034531821829475082
262,0.0017086014293911432
263,0.0017025643787312848
264,0.002069687550863066
265,0.003257063001010441
266,0.022531483753229976
267,0.02796671372324159
268,0.0017327887619089846
269,0.014721642982722037
270,0.002088418425698661
271,0.0036209200553767875
272,0.002252862283391571
273,0.012999383989614885
274,0.023123948326502733
275,0.0034081987187433308
276,0.002086676411109689
277,0.0031200345431062313
278,0.0038572875417415874
279,0.004312075236370063
280,0.00251983444219383
281,0.0017186986722662772
282,0.004001280660228054
283,0.002037907298104006
284,0.0030513285663555196
285,0.002170913513877661
286,0.014092188566790353
287,0.0033345896486756065
288,0.003345425056403117
289,0.003590394766332857
290,0.027085348707533232
291,0.009768850785494216
292,0.0020960613439057934
293,0.0016992959800148297
294,0.001705149662613341
295,0.0017319185559837296
296,0.0020580605917411665
297,0.0030974945011556245
298,0.0016978048584129649
299,0.0021211281536847623
300,0.0026289372782696786
