1,0.0001000738319591029
2,0.00010620276686355077
3,0.0028490599062213195
4,0.003129109706604627
5,0.00010373742083822401
6,0.0001007069726855543
7,0.00011386832054879565
8,9.584259477528636e-05
9,0.0001016506756940337
10,0.02229724582814446
11,0.00010253955997312107
12,9.85382540469987e-05
13,0.00011313925544140113
14,0.00010231508088905209
15,0.004046962386774465
16,0.00010495899056823701
17,0.0028772004128950293
18,0.03160825397867104
19,0.00010121218979417383
20,0.00169716815909816
21,0.017421144923857868
22,0.0038022404277864995
23,0.003639033983580628
24,0.019715912916439104
25,0.0016854279134840616
26,0.003658229926786928
27,0.037133169124423965
28,0.002678382534891449
29,0.03811864850530377
30,9.722417990230439e-05
31,0.021507506375000002
32,0.00010627601752172975
33,0.002207321873431582
34,0.0001059940345352401
35,0.0033008265528972776
36,0.018035618869346737
37,0.002147570060264989
38,0.003621798470764618
39,0.004149180404713115
40,0.00010362587701771854
41,0.00010394950189295844
42,0.044230138245219354
43,0.0017146369021574577
44,0.004045122076182502
45,0.04408700553728071
46,0.0030319103003426727
47,9.726578384294458e-05
48,0.06724194580031695
49,0.001699776078953827
50,0.03480628731408575
51,0.001700278196623673
52,0.006030956901688184
53,0.0881168204040404
54,0.0034241315816722503
55,0.0038395340772477294
56,0.023679517061611373
57,0.023359920274584927
58,0.017658561727133367
59,0.036233811586538454
60,0.000103981870139444
61,0.03716066016456921
62,0.00295341840181807
63,0.0016989805239220114
64,0.014326259393661
65,0.025083907920446614
66,0.0017043619987924439
67,0.0017148539889600483
68,0.039096048548548555
69,0.0021507282976827094
70,0.0046734084670097655
71,0.007917591627864123
72,0.03220064609500805
73,0.0026796263543516874
74,0.0027293204647760518
75,0.010949996989174562
76,0.023716679586390926
77,0.0030107035219344358
78,0.0030800283140980677
79,0.005515752186798166
80,0.001706936166119524
81,0.21009786928251123
82,0.01120267348869428
83,0.021934269586674892
84,0.0021780562423941944
85,0.002152503472253176
86,0.0017218025868532868
87,0.003055112478761564
88,0.039362166466466474
89,0.00442966425699141
90,0.001694717969951708
91,0.002155852104534904
92,0.003968493192815551
93,0.002168026948270448
94,0.00588079338077598
95,0.012944497025080041
96,0.028823355702094645
97,0.0019636835849591193
98,0.0017015621727887995
99,0.09167260723270441
100,0.0031202593675379153
101,0.007532711809663057
102,0.0034761745837519737
103,0.002181805509177772
104,0.0050564998860811936
105,0.0034946404622183585
106,0.04686599641230069
107,0.002064614105847205
108,0.03879776980676329
109,0.0017050859610165307
110,0.0017018150231997366
111,0.0035673399428133674
112,0.01626365266318538
113,0.004381207425430296
114,0.005143657178374947
115,0.0016883087240638322
116,0.01964661504938989
117,0.024491123761339845
118,0.0021077577981053366
119,0.002157311976863638
120,0.002117853320252889
121,0.017897228877440344
122,0.00441213558071585
123,0.0036265671079353146
124,0.04441751677667767
125,0.004135177837465566
126,0.001707982449813466
127,0.05009395281517748
128,0.0037763409289959336
129,0.003345173239047948
130,0.00505870620603015
131,0.001730917144895371
132,0.0017030791013048754
133,0.019261745911568744
134,0.0037897272249666747
135,0.008727686848789553
136,0.011109408508932663
137,0.001705432700617835
138,0.11231378078817736
139,0.001715736432186235
140,0.0024745547988009346
141,0.0026001099399044912
142,0.03607031889312977
143,0.0027811189187939333
144,0.02581755692625776
145,0.001707355762226387
146,0.01910627856283824
147,0.0022008251398680924
148,0.002677966447477482
149,0.017800115671641793
150,0.022986478613472857
151,0.09179067154639177
152,0.0596381560356653
153,0.004177383887357905
154,0.0016975714648347355
155,0.010899864635473341
156,0.002773384716057813
157,0.07357041247933882
158,0.027955135973837208
159,0.00459870217888161
160,0.003940807712375673
161,0.0017024518904361998
162,0.020949965560292324
163,0.006369927433105982
164,0.09304859918533605
165,0.0026479620155038758
166,0.028329105509745118
167,0.0026483385221371353
168,0.0020462808454453267
169,0.022104575015422578
170,0.0038319242787419857
171,0.0021343493921833472
172,0.007252176090496075
173,0.05364064478371501
174,0.016729700724637683
175,0.008424537588960248
176,0.03132867283950617
177,0.003737431914269364
178,0.02836953522311631
179,0.0025126068953974894
180,0.07146840200668896
181,0.043457351127819545
182,0.08659987005813953
183,0.0022110064860539546
184,0.018151224914772727
185,0.014238471354148697
186,0.17699624153846155
187,0.020355547334089622
188,0.04571204911012236
189,0.017076388560687435
190,0.026902711200000002
191,0.06515219493865032
192,0.002090722477891302
193,0.004163981498344371
194,0.001693749094539213
195,0.02616386826992104
196,0.004051226279322147
197,0.0016887173168141593
198,0.06954407916006337
199,0.0017022744723818252
200,0.0021049295041429875
201,0.0016997180297514613
202,0.0017334575715146575
203,0.04428370273311896
204,0.02839784496904025
205,0.056029685413744736
206,0.002677102379770571
207,0.004720757167934465
208,0.0021265693685595262
209,0.03349372372881356
210,0.0017258488046750487
211,0.001708093735174367
212,0.04827229022118743
213,0.02945572697368421
214,0.006459850247721334
215,0.0026745879739215024
216,0.0032293532153154967
217,0.03303198380872483
218,0.0017060117295453743
219,0.09986846164383563
220,0.004664945502340913
221,0.0034923486888680205
222,0.01732855911303407
223,0.008365558550979188
224,0.004951466605839417
225,0.0017134880003567604
226,0.03516779271889401
227,0.022560999542403908
228,0.0016962031971846806
229,0.0017022370415526974
230,0.0017795977923116923
231,0.0017023880891788238
232,0.0017169657637214576
233,0.021506072308188268
234,0.0021829427094152178
235,0.01285348383090606
236,0.05348258820876289
237,0.04499232102857143
238,0.0034420004797133617
239,0.001706295606472812
240,0.02694159788321168
241,0.07180551883223683
242,0.0021892644954461006
243,0.002165689650603592
244,0.04262158854718982
245,0.03468451833639706
246,0.022728197015404367
247,0.027488318898240244
248,0.0026246606448488722
249,0.016560548266522212
250,0.004600474256628788
251,0.004978808264760337
252,0.001719825098397713
253,0.0033415137570527715
254,0.001963430356492534
255,0.002518145645390821
256,0.002708485460773853
257,0.004009307236227825
258,0.0016968913443475098
259,0.003033444958068101
260,0.003807615408829779
261,0.01066995800351803
262,0.08619845777988615
263,0.02340512666455295
264,0.0140719249347637
265,0.06448380023255815
266,0.034301568943298964
267,0.03272700056374676
268,0.0045832498498498495
269,0.0027273942456616353
270,0.0893159453416149
271,0.010650363759052008
272,0.019649460833333333
273,0.010038693416913106
274,0.004770830288972649
275,0.006667272435600508
276,0.004494256226535694
277,0.01943810664756447
278,0.022485056047865458
279,0.023594852076356327
280,0.0036944505927502098
281,0.027902095976154995
282,0.003617982210755825
283,0.04996513665458937
284,0.019180646531614488
285,0.04482343200218819
286,0.0423507683557394
287,0.05947302767605635
288,0.025667633108108108
289,0.004655308932140478
290,0.02567687794226499
291,0.010767703744177714
292,0.017178867584325398
293,0.003064491037928222
294,0.0032612253340080976
295,0.0035728208043111667
296,0.019819870905172416
297,0.016451890266599597
298,0.00223126249320406
299,0.012229921221662469
300,0.0172532775332651
