1,0.00010492197106481816
2,0.00010415252189224894
3,0.00010258099418385171
4,0.00010360330604691125
5,0.00010278901601105435
6,0.00010438247290444681
7,0.00010370713630789977
8,0.00010454079669670847
9,0.002288242461576753
10,0.0017051908829889052
11,0.0017248908536585364
12,0.00010138068917758914
13,0.0018120629640287164
14,0.00010551343591180599
15,9.700242318007817e-05
16,0.00010625842211929477
17,0.003547662246574914
18,0.0020902682906314704
19,0.001701564289755649
20,0.002149561708649873
21,9.740938107589992e-05
22,0.0016920640821162076
23,0.0017038506325072827
24,9.850329968658947e-05
25,0.000101034282682704
26,0.0018996277916904579
27,0.001711041099673613
28,0.001697229338857546
29,9.942077746811547e-05
30,0.0017875000994730613
31,0.002152246689688545
32,0.0067243933240734525
33,0.0016995756557290007
34,0.00010651773588456114
35,0.002103233460473045
36,0.0034570494904550032
37,0.002098179374107877
38,9.920750533886094e-05
39,0.0018013157641054716
40,0.00010662330526191356
41,0.00010241771969106864
42,0.004077724188311689
43,9.980380464156443e-05
44,9.739757745708976e-05
45,0.00010264910683648211
46,0.0018180620508663069
47,0.00010507631347966716
48,0.003072530880382775
49,0.003180579090659256
50,0.0016950447579647113
51,0.004055518122124634
52,0.004165175788840169
53,0.0016893322919261289
54,0.00010214598382354189
55,0.001764118678904284
56,0.00010664290666188686
57,0.0021762410224663454
58,0.0016943022206935478
59,0.00010050151390510604
60,0.002610601750564698
61,0.0001074760149051538
62,0.0018055580737371215
63,0.00010136946078410277
64,0.0026001680887163883
65,0.00010418466000066915
66,0.00010817073598038885
67,0.0029407474714003945
68,9.935172548724338e-05
69,0.003040871943352485
70,0.0017038946425660653
71,0.0017175550229529201
72,0.00010828519091387254
73,0.0001007847848948692
74,0.00010604327365618891
75,0.00010057837406986671
76,0.0024235994871470183
77,0.00010847166197761301
78,0.00010757282037607647
79,0.00011094343609652475
80,0.0017792891485919186
81,0.00010329342964639474
82,9.982593131813515e-05
83,0.004907290376707786
84,0.0001094493680447452
85,0.00010417063296606601
86,9.966659603206057e-05
87,0.00010001138667531354
88,0.001831792608656458
89,0.0017038733927683455
90,0.0021678327088369602
91,0.00010497231654306502
92,0.0016854385896144996
93,0.005828794965675057
94,0.0016986243248026617
95,0.00212470149050299
96,0.0017061217496853085
97,0.0017130967968967453
98,9.702287679359462e-05
99,0.001839067623524196
100,0.0001035035564934995
101,0.0017066142396702949
102,0.001712114240607372
103,0.0017108321958645802
104,9.687262452303592e-05
105,0.00010379780587754771
106,0.00010414600930706231
107,0.00010307293451742612
108,0.0018085181820181229
109,0.0016981021362452032
110,0.0017160330240722167
111,0.0033042912326152153
112,0.003776516119240349
113,0.0017008319456741155
114,0.00010607249035087721
115,0.00010562899239767963
116,0.00010401778618708817
117,0.0018359371078302464
118,0.00010243521453048401
119,0.0016956784343237598
120,0.0017033687700249197
121,0.0017553332988761556
122,0.001706734499606271
123,0.00169952511416321
124,0.001744814010863595
125,0.00010162551206247825
126,0.0017467243632083758
127,0.0017052676571829998
128,0.0017028019060393207
129,0.00010361256364950094
130,0.0017912691601520894
131,0.00010360037997124654
132,0.0017778675280498669
133,0.002136702821865579
134,0.00010364205915094945
135,9.824757525271167e-05
136,0.004272629248595505
137,0.0017140733825360128
138,0.00010425019152292554
139,0.001702462610431833
140,0.0017249462829736209
141,0.0017975005622960125
142,0.00011044949621261852
143,0.0021904730011771097
144,0.00010440392063310494
145,0.0016998912020688424
146,0.002630361807860262
147,0.001714119950433705
148,0.00010462765047168585
149,9.835952968049066e-05
150,0.0024147707553719734
151,0.0020926616320117095
152,0.0017042921197112022
153,0.00010551075794235456
154,0.001692371239704479
155,0.001701340142826228
156,0.003487740870381063
157,0.0017074952907655825
158,0.002025715787162868
159,0.00010042363536199565
160,0.002561192552966102
161,0.0016991806547418927
162,9.7765334761821e-05
163,0.002645901823961013
164,0.0017327016241139768
165,0.0017164939125965833
166,0.00010998635430421649
167,0.0017245839395884594
168,0.0016935276629683458
169,0.0017089072391830349
170,0.0020792294690341394
171,0.0016996011293670622
172,0.004118578292993631
173,0.00010256818491124259
174,0.00010370773770091139
175,0.0018531713269868539
176,0.0026241933933575565
177,0.0016868074211010475
178,0.0017115078875072297
179,9.993248437439921e-05
180,0.0001061979141806206
181,0.00010168562766734335
182,0.0017497683437280394
183,0.0016972608252665544
184,0.012556322849156039
185,0.00010194819691482942
186,0.001698302741607506
187,0.0025337156600790515
188,0.0001016512922833867
189,9.885863868970046e-05
190,0.0017867225591715978
191,0.0016995597120529429
192,0.0017013821197698375
193,0.00010818776788872152
194,9.868371354756437e-05
195,0.0017843258575822093
196,0.0017021463459940367
197,0.0017106759251397435
198,0.0001059841306031336
199,0.00266757815625
200,0.0021542398548466094
201,0.002065533820579574
202,0.00010244399747625747
203,0.00010075917607813524
204,0.00010702583972379603
205,0.002285556457796493
206,0.0021259223853694995
207,0.00010832161476002322
208,0.002748877778964799
209,0.0017010946442395664
210,0.00345894858710464
211,0.00010807369641644764
212,0.00010072080975153037
213,0.0017610396882232213
214,0.0001024395869322385
215,0.0001023011793881695
216,0.00010078816259010303
217,0.004586512403534976
218,0.0001089638542667646
219,0.0017703275030199674
220,0.001710596899609791
221,0.0017488590409943149
222,0.0021010415770811057
223,0.0017066903683023733
224,0.002688215184587115
225,9.907756676113611e-05
226,0.00010160235399130253
227,0.0024008653953162032
228,0.0020109520910260134
229,0.001678689994144342
230,0.0001138383734302512
231,0.0022130345832278376
232,0.0017060505281941468
233,0.00010902363583780041
234,0.00010104271711837968
235,0.0035515927704950104
236,0.0017027557672267021
237,0.0017173021355090345
238,0.0017087984039038276
239,0.002072019116705782
240,9.836894196434045e-05
241,0.0017160376795027506
242,0.0016853950964974983
243,0.0016985313704307166
244,9.914139297261554e-05
245,0.0001017057684505704
246,0.0017805662353347137
247,0.0016944425886787132
248,0.001716532845976195
249,0.00272973846198795
250,0.0019936818107131127
251,0.00011224873618290687
252,0.0018623191059761739
253,0.001716386955138455
254,0.002670990729559051
255,0.0038139371811143547
256,0.00010280440875688002
257,0.0016986647561714101
258,0.0017171422826435104
259,0.00010883783985272585
260,9.609911056350536e-05
261,0.004113554920913285
262,9.587980403997884e-05
263,0.0023858325762027917
264,0.0017046177961626476
265,0.00010923244583112507
266,0.0022067800079788565
267,0.001691518292208022
268,9.943966832605442e-05
269,9.735698429173869e-05
270,0.0038992626007326014
271,0.0017065504271154127
272,0.0038868338569706708
273,0.000102572898870592
274,0.0020681300780750027
275,0.00010799233430223416
276,0.00010423569856802387
277,9.825293860949012e-05
278,0.0017683787487703187
279,0.00010382547276756685
280,0.0016985827997692696
281,0.0017018744276318153
282,0.0017064935612833493
283,0.0017309586804941067
284,0.006350160489556286
285,0.0017092101041190336
286,0.0016992358688676555
287,0.0001001466670284375
288,0.003999046073473708
289,0.003237599809733627
290,0.00010973699135086938
291,0.001712937436818828
292,0.00010414218309643087
293,0.00010473137829096016
294,0.0018517898733482418
295,9.945654163090486e-05
296,9.832836646841454e-05
297,9.802089699523376e-05
298,0.0017703477904645688
299,0.0031491263334030542
300,0.00010719697583220871
