1,0.00010167598060005457
2,0.00010099719732669072
3,0.00011175351654446735
4,0.0023636399121843036
5,0.00010140407190006596
6,0.00010167562000597494
7,0.00010454276416022216
8,9.906088737601603e-05
9,0.0001022307205917958
10,0.0001097285692565895
11,0.00010542912297601924
12,9.963228278075129e-05
13,0.00010485532771083806
14,9.962757848610235e-05
15,0.00010868212400394316
16,0.00010507475241721549
17,9.594990947265514e-05
18,0.00010792317494003407
19,0.0001078214935844693
20,0.00010166374728518713
21,0.00010850442250132246
22,0.00010115960230509986
23,0.00010548014444955277
24,0.0018032115770500346
25,0.00010184865336802172
26,0.0001081974086414996
27,0.0028472393311242965
28,0.0019966616925490275
29,0.0035311336975678534
30,0.00010719087070487144
31,0.0016919475873177542
32,0.00011519370822761958
33,0.00010227990675113197
34,0.00011171184537110248
35,0.00010573061655532565
36,0.0017604209607755973
37,0.0020077590149225407
38,0.00011007899641538438
39,0.00010184587515747119
40,0.0017624223485978182
41,0.00010171899546445723
42,0.0034641993718288306
43,0.0017115246701893752
44,0.0001047067926088459
45,0.00010472854836470959
46,0.00230314793798608
47,0.001693426085859496
48,0.00010318400211329315
49,0.00010981751613758293
50,0.00010738280232689624
51,0.004610831080592699
52,0.00010489215088878725
53,0.00010228593966991336
54,0.00010802464811391722
55,0.0023342575294182538
56,0.00010826033982820672
57,0.00010513931279288817
58,0.00010488586084939274
59,0.001797769897564954
60,9.939488287172041e-05
61,0.0037093767185000554
62,0.0021073627757232974
63,0.009105819622747749
64,0.0021370863357328975
65,0.00010445878289078918
66,0.00010478454688955879
67,0.00010091869715152768
68,0.0017370463681119369
69,0.0001008175132304763
70,0.00010009432718004298
71,0.00010711436581744367
72,0.0023631784406624727
73,0.00010177634183784478
74,0.0037390511459815734
75,0.02170539747504404
76,0.003204316160506161
77,0.0017070157153369074
78,0.002890241576217462
79,0.00010032961332897533
80,0.00010296733556224966
81,0.00010898238846255854
82,0.00010653193019648647
83,0.023145937592717464
84,0.003886779508196721
85,0.006585047056424201
86,0.001744313161401866
87,0.0017493645433927492
88,0.00010544570735349009
89,0.00817682617040815
90,0.001709288100828975
91,0.00010726300724841464
92,0.0022365015413908784
93,0.0017609483109609714
94,0.0017074861736794988
95,9.793119883780577e-05
96,0.002034069034387666
97,0.018045366111414527
98,0.0020602121777418534
99,0.0033811801493162153
100,0.00011348759239952286
101,0.0046820193077522325
102,9.952385193454688e-05
103,0.0038059910115204446
104,0.0017163895781149355
105,0.003082598042091837
106,0.0016989336351418264
107,0.0032934221333041
108,0.0001147367647554113
109,0.0016944041653270462
110,0.00010638369840599051
111,0.0036331741034070528
112,0.007921252450830854
113,9.924305936778117e-05
114,0.021265146475507764
115,0.0016995833032405203
116,0.0001002622920218539
117,9.79689933727004e-05
118,9.888326006580127e-05
119,0.0033702963047160563
120,0.00010617857422938057
121,0.002667088300858653
122,0.00010428994853414423
123,0.00010020467872355488
124,0.00010837463227328535
125,0.00010332295166401693
126,0.00010635288951939122
127,0.002827408819849556
128,0.01732626297577855
129,9.762327117428313e-05
130,0.0017661772297119097
131,0.0017021660494926114
132,0.00010493035257384143
133,0.00010207954761268879
134,0.0018396732282366074
135,0.00010042475230549593
136,0.023858012483912484
137,0.00010368007227267622
138,0.00011192546985188202
139,0.0017244483857669778
140,0.00010491762512794602
141,0.004123166930474003
142,0.0017230828079974386
143,0.00010229289797834429
144,0.00010534493439317785
145,0.00010366647632431433
146,0.00011035759997147811
147,0.0001081290162711438
148,0.00010053157981030655
149,0.0022166914999378656
150,0.00010279848961453449
151,0.0017149268791660757
152,0.001730921297748005
153,0.016892346573666176
154,0.00010033601106700851
155,0.00010063057245818431
156,0.01721857890499195
157,0.00011083513021006658
158,0.00010803452971464533
159,0.0018292678613927363
160,0.0037711937383395526
161,0.0020995540192091373
162,0.0017037654092552164
163,0.002073256448589333
164,0.002980249388520157
165,0.003212121161646386
166,0.00010659285731549495
167,0.002814398381224444
168,0.00010141093736832588
169,0.0016994202191624862
170,0.00010623518471318153
171,0.00010638978409207304
172,0.00010071080750800393
173,0.0023181048417190123
174,0.002236005059537285
175,0.00010073694160388998
176,0.00011352093060193083
177,9.730167897503736e-05
178,0.004580924814868436
179,0.004232862542520715
180,0.0037803192532315836
181,9.929885261230374e-05
182,0.001805769026172891
183,0.0021396168641547955
184,0.002060082240310405
185,0.016903994683026582
186,0.002712637257043634
187,0.00010388663142331561
188,0.00010023001801197919
189,0.0026904681164066396
190,0.014036687827102805
191,0.00010656469212189465
192,0.001783593664352171
193,0.0021334620496134865
194,0.0031127071943836153
195,9.755402694666341e-05
196,0.00010022532953919046
197,9.863515525082437e-05
198,0.00011169879512738596
199,0.004442698261883651
200,0.0017111773953158269
201,0.0043650469688792945
202,0.00010537152707205038
203,0.03352135827731092
204,0.0030176553583995173
205,0.00010316514786933443
206,0.00010443872041404007
207,0.0018594046189042293
208,0.00210714038202735
209,9.895573346413028e-05
210,0.002710206673211781
211,0.00010396295753205474
212,0.003898062402413058
213,9.806602805551289e-05
214,0.01819620949800342
215,0.0020931559619368203
216,0.00010843591464009244
217,0.0017210627333033507
218,0.00010265509833559565
219,0.00010478518816311853
220,0.00010579021517227533
221,0.0055448887427629046
222,0.001709437638145152
223,0.02036160386430678
224,0.00010210570992839972
225,0.0018060009841187115
226,0.00010028935028159709
227,0.0016927468886739443
228,0.00399445759526919
229,0.002766616355269213
230,0.0017195745105893828
231,0.0034985788217828957
232,0.001690329300332342
233,9.552689779149012e-05
234,0.014695556496062993
235,0.00010961180230350586
236,0.0018487404250718078
237,0.0016984750614854893
238,0.00010335660070289498
239,0.00010934219057703485
240,0.00010402884516087323
241,0.00010762857369971781
242,0.00010299500370586957
243,0.00010407448043669842
244,0.00010489238848846482
245,0.00010239111539430879
246,0.003679829347848401
247,0.00010186675626071854
248,0.004341760921129991
249,0.0017179002548202002
250,0.00010741796798188445
251,0.0029976746466900315
252,0.003683082203285925
253,0.0020534307928898694
254,0.00010254482339525255
255,0.00010399056816930563
256,9.987682561816393e-05
257,0.0038497908083989503
258,0.00010413130688171169
259,0.00010792386749322797
260,0.00010918210693566779
261,0.004025085052390307
262,0.00010475248966665293
263,0.01189449943875061
264,0.00010654616931575348
265,0.002123064169116679
266,0.003803246746011648
267,0.001737322964801986
268,0.001728085754794803
269,0.0020271713025206773
270,0.0021460358043044153
271,0.00010118637810392568
272,0.00010136415073665229
273,0.003273550756279823
274,0.002583252242224116
275,0.0031352048645833333
276,0.003124547798088907
277,0.003132344798565122
278,0.0017146369638906726
279,9.777396291489044e-05
280,0.00010444883386401785
281,0.00010073776571420294
282,0.006868668095159086
283,0.0031262874298190893
284,0.00010261464325191731
285,9.927403079070427e-05
286,0.002162874318614616
287,0.00010757596323363383
288,0.005752459371260788
289,0.0022025612149320236
290,0.00010600184666002974
291,0.0017366842346325248
292,0.00010554837273675396
293,0.0001104557613079256
294,0.002393730300353357
295,0.00010034529763803002
296,0.006456309145935879
297,0.00010572962743234235
298,0.00010396362790138285
299,0.0017981892288535088
300,0.00010644178527673682
