1,0.00010085317523047902
2,0.00010532385859734465
3,0.0001034139129843326
4,0.00010894352067420921
5,0.002302168668819651
6,9.886788516434223e-05
7,0.00011104764578607652
8,0.00011065242407406957
9,0.00010399786572493251
10,0.002270650246744753
11,0.00011264344641604841
12,9.928846413240898e-05
13,0.00010206101973230887
14,0.00010995871350164863
15,0.001796686436538129
16,0.010083555795560814
17,0.00011244084153212487
18,0.0017080998426154451
19,0.00010214830137229348
20,0.0026477953641801544
21,0.004247886589403803
22,0.002638724419521598
23,9.585636979806882e-05
24,0.00010651360250767724
25,0.00010535488328208149
26,0.0017957495236032917
27,9.958594575724128e-05
28,9.589172694279479e-05
29,0.00010784156087455311
30,0.006723285409974641
31,0.00010361017441046904
32,0.00011156293673037798
33,0.03715543970864661
34,0.06442321966717096
35,0.021834813426219124
36,0.0027281451252087587
37,0.00010075785100250913
38,0.0020677684038879645
39,0.001772354664343296
40,0.00010519386028032603
41,0.018627093732029903
42,0.00010322514013681153
43,0.026155299190140844
44,0.009768619275653924
45,0.001707290380094044
46,0.037130893272727276
47,0.013234608333333335
48,0.01418923904397633
49,0.0034400983034571066
50,0.0016958834937787757
51,0.001720950867256637
52,0.003185625768115605
53,0.018333200104712042
54,0.10368273253424658
55,0.00494231983248731
56,0.03298762428940569
57,0.002726951542112998
58,0.00172251282311716
59,0.003623875298311445
60,0.00010257335777046096
61,0.00010127664217305246
62,0.004035031076532003
63,0.00823512939481268
64,0.07576132094017093
65,0.00010007685237220138
66,0.005882799913614744
67,0.002163227279648872
68,0.00010064542879509756
69,0.0021183838985549984
70,0.00010547994043045074
71,0.0035732230261147292
72,0.025141304407616357
73,0.0020372695366324984
74,0.05963568769448374
75,0.00010282094579807024
76,0.00010171423585056784
77,9.983723107756867e-05
78,0.0017672342611971539
79,0.029168148636009354
80,0.00010431533338773827
81,0.022399149498663104
82,0.003109680060306666
83,0.0016911283789503386
84,0.032848703098827474
85,0.00010375868749519049
86,0.0017110164272474513
87,0.005553442507155122
88,0.00316424314867008
89,0.10995137294685992
90,9.867694871023755e-05
91,0.0030606899854586835
92,0.00011183991661087521
93,0.039436382303090725
94,0.0030903317366803274
95,0.00010179084866550895
96,0.00010113225721339398
97,0.001778711135729162
98,0.0026493819843227055
99,0.0017052167029721244
100,0.08864556308016877
101,0.06970538732876712
102,0.0035583430940535417
103,0.00010235779354752206
104,0.001712453215109062
105,0.005024664236972705
106,0.004349375395114943
107,0.0017020930793684812
108,0.00010082330739246986
109,0.019430283286118982
110,0.0017067725026530705
111,0.004182806332499353
112,0.0021804206509970225
113,0.03470588285714286
114,0.0017489447196477397
115,0.07073086030844156
116,0.029857394183266932
117,0.00010085840792611124
118,0.0017181698152391866
119,0.00011186252460618832
120,0.030097718281758955
121,0.0033933126988576643
122,0.07723313356766255
123,0.0040117248840867694
124,0.00010078611619132955
125,0.002109087958251794
126,0.002048618836342063
127,0.0282137807606264
128,0.006574624378800556
129,0.002179444809212011
130,9.961650364839011e-05
131,0.06525471754518074
132,0.00010244531770165605
133,0.0001118023876058285
134,0.0017708030542786424
135,0.023006172200392926
136,0.0037446699961255327
137,0.00010017877284139933
138,0.02978666922120961
139,0.002150400319226953
140,0.00010969412385524886
141,0.028249183038461544
142,0.0021165883885325303
143,0.0021857424225288397
144,0.003386827297505067
145,0.0026951982690267464
146,0.018608324712973596
147,0.041901509883720926
148,0.00010323436011821542
149,0.001813916223044057
150,0.01218010435382685
151,0.03576655786993402
152,9.750005793916726e-05
153,0.09374994743852459
154,0.002695018161009379
155,0.008184102889858233
156,0.002130044900100806
157,0.016470542018779344
158,0.0017214244571367944
159,0.0016937074125952193
160,0.00010666214846185882
161,0.0018123402119011008
162,0.003054755135854687
163,0.0025096551225693
164,0.03163355155355682
165,0.0001010476778925293
166,0.0017205116145950535
167,0.014787191995073893
168,0.022796520106171198
169,0.003693904939714567
170,0.014147208265306122
171,0.006023787822177822
172,0.0044181972592189905
173,0.025478243893412286
174,0.003051307176936352
175,0.008706348439461884
176,0.003508999608184589
177,0.04312365099894847
178,0.028792110646687692
179,0.01389528123209169
180,0.0037318319987585348
181,0.0030225843070694485
182,0.02260165437141034
183,0.0626014873502994
184,0.03272157650343643
185,0.01975047430795848
186,0.0017322685323782033
187,0.04178475211480362
188,0.0025215908778113464
189,0.13021593467048712
190,0.00010641509900121503
191,0.004084170887486076
192,0.0026537978191911184
193,0.00222565533614989
194,0.015396610352644838
195,0.0034249979116740843
196,0.10087334876681615
197,0.004075281045504247
198,0.06470175751937986
199,0.0030399456385347095
200,0.0017357258982883008
201,0.0021826546199701937
202,0.0029895103454680534
203,9.742026748456911e-05
204,0.0021806470111883063
205,0.002611033307315498
206,0.001709707586635863
207,0.002137868648180243
208,0.005996421837589785
209,0.0022068822635212364
210,0.002767454762563393
211,0.023944491620305982
212,0.0026873392537645163
213,0.0017088571874455101
214,0.009539656859441685
215,0.0017119180688505993
216,0.010562092946930389
217,0.010001266429748662
218,0.002083637871170126
219,0.004824847070577675
220,0.00010911252806603724
221,0.03888255304878049
222,0.007063470769678452
223,0.004753403726465711
224,0.0022145238423487384
225,0.01223131816892792
226,0.002710716191760805
227,0.003581088088026037
228,0.001748071036737014
229,0.02480839338184338
230,0.001745626229712859
231,0.0026023763929933913
232,0.008050147544790977
233,0.00010492233018983534
234,0.01965525883647799
235,0.01938319490950226
236,0.0027968226262438394
237,0.0037160498577084875
238,0.00010079079572741574
239,0.002760113464190493
240,0.002215296216278006
241,0.003665246039079067
242,0.02592562027215631
243,0.0017325709403569875
244,0.004344835388271162
245,0.002717012066055253
246,0.020276288045427374
247,0.0272618832962138
248,0.0020804080024893774
249,0.012694964053254439
250,0.0027678227473946324
251,0.0017092422818673978
252,0.0037324819890805303
253,0.03257557046058459
254,9.752533941622023e-05
255,0.043534287250554325
256,0.002089523385986056
257,0.004926605819513684
258,0.017891367362924283
259,0.0017067690375313347
260,0.0031760976170347667
261,0.0022193838739025607
262,0.004407029977973568
263,0.00010962482107175295
264,0.00010510482139069601
265,0.03541528078725399
266,0.00275621162797282
267,9.694484577758826e-05
268,0.028822632330246917
269,0.0017018544023488628
270,0.01939786451895044
271,0.04030363292929293
272,0.004258596219991271
273,0.002661075790312583
274,0.06113218053935861
275,0.003684116874572146
276,0.0017396395246711978
277,0.0031871848169761274
278,0.01424926650207759
279,0.0021723535943603788
280,0.0035674733365019013
281,0.004984400040778877
282,0.014657512446657184
283,0.001695600843438441
284,0.002748746086438659
285,0.0001021668574266697
286,0.0041421504234155455
287,0.00735471200635497
288,0.006261310763242841
289,0.00010181507117231801
290,0.029609268181818183
291,9.953588322170843e-05
292,0.0039850146754281165
293,0.02261220745098039
294,0.003539120069419072
295,0.00010764627351664255
296,0.002172991137959767
297,0.023267161842980708
298,0.014130955676569823
299,0.0475847509009009
300,0.0017001626354542928
