1,0.00010693554385508943
2,0.00010573760627987282
3,0.00010990134488289047
4,0.0017629369635573685
5,0.00010324931676084481
6,0.00010036879859236465
7,0.0022167785629712724
8,0.001704795581935023
9,0.00010470151849036554
10,0.00011202508751047647
11,9.924256144494899e-05
12,0.00010358779425867529
13,9.845234839716576e-05
14,0.00010363545574011888
15,9.902768517128238e-05
16,0.00011180752939514845
17,0.0018500390006902425
18,0.00010594924896867293
19,0.00010285374717081365
20,9.930305773318796e-05
21,0.0017394531622782288
22,0.0016990363234409818
23,0.00010005655894319349
24,0.00010838788907096609
25,0.00010807131866929064
26,0.0024993083250014893
27,0.00011128110176010447
28,0.00010052597049341091
29,0.00010493566481007454
30,0.00010588512523542383
31,0.0017726203022056719
32,0.0016947010670677757
33,0.0020198547738269346
34,0.0021944086209214776
35,0.00010331744167249526
36,0.00011559841554543087
37,0.00010173329512330567
38,0.00010373455248852537
39,0.0017520655271500356
40,0.0017121201189477444
41,9.837632942561517e-05
42,0.002733009211671277
43,0.0016992700702592816
44,0.001719301818019181
45,0.0017115961066937542
46,0.0017684884794882023
47,0.00010352058892870617
48,0.0017808626909630765
49,0.002053296463404291
50,0.0016998460882435863
51,0.0016957997846845157
52,0.00010495581359348651
53,0.0016984279504536435
54,0.0017022598689584146
55,0.001724404357950818
56,0.00010711298017167061
57,9.971097340697921e-05
58,0.001808969683544304
59,0.0001002345591742343
60,0.001705769702635328
61,9.775884152608653e-05
62,0.0016903823634815314
63,9.974273030670727e-05
64,0.0018363638216748453
65,0.0021149340939539307
66,0.002016258271534787
67,0.0001051220706021952
68,0.0017164217336006597
69,0.00010348543151551451
70,0.003128953764608543
71,0.0016888126208588958
72,0.00010277327114833821
73,0.0016933780833591466
74,0.00170040900453772
75,0.00010584873559423573
76,0.00010762514457691762
77,0.0017920621777371103
78,9.791494305051173e-05
79,9.764829882553609e-05
80,9.89437463005405e-05
81,0.000105435304817265
82,9.908757482957392e-05
83,0.0001012444549213403
84,0.0017901094813542906
85,0.00010786067006935355
86,0.00010589684092943046
87,0.0001077153488459823
88,0.00010612282680526142
89,0.00010198042179010279
90,0.00010956081208686581
91,0.00010193259806047156
92,0.00011194509774881515
93,0.0018503697090199067
94,0.0020725333584564313
95,0.00010194733572629536
96,0.001812663745944621
97,0.00010788461962315006
98,0.00010386332598978964
99,0.00010609437950958628
100,0.002365507667312379
101,0.00010118614503930065
102,9.915508011420754e-05
103,0.0017369706852525038
104,0.0016987012621629133
105,0.00010508339660381419
106,0.000101531615517119
107,0.0018708562959020743
108,0.00010577600271864472
109,0.001691291436487441
110,0.001689000040267781
111,0.00010265944523297612
112,9.763225577072089e-05
113,0.00010418832903984667
114,0.00010049523661404916
115,9.94594657225224e-05
116,0.0017817786174484799
117,0.0016923293620646812
118,0.0001070251570332254
119,0.00010538692007869795
120,0.0019543640225956147
121,0.0017100948442686631
122,0.00010450021717663985
123,0.0017252823906564508
124,0.002219271176204479
125,0.0017098327425472337
126,0.0001057021585386869
127,0.00010474961368084888
128,0.0017954539801215779
129,0.00010242885766874458
130,0.000103562483697389
131,9.857149428122394e-05
132,9.879594057581162e-05
133,0.00010906007849819311
134,0.00010328364954128921
135,0.00010177288685183661
136,0.00010064168397900271
137,0.004001087215462103
138,0.0017349771010054138
139,0.00011225318305589151
140,0.00010736528514374683
141,0.00010228231000293383
142,0.00010165635596744238
143,0.0018648103066297834
144,9.972726391335028e-05
145,0.00010310474181237962
146,0.00010797141996379024
147,0.00010175598151457811
148,0.00011331149494576829
149,0.00010351100036299837
150,0.00010257642442243383
151,0.0001021591897289466
152,0.00010399831065343752
153,0.003829170951025811
154,0.0024093610992343643
155,0.00010490268720223708
156,0.00011237863771244844
157,0.00010257981849887443
158,0.00010657121017321324
159,9.620845915666049e-05
160,0.00010139687295185008
161,9.593744409864791e-05
162,0.00010713733753955676
163,0.0018066824197412556
164,9.993952849895553e-05
165,0.0022351627982116437
166,0.00010328007757562347
167,0.0001081214079537089
168,0.0001119166226651097
169,0.00010702845117280888
170,0.00010278713653183214
171,0.00010720267156242207
172,0.002217284685724986
173,0.0001019594359780106
174,0.002175141202247191
175,0.00010016899223036225
176,9.787207468854562e-05
177,0.0001028030351028351
178,0.0028468190967723766
179,0.00010045770088432428
180,0.00010852041517167477
181,9.66014003830039e-05
182,0.00010172025092102741
183,0.001803243063556742
184,0.0017025994817708254
185,0.0017121792160044189
186,0.0017044217959587395
187,0.001697031709879621
188,0.0017195176450200656
189,0.0017053468105096292
190,0.0017052594397454369
191,0.00010532202215007341
192,0.00171901158439066
193,9.835313745776225e-05
194,0.00010703297801932098
195,0.0018625968283192676
196,0.0017111537325427725
197,0.0033883753135813604
198,0.00010169278938360585
199,0.001963746969513426
200,9.800808998280489e-05
201,0.0001037782736290006
202,0.00010386520371452176
203,0.0017733313149748185
204,0.0021988425531914895
205,0.0026696902189538873
206,0.0021041362170724303
207,0.00010701645227664942
208,0.0001047532951605678
209,0.0001015736494816994
210,0.00010300847027118369
211,0.00010632670787669503
212,0.0018277345871577087
213,0.0036740233607013726
214,9.541718362515783e-05
215,0.00010864359471086386
216,0.0018620343651709836
217,0.002184234722347834
218,9.866829182988248e-05
219,0.00010324932388711522
220,0.00010329030715802956
221,0.00010320732220802865
222,0.0001030313294546393
223,0.00010418452489176321
224,0.00010253324061579248
225,0.00010703934394066867
226,0.0018105028980135547
227,0.00010545166921533573
228,0.00010290391397223858
229,0.00174760726805949
230,9.981432305624188e-05
231,0.0018260211763433843
232,0.00010517082153991582
233,0.0016884964548786873
234,0.0017069861612472783
235,0.0016951357456528667
236,0.00010219206225574353
237,0.00010072965572696034
238,0.00010163642904924069
239,0.0018482349202295965
240,0.00011732799856984705
241,0.001709334960268409
242,0.001734677669063946
243,0.0001071839667746271
244,0.0017532142051371056
245,0.00010550128030564541
246,0.00010907385129329915
247,0.0017985713165868866
248,0.00010589545574544139
249,0.0001074880122077957
250,0.0017442853646790998
251,0.00010402916216964039
252,0.000106823459644241
253,0.0017518600477237636
254,0.00010899884113726921
255,0.00010615492680253645
256,0.00011027076897883586
257,0.00010302963730773254
258,0.002269714196864669
259,0.00011192571153948228
260,0.0001022787384965687
261,0.0018192301943100986
262,0.0017172479742012165
263,0.00010031226999540562
264,9.731121818990641e-05
265,0.0018055663649659643
266,0.00010553711505394009
267,9.880573285079783e-05
268,0.0017920386057041497
269,0.002198561896214077
270,0.00010557356423295872
271,0.001836179047018271
272,0.00010677523600839357
273,0.0017013954691301434
274,0.00010930157602385623
275,0.0017054017835156081
276,0.001708634317814545
277,0.00010343119552082843
278,0.0017002048182270918
279,0.0016942452372577296
280,0.00010553553573616611
281,0.0017110317666321957
282,0.00010638375945493259
283,0.0016874127501228676
284,0.0001039658932179889
285,0.001785795177767663
286,9.999118081085413e-05
287,0.0017195950637113177
288,0.0017109984319756753
289,0.0017245681056382754
290,0.00010191182790233739
291,0.0001029364038736353
292,0.0017912046908127206
293,0.002064068205838482
294,0.00011158016330826792
295,0.0001024127207906589
296,0.002978080277646689
297,0.00010292243627374929
298,9.69281604346182e-05
299,0.00010692057453578681
300,0.0001022274099241807
