1,0.00010289501482754536
2,0.00010041446305178098
3,0.00010483224445415687
4,0.00010053205580445724
5,9.926917120129705e-05
6,0.00010030008213291605
7,0.0017626084958338789
8,0.00010179755644215577
9,0.0001015699448697869
10,0.0001036262099820517
11,0.00010293066487937944
12,9.937777708848608e-05
13,0.001788190059111562
14,0.001696394399113706
15,0.00010420866810801557
16,0.0017100759420716496
17,0.0017042956172466498
18,0.00010161562233105795
19,0.0017217482955559516
20,0.00010609648426709802
21,0.00010162955402298847
22,0.0017502398388680597
23,0.0017065500035459732
24,0.0017091169720535495
25,0.0016977741400163637
26,0.00010830550455094231
27,0.00010224125499217146
28,0.0017711250512905765
29,0.0017063985585617533
30,0.0017141078551711885
31,0.0017209983327370303
32,0.0017579216871132727
33,0.001713360741989882
34,0.0017016732834683561
35,9.658354315050517e-05
36,0.00010368117803232129
37,0.0018831131551681774
38,0.00011987203122603382
39,0.0017270383470069884
40,0.0017085750142358887
41,9.886595446252171e-05
42,0.0022867186637039426
43,0.0017177241215277925
44,0.0019171015795099164
45,0.00010984600603821091
46,0.00010648896586169046
47,0.00010567403888717498
48,0.00010104456767758752
49,0.0023881927266160797
50,0.00010494451221629506
51,0.00010413908369306455
52,0.002123177912433909
53,9.632619630271841e-05
54,0.00010233891998773436
55,0.00010081351803899659
56,0.001816128493515269
57,0.00010309975321253002
58,0.0016915745013644824
59,0.001740142032566573
60,9.976761321206164e-05
61,0.00010117470084619421
62,0.00010338641200558189
63,0.001888960217911297
64,0.0016976444631347828
65,0.0017098009309597416
66,0.0001021836579455481
67,0.0017168347244289094
68,0.00010338959686892634
69,0.0018197241897552517
70,0.001715854441968273
71,0.001692332384697891
72,0.0017152456797920141
73,0.0020017951444920136
74,0.0017091811994560937
75,0.0017067127516778523
76,0.0017034663702520409
77,9.755071628928007e-05
78,9.979166538324406e-05
79,0.0017542931680586855
80,0.00010944435096946794
81,0.001725008471428456
82,0.001689162287027218
83,0.0016922244206741893
84,9.899289819607338e-05
85,0.00010586809966311497
86,0.00010779253070229644
87,0.001792344778296267
88,0.0001011865735434375
89,0.00010160353224458388
90,0.0017684539972448122
91,0.00010209231862781178
92,9.883887878825357e-05
93,0.00010443116830111735
94,0.00010091893752602738
95,0.00010230360650638219
96,0.001843448453295762
97,9.887332022741536e-05
98,0.0017078561164084935
99,0.00010501578786894756
100,0.0001086370828866483
101,0.0017695197714532125
102,0.0021113318809730668
103,0.001759613469700844
104,0.0017220360503994653
105,0.0017185875204545535
106,0.0017298967799390533
107,0.00010794579981061143
108,0.0017043186308024468
109,0.0017056944865319864
110,0.0017036511684543386
111,0.0017339856019078807
112,0.0016942853253287414
113,0.001699884026042877
114,0.0017254484504606261
115,0.0016991569640007094
116,0.0021517627497557945
117,0.0017015507198742453
118,9.846355124041895e-05
119,0.00010215926804719788
120,0.00010277608200742885
121,0.001848021173751555
122,0.0017044148805071765
123,0.0017174253986057429
124,0.00011129233746504375
125,0.0016998698690497255
126,0.0017235667640536744
127,0.001747502954367233
128,0.00010241201332756119
129,9.927700579693531e-05
130,0.00010165196586963904
131,0.0024036753342543626
132,0.0017035311490605728
133,0.00010161056318499147
134,0.0018037398834156845
135,0.0016977066417027985
136,0.001739713674386771
137,0.001742702690239647
138,0.0017863666696301568
139,0.0017173021223059034
140,0.00010624575331977528
141,0.00010767406661618247
142,9.948967480413897e-05
143,0.00010719491315266591
144,0.00010261356060187681
145,0.00011274496505147932
146,0.00010865975399740225
147,0.001832037326157215
148,0.00010426519802136838
149,0.0018187469259635114
150,0.0017014527274998512
151,0.0019880258747500663
152,0.0020643403863336595
153,0.00010479614889145025
154,0.0017179847984362673
155,0.001715930178927859
156,0.001734262967029075
157,0.00010971822389709938
158,0.0022425412761164928
159,0.0016973135554719755
160,0.0017576196120926686
161,0.0017295002805596989
162,0.0017208148349915917
163,0.0026199261664345405
164,0.0020515836774056806
165,0.00010190972100665662
166,0.0018367853448275863
167,0.00010367386558784677
168,0.0017517368191151768
169,0.001705762760175607
170,0.00174931278301553
171,0.00010467361124085533
172,0.0016973110746353408
173,0.0017106561480663767
174,0.0025784034389984014
175,0.0016974060860199865
176,0.00010493900066902086
177,0.001851165988877153
178,9.919730907050669e-05
179,0.0001034310468006019
180,0.0019597316836676188
181,0.00010021704885360121
182,0.0017360653070675406
183,0.00010424861600494807
184,0.0018388126327196876
185,0.0017335176914986855
186,0.0016975104376742468
187,9.90092260526178e-05
188,0.0001004584596171235
189,0.0017906891212053479
190,0.0017342530445212305
191,0.001696674019502786
192,0.0017746178817009532
193,0.0017178833047578226
194,0.00010577495189896905
195,0.0017597205019660633
196,0.00010316597602648608
197,0.0016967131529286095
198,0.0017047208904977377
199,0.0017043760447104383
200,0.0017059838266915723
201,0.0016968793443964008
202,0.0016895107321948308
203,0.00010274219148943253
204,0.0017829039762320572
205,0.002226295027419594
206,0.00011157823125899578
207,0.00010091119051098636
208,0.0017500024096121858
209,0.00010673764078376007
210,0.000102609462684439
211,0.00010441143986286198
212,9.869104898833897e-05
213,9.694336227044404e-05
214,0.002364847366598649
215,0.0017351547677600357
216,0.0016897173991828032
217,0.00010599901837626261
218,0.0016994014534331041
219,0.00169829237805808
220,0.00010500062357945003
221,0.00010074658427304798
222,0.00010591273390757528
223,0.0017349896612175134
224,0.0017672175841141136
225,0.0017141909420618372
226,0.00010271128337209121
227,0.0017087281673250569
228,9.90786867317925e-05
229,0.0024228499130969396
230,0.0017098593806630425
231,0.0017342200199203187
232,0.00010003625813269239
233,9.788923416705887e-05
234,9.880109385616434e-05
235,0.0018096009692861884
236,0.002079630498025906
237,0.0017633809353480767
238,0.0017373087661363509
239,0.001676257976888889
240,0.00010002151624579161
241,0.00010029636564197262
242,0.0018747874423735993
243,0.001710105992907801
244,0.0017483171812409462
245,0.00010644504118644655
246,0.00010579094635119496
247,0.0017840216339728382
248,0.00010173291901371721
249,0.00010090404598155859
250,0.0018453289000904744
251,9.960871570990318e-05
252,0.0001017990142338751
253,0.0017837611856823267
254,0.0001034107039170974
255,0.0017462972460640211
256,0.0017038579948203075
257,0.0017129327247042204
258,9.992569578987547e-05
259,0.00010609977841106583
260,0.0017607013274494366
261,0.00010898172570568481
262,0.00010014303403444271
263,0.0017449588807030003
264,0.00010448567835006
265,0.0001048659372407586
266,0.001815192809402904
267,0.0017087778847522783
268,9.522832604379662e-05
269,0.0016984691540901328
270,0.0021608516412718634
271,9.928241815986417e-05
272,0.0017028833756175662
273,0.0016994674171652495
274,0.0017371690787706025
275,0.001689616964564065
276,0.00010799610711071108
277,0.0017310445343011582
278,0.001702095600467207
279,0.0016922401859467819
280,0.00010519685734764207
281,0.00011347443806280709
282,9.648972010967975e-05
283,0.0018020207374605014
284,0.0017052517615785317
285,0.0017002042070848604
286,0.00010213364062309847
287,0.00010173010545775644
288,0.0018436388200828852
289,0.0001060110442963404
290,0.0017340010259822688
291,0.001752328772215308
292,0.0001046535351562076
293,0.0018237805437170372
294,0.00010984678766424725
295,0.0020811908296474424
296,0.0001098135879789625
297,0.0018416923377239786
298,0.00010028198178379232
299,0.00010173306677744694
300,0.00010204693963654623
