1,0.00010081213903699128
2,0.00010015980237061968
3,0.0017553613752212982
4,0.001710048294038037
5,0.0017085035373763868
6,0.00010208688530208122
7,9.922008303168857e-05
8,0.0018287709893725008
9,0.00010249708535746284
10,0.001824484246632005
11,0.00010514216616366885
12,0.00011205758813314305
13,0.00010954996051492898
14,0.001748605117464156
15,0.0017153619972115719
16,0.00010469418538219497
17,0.0001054402838115226
18,0.0001020371492100379
19,0.0017919928845462172
20,0.00010293656659859724
21,0.0001027447881329797
22,0.0017510306263930047
23,0.0016934121268551848
24,0.0001060047992784896
25,9.799675203413336e-05
26,0.0017828611112099136
27,0.00010182020795650358
28,0.00010405019604911545
29,0.001732951523684513
30,0.00010094227532920207
31,0.00010913495458471672
32,0.00010328675974133641
33,0.0017916367104440277
34,0.00010107679497881847
35,0.00010397931497909496
36,9.724846650021228e-05
37,0.0017963512885306827
38,0.00010174260852280771
39,0.00010991105084570173
40,9.847028457767387e-05
41,9.794733649891803e-05
42,0.0001014081111401264
43,0.00010157715559877102
44,0.00010927033753521838
45,0.0017850903608040115
46,0.00010177134236179791
47,0.0017572142548835145
48,0.0001103093220396926
49,0.00010312697894798736
50,9.67313146802105e-05
51,0.0018006822285391033
52,0.001712988585377947
53,0.0017106590863775546
54,0.00010797970886310399
55,0.00010498287433722621
56,0.001825968224829259
57,0.0016949099114417286
58,0.0017031731398547147
59,0.0016585748703595263
60,0.00010006492952975895
61,0.0017640850092468362
62,0.00011343972143949282
63,0.0016940588687718802
64,0.000103518312149453
65,0.0001151222887505452
66,9.924497632687502e-05
67,0.0018540239260391009
68,0.0016964431366085543
69,9.888885149473615e-05
70,9.949215413583439e-05
71,0.00010068295027862648
72,0.0001012085706745948
73,0.001810836692146773
74,0.0017413699169028362
75,0.0001061789522082886
76,0.0017456702076267506
77,0.00010653473550312397
78,0.0016968039701248281
79,9.702810532632143e-05
80,0.0001034499472050455
81,0.00010495176567459527
82,0.0018135722937118596
83,0.0016945791761612617
84,0.0017065823616548516
85,0.0001003411446810219
86,0.00010227313113943362
87,0.00010425959173246735
88,0.0018165905079967411
89,0.00010527544648437906
90,0.0017254796640557007
91,9.801166156707928e-05
92,0.00010328994386049168
93,9.746295813246513e-05
94,0.00010291529580501662
95,0.0017971868611559305
96,0.00010476593946395764
97,0.00010505829631772457
98,9.971232426872607e-05
99,0.00010116021475874329
100,9.736194557684061e-05
101,0.00010539945191580789
102,0.00010403234978783808
103,0.00011588758254055756
104,0.0017399969561800947
105,9.600452501242588e-05
106,0.00010302630873405973
107,0.00010010258843459285
108,0.00010403599935829439
109,0.00010054902636162998
110,0.00010363818005751358
111,0.00010594228048160175
112,9.80224896732021e-05
113,0.001785862177373928
114,0.0016900617482054497
115,9.656336979553292e-05
116,0.001703439067763555
117,0.00010296930830261327
118,0.0017014816929343012
119,0.0016943605580372967
120,9.840662925465938e-05
121,0.0016963762222377426
122,0.00010179176759701804
123,0.0016930683770589683
124,0.0016992272942187832
125,0.00010187263477823286
126,0.00010777585822063994
127,0.00010724027376112439
128,0.0018225936967827604
129,0.00010096689296095218
130,0.0016945321722766655
131,0.00010471770981569165
132,9.785087639503486e-05
133,9.978717782770045e-05
134,9.543221749960462e-05
135,0.0017388762968971107
136,0.0017430430461353682
137,0.00010667616644425571
138,9.874259968160591e-05
139,0.0017566530852826296
140,0.00010206232454023857
141,0.00010446142956782311
142,0.00010598004797698527
143,0.00010565558853378992
144,0.00010281720050203818
145,0.00010022881890023933
146,0.00010472418053281348
147,0.00010420005139596746
148,0.0001075557388788987
149,0.00011424520253059923
150,0.001802885542972886
151,0.0016975423572218457
152,0.00010261176681048535
153,0.00010557900067820275
154,9.788896349774302e-05
155,0.0001095330246004436
156,9.857607874613393e-05
157,9.907616436243189e-05
158,9.913505076637203e-05
159,0.00010629575541346728
160,0.00010164583841734653
161,0.0001032265362065708
162,0.00010656716724454345
163,9.903558566781247e-05
164,0.00011116142636771432
165,9.927319466006526e-05
166,0.00010262217505465882
167,0.00010310939492191545
168,0.00011302782270715774
169,9.860885878879771e-05
170,9.84067200414315e-05
171,0.00010117295234215755
172,0.00010595977887420479
173,0.00010449131660127909
174,9.91906777304932e-05
175,0.00010244885952085319
176,0.0001068888919809016
177,0.0017697155342804203
178,0.00010404449019225851
179,0.001702037329212181
180,0.00010682871808882672
181,0.00010774545025748025
182,9.75783127529443e-05
183,9.898698582579519e-05
184,0.00010454487838033092
185,0.00010431985841873035
186,0.00010611148815030031
187,0.00010128732342080565
188,0.00011166557503659901
189,9.960514131076282e-05
190,0.00010333183220311991
191,0.000108020089555991
192,0.00011521777398457556
193,0.00010341076883850889
194,0.00010420348401373608
195,0.0017480747229197337
196,0.0001166212911835527
197,0.00010800932027017722
198,0.0001138854697446627
199,0.00010375874984663604
200,0.0001101011571434507
201,0.0017830717065211144
202,0.0016998405482240627
203,0.00010848230497461743
204,0.0017010489429773394
205,9.874564972256742e-05
206,0.0017390630589947454
207,0.0001019025263359918
208,0.0018141920283797363
209,0.0016892664673132185
210,0.001699827144752887
211,9.907480013025668e-05
212,0.00010470372125748088
213,0.001810703764170351
214,0.00010020567178159469
215,0.0017753529987216818
216,0.0001108721339201407
217,0.0018375689773835813
218,0.00010183348068434449
219,9.946729708917297e-05
220,0.00010615678561130082
221,0.00010172306117739136
222,0.00010457501536778827
223,0.00010042672369495221
224,0.0001020309680920068
225,0.00010132187655377722
226,0.0001079248734428379
227,0.0018544494332862367
228,0.0017058227318509575
229,0.0016975094330642035
230,0.0016897021303744941
231,0.00010855156068012513
232,0.001783832723321359
233,0.0001061146363727521
234,0.00010013256323571426
235,0.0017805858281645843
236,0.0017095326600811431
237,0.0001105241120930307
238,0.00010825432617847041
239,0.0017450150693419562
240,0.00010388106557761398
241,0.00010309219991636614
242,9.947445432522896e-05
243,9.527719073626405e-05
244,0.0018050675587816174
245,0.001714964395958058
246,0.0017320267717099375
247,9.97806280456693e-05
248,0.00010512582644806384
249,0.0017264505334492431
250,0.0017008816776174827
251,0.00010522584235783462
252,0.0017092882056839232
253,0.0016958998138783539
254,9.921134101233771e-05
255,0.0017312306188089512
256,0.0017189273757509558
257,0.0001061730239923518
258,9.729608073910423e-05
259,0.0017799329360191094
260,0.0018025756424325367
261,0.0016992655024057881
262,0.00010423259749392815
263,0.00010579460214890288
264,0.00174995621223419
265,0.00010259480703887602
266,0.0018289846392234078
267,0.00010666002990436831
268,0.00010156463260117447
269,0.00010197650094989585
270,0.0018250498190025561
271,0.0017436320974123934
272,0.00010687634674425246
273,0.00010583161816043168
274,0.0001024263692130554
275,9.860969784037363e-05
276,9.844803751662861e-05
277,0.0001111646918994791
278,0.001773876727686783
279,9.731147353310839e-05
280,0.001688549777824429
281,9.87486566673502e-05
282,0.00010694591129737659
283,0.0017189928827304696
284,9.857923032717678e-05
285,9.958914605791588e-05
286,0.00010317402457953264
287,9.90872247205839e-05
288,9.884297418665672e-05
289,0.00010091441857027037
290,0.00011173578883136553
291,0.00010223703743221198
292,0.00010004358789051735
293,0.001736895114531138
294,0.0017008785142695274
295,0.00010630087420685942
296,9.96516819632136e-05
297,0.00011032050125381596
298,0.00010643038935777765
299,0.00010909653773154922
300,0.00010416283233772242
