1,0.00010158236284427226
2,9.981497527151833e-05
3,9.988214044261266e-05
4,0.00010443592139555967
5,0.00010084681162181747
6,0.00010733852980413072
7,9.916014806004429e-05
8,0.00010717691487802836
9,0.0018416815616718039
10,9.7220816714169e-05
11,0.00010725170462194882
12,0.0001086044275677826
13,9.522051320705636e-05
14,0.0017992774770330662
15,0.00010531808095258224
16,0.0017739977452783473
17,0.001746256036381724
18,0.002225329395749611
19,0.0020722652896100003
20,0.001699496063837401
21,0.0017038584602790433
22,0.0017157478246187753
23,0.002623585846807177
24,0.0017193442341518334
25,0.003894392394978271
26,0.0017279521118441755
27,0.00212915701526684
28,0.0017007904550209204
29,0.0017148702625734344
30,0.00010633159952382836
31,0.0017887795421395283
32,0.0016953038689749048
33,0.002653481617970123
34,0.0021529166970600012
35,0.0017410045857831917
36,0.00010224320468308101
37,0.0018518882774774777
38,0.001697919819442328
39,0.0017318058740129218
40,0.0026592869477690146
41,0.00171479220855765
42,0.0021565121948498235
43,0.0017355395136329978
44,0.0034892269774826784
45,0.0031495007112970715
46,0.0027369120923665512
47,0.0017201060063205735
48,0.0016983577679396914
49,0.0017025862776998597
50,0.0017174864794100885
51,0.0021102244340308984
52,0.001716143351307535
53,0.0017116984111464188
54,0.0017004594792036972
55,0.001725238113132911
56,0.0031014356164821805
57,0.0017052835292628225
58,0.0017346323119012724
59,0.0017026566643931506
60,0.0017246503929100013
61,0.003297525274604569
62,0.0017035345332379538
63,0.0020551932950110302
64,0.001860551656007717
65,0.001703059745868136
66,0.0017338566822684717
67,0.001713186159733541
68,0.002083447267622161
69,0.002065526745667107
70,0.002249627631150212
71,0.0016963072691377349
72,0.0021332124458593206
73,0.00169795117764258
74,0.00220168102380844
75,0.001707753360524916
76,0.0025277343573076117
77,0.0031072859961439594
78,0.0017156543379241087
79,0.0040789653525748915
80,0.0017108363542432837
81,0.001716324779849549
82,0.001696676351088303
83,0.0016973473136793283
84,0.0038378941071200313
85,0.002587565593238472
86,0.0017048838147924153
87,0.0016999482981632083
88,0.0016894745037548918
89,0.004222782199704271
90,0.001715456082769108
91,0.0017010007654848656
92,0.0017151465403401332
93,0.0016984408336737143
94,0.0017444545808021894
95,0.001709649751608292
96,0.0016954122731110174
97,0.00170895728651153
98,0.0017032982738984983
99,0.001719044405482378
100,0.0017962476192163255
101,0.002112301022098244
102,0.0017022321409885242
103,0.0016985302408738347
104,0.0017034441051466123
105,0.0017100616050991302
106,0.0017079299658792262
107,0.0017161403042479906
108,0.0026913329547991072
109,0.0020314879007282166
110,0.001707502980724529
111,0.0021137319951072472
112,0.0017336519928561325
113,0.0017089960747397961
114,0.002155551047703968
115,0.002670969548019473
116,0.001735111871295619
117,0.0026376549881755276
118,0.0021074401311219175
119,0.001698404485549547
120,0.0037244715958369475
121,0.002200837582901789
122,0.0017133038639436421
123,0.0027593407667584943
124,0.0017133992648116192
125,0.0031714863660337552
126,0.0017159852833638026
127,0.00254656602774542
128,0.0017012940978535591
129,0.002123219749353665
130,0.0017062395486430947
131,0.0026490569763350045
132,0.0016954186618843
133,0.0026765486480496456
134,0.0016967774748536874
135,0.0017092215861214378
136,0.0017020662956822351
137,0.0016927954965029995
138,0.002630414384339771
139,0.0017330465196767392
140,0.0017036966950121479
141,0.003318516163008713
142,0.0017572251906999448
143,0.0017037992487092754
144,0.0016893706176901893
145,0.002706537043366203
146,0.0017111189149088307
147,0.0016936076557365588
148,0.0035610963562033417
149,0.0016985787176686164
150,0.0021961550357919536
151,0.003662341911097671
152,0.0026039971515249144
153,0.003075834879429917
154,0.0017004161413681478
155,0.0021062734561403504
156,0.0016991728981015106
157,0.0017084239285075958
158,0.002528590640239107
159,0.00170209729518671
160,0.0017012196887828499
161,0.0017064949422526756
162,0.0017275772992768874
163,0.003424762725199544
164,0.0017278512676221188
165,0.002037529506702376
166,0.0021497775413553896
167,0.0017013671689525302
168,0.0021634653233364573
169,0.0021887623003484
170,0.001721642648200423
171,0.0016981999329261834
172,0.001719733343325692
173,0.001691252645195354
174,0.0022035276074877028
175,0.0026138666115270762
176,0.0030584328236332686
177,0.0016989679590537815
178,0.0016958307506661002
179,0.001710835049663001
180,0.0027803936794895505
181,0.002126487567332755
182,0.0017071082636690262
183,0.0017184061911853566
184,0.0021081275743756785
185,0.003922436718813326
186,0.0017219482748097085
187,0.001705411617449189
188,0.002169249200635958
189,0.001728670370238646
190,0.0017031494901427603
191,0.0017301380601043729
192,0.0016867491414786432
193,0.0027230268261823082
194,0.002051213221408308
195,0.002066594994454871
196,0.0017022774214082203
197,0.0020588414396232758
198,0.0016975809380469025
199,0.0017516137287156002
200,0.001701856856138253
201,0.0017220833125378772
202,0.0025564211711950756
203,0.0017183838065456098
204,0.0016938444274917507
205,0.0017048847536378043
206,0.002585312841880342
207,0.0017197115800488313
208,0.0017028234461444543
209,0.003513403566763425
210,0.0016966875974095297
211,0.0016995962423175073
212,0.0017003690966835108
213,0.002606886104010225
214,0.0017082225892340343
215,0.0017080486683327385
216,0.001729172054577465
217,0.001707966604273353
218,0.003367411553743203
219,0.0021854086370624946
220,0.0020611798242254
221,0.0017782051313672922
222,0.0021357229151014274
223,0.0017112250071372492
224,0.0017507920739526929
225,0.0017014400089757136
226,0.0016787266838650802
227,0.002075046720784784
228,0.001696980743722514
229,0.0017136600876010426
230,0.001704759966246544
231,0.002170571184038868
232,0.0017132893872267732
233,0.003103952695071869
234,0.0021457057862446093
235,0.0016868779453817558
236,0.0020641217029694543
237,0.0020902506270740855
238,0.0016920785658722862
239,0.001711190636237822
240,0.0017049660490365993
241,0.0017148246207825345
242,0.001707923802910983
243,0.0017275733626798365
244,0.0017065312921528742
245,0.0016799911035797498
246,0.0016963713355732882
247,0.003565485862354892
248,0.0017133087460220974
249,0.0017218863086745611
250,0.0017226853119794816
251,0.0026222473964238988
252,0.00170628915456724
253,0.0016974729363714528
254,0.0022050013549826924
255,0.001703768195642062
256,0.002466343347608368
257,0.001715786764758338
258,0.0017107740859525335
259,0.002213694683960541
260,0.0017013905508623725
261,0.0030864458338625677
262,0.0017027444035528502
263,0.0025960061555769845
264,0.0017042779053237612
265,0.003419747303447491
266,0.001699392567519671
267,0.0030384067901857836
268,0.0027594165442526622
269,0.0032013206859948257
270,0.002716975539144109
271,0.0017027152791589718
272,0.0017403089264669117
273,0.0016935084080557925
274,0.001687112753470392
275,0.00222558439564978
276,0.0017038149122807014
277,0.0017046416810982288
278,0.0017149917711903333
279,0.0020969795055063704
280,0.0017643667880229395
281,0.0017057487250671946
282,0.0017621126117564237
283,0.0017204267563369342
284,0.0016934122428713294
285,0.001709447087275433
286,0.0017080513535003713
287,0.0016898467325790418
288,0.0017345502491494548
289,0.002643601899956121
290,0.0017210471769678144
291,0.0017246378014775115
292,0.002221809988763688
293,0.002626602817085954
294,0.0017356366365655607
295,0.0017134551094508256
296,0.004031534904086739
297,0.0017142033471446588
298,0.0017017550379351913
299,0.003060167120146744
300,0.0017183013077609278
