1,0.00011003795234537609
2,0.0017173058756791576
3,0.0017052134051237886
4,0.00010426553784209527
5,0.00010439121708472583
6,0.00010459860145432161
7,0.0017501207036445864
8,0.0001034489908744197
9,0.0017357659991340116
10,0.00010179074260688393
11,9.795856464835323e-05
12,0.0022578617338331773
13,9.860157060198523e-05
14,0.001819522835338766
15,0.0034562861634090257
16,0.003674901803398949
17,0.001705452261637639
18,9.951307921965962e-05
19,0.00010428133537370437
20,0.0017761795064020183
21,0.0027406167122787815
22,0.002088603353070292
23,0.0026263225301099667
24,0.0017007405419635648
25,0.0021846631767731455
26,0.0031367180922081983
27,0.001728584472127174
28,0.0017075220629096603
29,0.0020699266554025154
30,0.0017368183494569202
31,0.0021684655453162744
32,0.001691821053671505
33,0.00243399934885358
34,0.0001054257793158318
35,0.0017604264764876309
36,0.0017848710948204516
37,0.002478766986967997
38,0.0017051966308281887
39,0.0033218651525587163
40,0.0021253199067558055
41,0.0016947031582011354
42,0.0017104880456279138
43,0.0017095501781324593
44,0.00010504196380567248
45,0.0017047408701453754
46,0.0020542868509248265
47,0.0017006403897082128
48,0.0017650868244301378
49,0.0017142246069658837
50,0.0031565398224043715
51,9.781252045776848e-05
52,0.0018010549396735274
53,0.002733602358700454
54,0.0021516790255931752
55,0.0025869041292735048
56,0.00010201206653202095
57,0.0017003707947840022
58,0.00171556836487676
59,0.00010038908077982679
60,0.0017300882152098908
61,0.001692689772243508
62,0.002606437755898682
63,0.0021660631373604197
64,0.0016937255738996527
65,0.0017043875340624884
66,0.0017095634627303097
67,0.0017040762324747882
68,0.003744903214922827
69,0.0017597906377204882
70,0.0017138731177966336
71,0.0017003652097651776
72,0.0017104301999141692
73,0.0017133764086526306
74,0.0017142445187183046
75,0.0021348993293032695
76,0.0016939979156247766
77,0.003533270631096486
78,0.0022557491589988306
79,0.0022083123884381333
80,0.001702531491652815
81,0.0017052915300434397
82,0.0017081025301331834
83,0.00010765430943884065
84,0.0017126725639650421
85,0.0017523717593519782
86,0.0016917322332523673
87,0.0030248303068410465
88,0.004344523646313363
89,0.004020561114342696
90,0.0017417100097690322
91,0.0017071757845466473
92,0.0017178476945704567
93,0.002087019938491978
94,0.004092526461769116
95,0.0016946644816857586
96,0.0020219934729512937
97,0.0017042514444089115
98,0.0017284481886411197
99,0.001710151102993585
100,0.003937113586912398
101,0.0017017279165309302
102,0.001704297269797965
103,0.000101352600326366
104,0.0017825849679668363
105,0.0017743395246589396
106,0.0017181493892552155
107,0.0017177813630066426
108,0.00010559004105409153
109,0.002273375809528135
110,0.0017305640888967595
111,0.0017409365252293578
112,0.0026180572113289765
113,0.0024625834553217442
114,0.0017374795481989302
115,0.0017288744997991064
116,0.0017086923200166808
117,0.0017089421315863624
118,0.0017076794098038527
119,0.0017012310240963856
120,0.0026331975221083968
121,0.0017293785714285713
122,0.0017388028563358401
123,0.0017471275022431453
124,0.001779923942732187
125,0.0017142869670056069
126,0.0026243108007758384
127,0.0030942869492827873
128,0.0031736999578281496
129,0.002649387913250463
130,0.0017144266125579738
131,0.0019416128194394613
132,0.0034911442802289363
133,0.0026827028991549926
134,0.0034420534855906138
135,0.001730003826651589
136,0.001702453393552073
137,0.0017013188102893892
138,0.0029684712012288785
139,0.0017305426257141843
140,0.003970851043731008
141,0.0017355540889450944
142,0.001700744573767007
143,0.002065548775518866
144,0.0016989619622134165
145,0.0017236505824755226
146,0.0021187571259997377
147,0.001690333851353768
148,0.0034816915800490824
149,0.0016949906692590346
150,0.0022391501765278185
151,0.0017324947500797056
152,0.0026633415169989567
153,0.0022238707132745785
154,0.001702003083723903
155,0.006156213912768648
156,0.005620535935147655
157,0.0022005648117839603
158,0.0017309065299514301
159,0.0016911714826915055
160,0.0016978367251659356
161,0.0017103918770215159
162,0.0017116434964710913
163,0.002147149338261332
164,0.0016960968192356333
165,0.0017060642155831403
166,0.0017242649250276024
167,0.0022040639525889526
168,0.0016921453344062947
169,0.0016985827465650454
170,0.0017359937448750398
171,0.011388613525794242
172,0.0017075600381761093
173,0.00303962157496214
174,0.002185085306482235
175,0.002157391836005538
176,0.0017062881129245378
177,0.001707036370445203
178,0.002599799528074221
179,0.002244183702720029
180,0.0017131931040639957
181,0.0025932360083516246
182,0.001704831571632217
183,0.0035275653974956326
184,0.0021790328305115276
185,0.0017105417119816521
186,0.0020848727747229145
187,0.0017014030466394746
188,0.001716064102289367
189,0.00170931904213881
190,0.0017095128011886433
191,0.0017116527615811121
192,0.0017047284924196911
193,0.0017332812130704065
194,0.001790202757239118
195,0.003157956747532031
196,0.0021883186371248814
197,0.0016841274515727739
198,0.0029811762163162113
199,0.0027405032748594733
200,0.002096362349306486
201,0.0017098338904380358
202,0.0017212839305412236
203,0.001740548250841279
204,0.003342097279944771
205,0.0034450957335929447
206,0.0017110510371121641
207,0.002188024652730646
208,0.0037199444458204337
209,0.0022245386620170695
210,0.00010323527066355591
211,0.0018005860834563905
212,0.003717952983593781
213,0.001707111100592984
214,0.0020732973645993503
215,0.0016979532460862786
216,0.0030809868318538857
217,0.0016874344735539532
218,0.0017153906777867898
219,0.001743489325679597
220,0.002134396521719975
221,0.0016920738146935289
222,0.0017092414848785325
223,0.001703462571974082
224,0.00010685978660371978
225,0.0021502383417732764
226,0.0017023092220917403
227,0.0017199367234620954
228,0.001704578977352834
229,0.0017457050487946983
230,0.0027947959841792248
231,0.0020778506336182824
232,0.0017279881174081984
233,0.0024451202151841195
234,0.0030205292524866875
235,0.002565849357510752
236,0.0017565336587723967
237,0.0021055357047758115
238,0.0016883203621602992
239,0.0017161597003929276
240,0.0016920425932473045
241,0.0017180128500113398
242,0.001751420184318753
243,0.0017077042183226174
244,0.0029991463925811432
245,0.001699147189542484
246,0.0016825281487532857
247,0.001708650176747145
248,0.0016943591046987443
249,0.001702317284761296
250,0.0017017106407444097
251,0.0021185261710008714
252,0.0017166396381873544
253,0.003764456511754632
254,0.0016954446643022685
255,0.0017492130887088214
256,0.0038359436901264535
257,0.0016910340836012862
258,0.001698844541970808
259,0.0021668780759221034
260,0.0026023967768772473
261,0.00010315259265185944
262,0.0020958183969107353
263,0.00170808442456428
264,0.0017033758115075736
265,0.00010058167642907992
266,0.0017049192239231043
267,0.00171886066621684
268,0.001693906138443735
269,0.0017105920041095405
270,0.0016823117478156706
271,0.0017314314531348294
272,0.00011035998504642222
273,0.0018266397092967011
274,0.00010209107900036603
275,9.874066571388593e-05
276,0.0018395925641754287
277,0.0021842006424467263
278,0.0017113684871583057
279,0.0021898687822349563
280,0.002055437981994225
281,0.0017450528773639141
282,0.002086811005379618
283,0.002587650505374619
284,0.002094487918486172
285,0.0017268935590184485
286,0.0033963768669798755
287,0.0017253492581338946
288,0.0017084356118308658
289,0.00010669408592776401
290,0.001729915368435813
291,0.0016974691908493962
292,0.0017005177410901466
293,0.00010786201376728727
294,0.0017119253822588905
295,0.002092450478819774
296,0.0017037718668453349
297,0.001726723407118824
298,0.003831917519132654
299,0.00010407610875562184
300,0.0029438653046668715
