1,9.839888394165344e-05
2,0.0017167924975646997
3,0.0017153019157560804
4,0.00010584644609032202
5,0.00010188697860956233
6,0.00010336928487900841
7,0.00010301245497942527
8,0.00010054181381067624
9,0.0017609510139188868
10,9.737481157535226e-05
11,0.0016945883077912336
12,0.00010545932422073135
13,0.0017155565944578582
14,0.00173060000532557
15,0.0017132141854875767
16,0.00010377623081803061
17,9.96322508886737e-05
18,0.0001019924090475679
19,0.000100622790515321
20,0.00010258629448818897
21,0.00010417624470927135
22,0.001748320260888314
23,0.0017091022527875842
24,0.00010403330738147459
25,0.00011046320722378997
26,0.0017797731054373875
27,0.00010527219401465306
28,0.0017820305384783086
29,0.001754752377311522
30,9.999029654491353e-05
31,0.00010459515600953013
32,0.00176878976986592
33,0.00011180538244051573
34,0.0017256471107363685
35,0.00010785325898647923
36,0.0017090859470791345
37,0.0017167142998550573
38,0.0001062632217769403
39,0.001703784545040468
40,0.00010749442305860778
41,0.0017096693941830853
42,0.0017123218654326493
43,0.0017023590598925188
44,0.0017293454555199277
45,0.0001028385321683363
46,0.001716397093776401
47,0.001706757810783028
48,0.0017092139104877416
49,0.0017091131502839207
50,0.0016965378768279973
51,0.001730567708956537
52,0.0016907374363327673
53,0.0017106347253821883
54,0.0017063368870553037
55,0.0016925702136342668
56,0.0017153606065406408
57,0.001707124426324145
58,0.00010504462331857
59,0.0017083758333333336
60,0.001702345446073336
61,0.0016931813931498215
62,0.00010858792287156619
63,0.0017107406506100024
64,0.0016973843949044587
65,0.001715882976722731
66,0.0017167571759461285
67,0.0017102659004518395
68,0.0017287947636650755
69,0.00010111421314562318
70,0.0018076370860218892
71,0.0017119615809347397
72,0.001717572243045066
73,0.0017139282597210485
74,0.0016940154257967534
75,0.0017093299673399838
76,0.0017264027536231892
77,0.0017104069445653524
78,0.0017028641182466869
79,0.001701808881380046
80,0.0017164915910390167
81,0.0017123752300259333
82,0.0017673073463537
83,0.0016981071446379597
84,0.001700777035245193
85,0.001708123588890082
86,0.0017040723014076534
87,0.0017121259953450645
88,0.0016992686441817367
89,0.0016980303916004542
90,0.0018901915608617028
91,0.0016935605811189555
92,0.0017127560309546995
93,0.00171053040595333
94,0.0017173605015224787
95,0.0017257638974820142
96,0.001698644782980543
97,0.0017126497373826967
98,0.0017018924056421585
99,0.0017000009112035225
100,0.0017429480236732663
101,0.0016912202441514272
102,0.001714218712003393
103,0.0017098921834920414
104,0.0017165622514130206
105,0.0017045863899134632
106,0.0016938055984962932
107,0.0017250752763265456
108,0.0017062210148595391
109,0.0017115813686793256
110,0.001775994473977616
111,0.0016949854582310896
112,0.0017350865163934428
113,0.0017044858158907202
114,0.0017440681336611532
115,0.0017406123098867542
116,0.0017420383778102184
117,0.0017175780304370663
118,0.0016968243737538514
119,0.0017229609816663601
120,0.0017101100441445456
121,0.0016986307662222222
122,0.0017046098227345545
123,0.001698452875489706
124,0.0017051073303685008
125,0.0016877343792945487
126,0.001704004771615008
127,0.0017037177755630855
128,0.0017026646792251644
129,0.001717061771483267
130,0.001703984095194052
131,0.0017185819638541558
132,0.0017139713372664699
133,0.0017434992812968226
134,0.001710171925159755
135,0.0017235674952396035
136,0.0017270729096525632
137,0.001737732994751687
138,0.0017063524260334092
139,0.0017023961690743712
140,0.0017020755220826865
141,0.0016912678850223122
142,0.0017035636151754498
143,0.001739366311516097
144,0.0016968121624022744
145,0.0017028692630264102
146,0.0017010230167335283
147,0.001750152675996154
148,0.001741134344370067
149,0.0017161747299936582
150,0.0017305123784438928
151,0.0017473024325598144
152,0.0017328926445086708
153,0.0016869870369720166
154,0.001755586192103541
155,0.001705581613548664
156,0.0017264453297190037
157,0.0017321976135310474
158,0.0017258150195868945
159,0.0017110370920868348
160,0.0017362653963983634
161,0.001720485822389213
162,0.0017166164612893004
163,0.0016973944119951566
164,0.0017227567365450775
165,0.0017248755585915882
166,0.0017050130385487532
167,0.0017111118373222963
168,0.0017123684352781244
169,0.0017328627746514215
170,0.0017405283657078157
171,0.0016992954461723761
172,0.0017270656006154526
173,0.001699020975287018
174,0.0016998424154849225
175,0.001717068964220479
176,0.001732365341292684
177,0.0017409900465083002
178,0.001701909020519132
179,0.0017153163615156227
180,0.001719736172566372
181,0.0017095165031799074
182,0.0017062991085669728
183,0.001717052846193593
184,0.0017152267856513621
185,0.0016979685157360407
186,0.0017250455221314998
187,0.0016996883084489105
188,0.0017048657291022509
189,0.0017107703721340386
190,0.0017041327857571374
191,0.00173900908508594
192,0.0017403440194565102
193,0.001721118993993994
194,0.0017118931744019858
195,0.0016961128066801982
196,0.0017097506826725302
197,0.0016958735670374186
198,0.0017116010395683452
199,0.0017668346341389962
200,0.0017295341081138714
201,0.0017662265003420099
202,0.0017035669211929111
203,0.001723974595111673
204,0.0017126758160870492
205,0.0017001543991875135
206,0.001707088746266534
207,0.0017104447260132092
208,0.001730101303863032
209,0.0017031631561285762
210,0.0017008654210317886
211,0.0017181018348623857
212,0.0016982852597694266
213,0.0016976526742003917
214,0.0017071486029912842
215,0.001696421391356039
216,0.001706575557158312
217,0.0016993017149470437
218,0.0017099807241129617
219,0.0017245403109208313
220,0.0017598248005955548
221,0.001706175610282222
222,0.0017015394239848914
223,0.0017043119189101054
224,0.0017296192502776748
225,0.0017351379812139756
226,0.0017706194098578059
227,0.0017080234503730422
228,0.0017502007878659278
229,0.0017074540904255323
230,0.001700210974128312
231,0.001777040270415808
232,0.0017266659029652233
233,0.0017259140709124398
234,0.0017683849498895874
235,0.0017116022529129833
236,0.0017210416511494668
237,0.0017117165644087529
238,0.0017146972056429736
239,0.0016960229094481992
240,0.001726794076163611
241,0.00172761050773999
242,0.0017062575692984904
243,0.001716116940176983
244,0.001803125314665262
245,0.0017020957824970993
246,0.0017283663097949883
247,0.0016988063586704269
248,0.0017024166536175663
249,0.0017076701868354366
250,0.001696976598796034
251,0.0018990012576392745
252,0.0017038111478634003
253,0.001738243239741587
254,0.0016967411581616727
255,0.00170154289410643
256,0.0017160173134328357
257,0.0017102832704223346
258,0.0017191765617314313
259,0.0017069022749787712
260,0.0017096924592321244
261,0.0017091515277970974
262,0.0017030693884271372
263,0.0017224581359558573
264,0.0016946590425719838
265,0.0017197042659190744
266,0.0017098818235002128
267,0.0017008031949899164
268,0.0017174487222320952
269,0.0016969837420304067
270,0.001712705280786773
271,0.0016942203719170679
272,0.0016907514119895253
273,0.001709530754369173
274,0.001731063253568132
275,0.0016944453141735094
276,0.001709340640090233
277,0.0017243896735718773
278,0.0017664947783303353
279,0.0016939392761823417
280,0.00171315858777274
281,0.001697991530658805
282,0.0016999138253792083
283,0.001744474731320382
284,0.0017139171146920806
285,0.001695902039151713
286,0.0017166700830535428
287,0.0016947106613896222
288,0.0017199763847212909
289,0.001707192442570689
290,0.0016927210366389153
291,0.0017146313064665291
292,0.001695679771141106
293,0.0017274985503389051
294,0.0017204001581166554
295,0.001694447606087932
296,0.0016989053766349113
297,0.001704838636202496
298,0.001706784816374186
299,0.0016993420347535622
300,0.0017347061705536761
