1,0.00011218779379906622
2,0.00010132393821705435
3,0.0017549559130807105
4,0.00010504773827451494
5,0.00010544370705295949
6,0.00010150644213197011
7,0.00010523669190029047
8,0.00010717079221023493
9,0.00010357433182603558
10,0.00010090651578861786
11,0.00010638547171268618
12,0.00010449766154025828
13,0.00010078422139332398
14,0.0017599188465033876
15,0.0017318972026458027
16,0.0001019591106307054
17,0.00010796336364632797
18,0.00010444578462090576
19,0.00011013053458190178
20,0.00010377588814943806
21,0.00010841431717507612
22,0.00010481400058935035
23,0.00010429281479868108
24,0.022194873416886546
25,0.0021606751519892714
26,0.00010261357531457278
27,0.0017699549000951475
28,0.0016995949110103737
29,0.0001007139470395332
30,0.0001104522528055773
31,0.0035379407033963722
32,0.003927890320461754
33,0.004518871382007823
34,0.01972094674039581
35,0.00010004676615303622
36,0.004026004671265897
37,0.00010350591974354473
38,0.0016845821697080937
39,0.006226917722232251
40,0.0001067084461724326
41,0.003801325041144449
42,0.001700849073330901
43,0.0017543812081419878
44,0.023070256478611287
45,0.002056944483134754
46,0.0016947728862258666
47,0.00010744324180101806
48,0.0017612767347393926
49,0.00010258380214216666
50,0.00010739747073845369
51,0.01783607205455601
52,0.002753695974168728
53,0.00010509866127970819
54,0.00010150392334830452
55,0.0027607153089261845
56,0.029058171423076932
57,0.012898013539728942
58,0.0021112079556854365
59,0.0016916117154585717
60,0.0017012903366172122
61,0.00010183006348890267
62,0.002512431991371245
63,0.005611164893493864
64,0.0017305670464428597
65,0.0017061916964558688
66,0.00613494317742027
67,0.00010534702080128091
68,0.00010373651435550294
69,0.0039455075108420995
70,0.0021186996218579236
71,0.0027247355940488395
72,0.031811518991596635
73,0.006571744966806667
74,0.0020352638607503168
75,0.003774554173811379
76,0.0033173191796312795
77,0.003241570493447446
78,0.0034015618109790604
79,0.0017912255168757772
80,0.0001135805577405847
81,0.002527679497688104
82,0.027708297472527472
83,0.0016976257713797642
84,0.002730402454991817
85,0.00600378923988154
86,0.0031577457322834643
87,0.002071127578101628
88,0.0001112100315396689
89,0.009854000507614214
90,0.0016976054589954597
91,0.023184748568640206
92,0.04271995895679662
93,0.0684644593799682
94,0.003734634474503828
95,0.01031392607955754
96,0.005775358355137963
97,0.003707804767051147
98,0.01940477868949233
99,0.017798951717731087
100,0.08726657616632862
101,0.023114337583444593
102,0.0017147195889246896
103,0.026685054967602595
104,0.003300800153761669
105,0.0027100784602027673
106,0.003761505533519987
107,0.003133185424068213
108,0.003120026133144476
109,0.00224938732500293
110,0.07644145534150613
111,0.0031100291835422693
112,0.0017011047779957851
113,0.012789157022793254
114,0.001727666866352874
115,0.0030911635341956964
116,0.03924594900596421
117,0.0029127600106444752
118,0.00010566184910043519
119,0.0022164870273353333
120,0.00380123084588826
121,0.0033466242641457165
122,0.03561324872842869
123,0.002610304501216545
124,0.020022228079268293
125,0.00818148732501265
126,0.00010243650748551554
127,0.0026958867048630514
128,0.045011641141304355
129,0.014227871968259446
130,0.0017639535088031302
131,0.07198471350000002
132,0.003155140059829957
133,0.004128212749277953
134,0.10523960707434055
135,0.005008204242081448
136,0.03374766880234505
137,0.00174002006226717
138,0.04512725045402951
139,0.04127558820754717
140,0.03492494229406554
141,0.00170363372196353
142,0.003949434671587196
143,0.03145751777231777
144,0.021682250523903077
145,0.001702411373184278
146,0.0017072651481559687
147,0.012110428371977065
148,0.003643088372881356
149,0.005551105880337976
150,0.00317502826651749
151,0.010565645694958398
152,0.005651276853893466
153,0.001711020916513391
154,0.019083933091647336
155,0.0017081395565092987
156,0.08239395242990655
157,0.0017010522054658737
158,0.0017192280970602957
159,0.0437519182015168
160,0.00169936340489709
161,0.0018644593048644258
162,0.004695526882033372
163,0.0033642512777661716
164,0.0020504940307679263
165,0.001760908141050481
166,0.0043448652429186095
167,0.0031579217135657284
168,0.0047468293424014095
169,0.019085889748201443
170,0.005842997881870702
171,0.03622491126248865
172,0.002188356638488314
173,0.0023699699045967044
174,0.02700698847294292
175,0.0323037323117338
176,0.0033774609639312166
177,0.0017097170883180858
178,0.0016822781241229302
179,0.0017232847201452681
180,0.0022383453156443315
181,0.0030442421648963075
182,0.0051166352962884855
183,0.01971741168044077
184,0.00010553407697153236
185,0.0047260830469934316
186,0.002165289681292356
187,0.045528051801801805
188,0.09805357674943568
189,0.0017057590617726055
190,0.017675972100225226
191,0.004207994712623719
192,0.002250043043058959
193,0.04455712976629767
194,0.0016906647448383324
195,0.03612221155268022
196,0.0017089792663733591
197,0.0017036309846318795
198,0.003648712835292345
199,0.04476587415254238
200,0.01519917082914573
201,0.0021064152604166665
202,0.07626400831873904
203,0.01696619869542066
204,0.001723806827117609
205,0.002129813367445538
206,0.0017112964678390923
207,0.001981726343385278
208,0.0032086071485623
209,0.051705851739690716
210,9.75123694800957e-05
211,0.022823318425983757
212,0.02781451155893536
213,0.0030883158901830283
214,0.00010605592993297821
215,0.0586640820754717
216,0.08837091183953033
217,0.0039036242340958695
218,0.0017083981500227768
219,0.0001022640289286579
220,0.0240469986279515
221,9.618252093199163e-05
222,0.0030822311945632053
223,0.00011088653462691496
224,0.0048964607318695945
225,0.046932636754587156
226,0.0001071681852715821
227,0.0034072766759019662
228,0.003882685042185616
229,0.0017141263161641693
230,0.00010156111792407369
231,0.019723325502958577
232,0.00010655856915153679
233,0.0018068668212578931
234,0.00010380084916870966
235,0.0018095212743918837
236,0.0025064377481234354
237,0.004560889717609532
238,0.02897661507381507
239,0.00010402499323193036
240,0.004274478640134133
241,0.003504324865922597
242,0.001697503788635877
243,0.019053273255131967
244,0.040902335593220346
245,0.002079789643557602
246,0.007041730326137963
247,0.03173182723673792
248,0.004761616937904882
249,0.005820030965227818
250,0.027665050954478708
251,0.003419394505613835
252,0.0017228305625914162
253,0.00010442868198553739
254,0.0017751532074905725
255,0.0017078761490311916
256,0.003980516459051153
257,0.00406660069188192
258,0.0032021331082870007
259,0.0017146170739027581
260,0.001968561589165081
261,0.0027842690973454774
262,0.05076867719406676
263,0.0040608445804342355
264,9.764236475289793e-05
265,0.0017076317447181385
266,0.025458766584333097
267,0.0031227748968274435
268,0.00639243465037818
269,0.004518526157420958
270,0.016433527546296296
271,0.07368055468483814
272,0.0036137819125887185
273,0.0017105349618406708
274,0.031725853299916465
275,0.016263896425097277
276,0.0017118014369867905
277,0.0049143582584553255
278,0.0017207327445081851
279,0.0031155459912348546
280,0.013157978836904245
281,0.002064383752772564
282,0.13519399279279276
283,0.003264773218615302
284,0.026730487774725278
285,0.002970725083056478
286,0.003663578891241869
287,0.004357874001158077
288,0.0027095851103660236
289,0.005162240716974674
290,0.001712779364937251
291,0.0017595835729602419
292,0.09151777562499999
293,0.0017286572800142503
294,0.002668689113348362
295,0.003630663162843175
296,0.06707165172413794
297,0.003179433357988166
298,0.024033605140507196
299,0.002214419286530985
300,0.004381571107931683
