1,0.00010402520845611369
2,0.00010545091581603893
3,0.00011106184439108909
4,0.00010464425826753058
5,9.573469243861887e-05
6,0.00010300369280856635
7,0.0017614707509002801
8,0.00010328745836200948
9,0.0001062998754433373
10,0.0023357107736027786
11,0.0001003093290871116
12,0.00010372737385155664
13,0.0001016096520444596
14,0.002694882640641235
15,0.0016971640868675467
16,0.0017042255011490187
17,0.0001068903721370086
18,0.0022806112374307674
19,9.881677784681984e-05
20,0.00010342579227721754
21,0.0018426545838723584
22,0.0017647017682196117
23,0.00011025967648014348
24,0.002083278868788143
25,0.0016906818111119147
26,0.0017040442340067337
27,9.695677729183761e-05
28,0.0017752093097510226
29,0.0017228519086931978
30,0.00170858262219051
31,0.001684796734415887
32,0.00171722371763385
33,0.0025095175667238954
34,0.0016919163097314268
35,0.001693958984832877
36,0.00010409815017590928
37,0.0018323133360459419
38,0.002615303528541594
39,0.0021877134899814556
40,0.0017007363214511704
41,0.001727404286695341
42,0.0036627845248261566
43,0.0017072238476881236
44,0.00010646494176525213
45,0.0016982661823556982
46,0.0017261539596848934
47,0.002018216239059263
48,0.002583573792148298
49,0.0016974173326035397
50,0.002145928647103151
51,0.002094333431198998
52,0.0017175515147739412
53,0.0017034074781620621
54,0.0016988385626046903
55,0.001697105544688267
56,0.002518146333996232
57,0.0017041347658607589
58,0.001710506129398411
59,0.0017119659202631385
60,0.0026302055613805155
61,0.0017060470861624483
62,0.002075690855956153
63,0.001717985407518872
64,0.0022278361106994665
65,0.002083249427038627
66,0.002175629513248459
67,0.0024985303391313295
68,0.0016970010900831094
69,0.0017058866560463956
70,0.0022191648686540727
71,0.0038358909946578476
72,0.0017273696601326138
73,0.0017842421070537534
74,0.0017543661253957752
75,0.0017006905761476974
76,0.0017238008882244844
77,0.0017010121768132032
78,0.0034723534948942897
79,0.0017008083436363384
80,0.0016882279223294132
81,0.0017124580922686264
82,0.0017109604544162586
83,0.0020964445335598042
84,0.0026620338929419
85,0.0017044152979805113
86,0.0016996261750855464
87,0.002162133262436753
88,0.0017630087903511885
89,0.001689760673501856
90,0.001699527173298466
91,0.003039293302715252
92,0.002121828706134594
93,0.0017029415891169997
94,0.0017151978200943053
95,0.002174304835080772
96,0.0017071018654194973
97,0.0025890521575232593
98,0.0017195473544596757
99,0.0016965140768308172
100,0.005370061505453245
101,0.001697064695711077
102,0.001701425746337845
103,0.0017110657888795206
104,0.0027567523004867296
105,0.0017139808972852042
106,0.0017152377483681228
107,0.0030436728400688746
108,0.001693670130664843
109,0.0017007754228627807
110,0.0021078173797166506
111,0.002105809306608884
112,0.001680381319980527
113,0.0020835335045175586
114,0.0017008537160060385
115,0.0017040463034274226
116,0.0022225659881569206
117,0.0016972829237257329
118,0.0017066740843211137
119,0.001710222138083049
120,0.0031538375131274945
121,0.0017160214953822165
122,0.0017155569925212063
123,0.001707542818701648
124,0.007131464955035006
125,0.003162596704163162
126,0.0026681226535341827
127,0.0017163826839135525
128,0.00170089197130712
129,0.0017095988564416302
130,0.0017251870075798014
131,0.002212813718452816
132,0.003073483586597151
133,0.0017771307892058812
134,0.0016989414564098947
135,0.0021197763471876227
136,0.0017023006799572807
137,0.0016972409533837435
138,0.0017073160523521024
139,0.001694440681133402
140,0.0017281688733012883
141,0.0016903143234207286
142,0.0017077872659975798
143,0.001705244723174222
144,0.003759554525291828
145,0.0016937637368868727
146,0.0017209036459961786
147,0.0017130754880460184
148,0.0018014855796804317
149,0.0032624189341945906
150,0.0017095973010194958
151,0.0017121168861219766
152,0.0017028190736274647
153,0.0017225405895328564
154,0.0029513138745862443
155,0.0026513230972515854
156,0.0032089593872663157
157,0.001706675759997159
158,0.001684671636787126
159,0.001687031959693986
160,0.0027838838717080725
161,0.0016974799487813493
162,0.0017089770667046752
163,0.007640864310453401
164,0.0035847625581395346
165,0.0020789577659711214
166,0.0019524713179857273
167,0.0016964439532520324
168,0.001697666193181818
169,0.002162264525863996
170,0.0017098459469535577
171,0.0017146731732406357
172,0.0017367386472657497
173,0.001701081836662542
174,0.0016969178528623806
175,0.0016939031480761757
176,0.002672965467904099
177,0.0017030720179548623
178,0.002101955737935877
179,0.0020873703524607783
180,0.0016953527635399116
181,0.0017058617669807343
182,0.002195706456517792
183,0.0017003867705863622
184,0.004100409754433833
185,0.001721426615302869
186,0.0017079395814876505
187,0.001696158036219581
188,0.0021114926865572906
189,0.0016973966253541076
190,0.0017150151738320385
191,0.0016846941996514814
192,0.002586285631109449
193,0.002607976770637268
194,0.0017346274738535797
195,0.0017001780881712744
196,0.0034857858060326164
197,0.001705427939201131
198,0.0035481409294909655
199,0.001691994531126456
200,0.002168880175470089
201,0.0017077154919000106
202,0.0017077545671462405
203,0.0017038418963042697
204,0.002178641909676838
205,0.0016983403746839052
206,0.001696186231525352
207,0.0017103648250460404
208,0.0017010051348952788
209,0.0021064194090016828
210,0.0025729525945657966
211,0.0022069921956888307
212,0.0017058841749580968
213,0.0017091536675202582
214,0.0027328300580805234
215,0.0017278504172733408
216,0.0022294444777777775
217,0.0026964769398236015
218,0.0017046390775235052
219,0.0017131840548520205
220,0.0027387695549561703
221,0.0017213278543661366
222,0.0017110459378197188
223,0.0017194389001644681
224,0.0035726964985163204
225,0.0021625649435837732
226,0.0016978100891366882
227,0.0016987702629900048
228,0.002105505509468381
229,0.0021743530054890666
230,0.0017094636866197182
231,0.0017367397312517822
232,0.001693479105164419
233,0.0016973445246460494
234,0.0027239252193722576
235,0.0022043794710213667
236,0.0017048704208590284
237,0.002218272875097625
238,0.0017054684363481713
239,0.002106978146921703
240,0.0037052891831957624
241,0.001695355541043441
242,0.0021530860697293445
243,0.003167217036842105
244,0.0016980369360602948
245,0.0017067426482477418
246,0.0016996646924187474
247,0.00174515926287055
248,0.0017420868105731857
249,0.0017131189768097726
250,0.008375478552949294
251,0.0037480788692552123
252,0.001704465380519665
253,0.0017183429090334805
254,0.0016956966605928938
255,0.0017744856390264462
256,0.0032198532569481563
257,0.0017328243915267145
258,0.0020663752454118654
259,0.001748672732168779
260,0.0017063178980801306
261,0.0016997821420391833
262,0.0017205420876991535
263,0.0017234962047082184
264,0.0022622849292275966
265,0.003372769329196011
266,0.0017022317131431806
267,0.00168793723915116
268,0.002139242285385399
269,0.0017085085601619206
270,0.0017083167425401002
271,0.001702939772926992
272,0.001705341045332009
273,0.0033307675556013185
274,0.003631272434789145
275,0.002178725093482906
276,0.0017106660248536957
277,0.002159223728244821
278,0.0020461136094298894
279,0.0017134170040414066
280,0.0016984871277381246
281,0.0021523278544402407
282,0.0021644476287505598
283,0.00274524023977433
284,0.0026618554328161834
285,0.0017129279068934648
286,0.00305128249873032
287,0.0017037126782515225
288,0.0016964580645429698
289,0.0016952714114198946
290,0.0020778057448817546
291,0.0031835757351010765
292,0.0021745507849046416
293,0.0034461126897181327
294,0.0017426003217388194
295,0.0017312891307443134
296,0.002123810162370344
297,0.001686040010282902
298,0.0035442383248730958
299,0.0017446811474120369
300,0.0022381458628137336
