1,0.0001018237695031754
2,0.00010682338989193092
3,0.00010493090670948115
4,0.00010322227768681955
5,0.0001065244129703898
6,0.00010516825984083065
7,0.00010104162624074616
8,0.0001032680043304103
9,0.00010437526255438047
10,0.0017952448362686428
11,0.0027364258999704877
12,9.766003271460068e-05
13,0.0017659601188786372
14,0.00010250387903345343
15,9.737409452752794e-05
16,9.910089761373139e-05
17,0.00010147072563398503
18,0.00010167285872512016
19,0.000103385707475301
20,0.00010536536525345805
21,0.00010099054907542051
22,0.004126429234759265
23,0.00010257353831519817
24,0.004444960657811511
25,0.00010100403242031778
26,0.0030065364258593124
27,0.0001102717901152776
28,9.96369441433441e-05
29,0.00010191027568829614
30,0.00010327120756364334
31,0.0017579722868856322
32,0.00010232749377580078
33,0.0016940539281905438
34,0.00010335339155793466
35,0.00010125891850676675
36,0.0001079269489547449
37,0.00011007334627514056
38,9.796617218798772e-05
39,0.00010536781481641562
40,0.0017474885434811739
41,9.964277285284294e-05
42,0.02277484144404332
43,0.003047021399141862
44,0.0001014363489429901
45,0.00271643171811103
46,0.0017310412153988474
47,0.0021203784075484915
48,0.003499779675090253
49,0.004396499302599401
50,0.0212152104587156
51,0.0017089457977488892
52,0.002077480502079492
53,0.00010429525052453314
54,0.0017159976163940319
55,0.003577638907345884
56,0.0017005905221339386
57,0.00010698225316179574
58,0.00010544654455355418
59,0.01713072678167421
60,0.00010533829578385447
61,9.925274259876498e-05
62,0.0036970443709283393
63,9.96257893151188e-05
64,0.007889276052674362
65,0.00010322191217162772
66,0.00010849029643893446
67,0.00010022060535179643
68,0.00010239366757485138
69,0.002762153760147602
70,0.0037623959435283136
71,0.00010619975717570204
72,0.0016890823255813951
73,0.015736889763196843
74,0.0027107609726103967
75,0.002551218240823635
76,9.758357823299934e-05
77,9.864541908889804e-05
78,0.0038504800213892856
79,0.028783950627306265
80,0.00011078229207616604
81,0.01843310875267666
82,0.00010198884171480872
83,0.001701465423891076
84,0.00010283209609072496
85,0.0026122928303726678
86,0.004399077646738638
87,0.0017011684088290358
88,0.0033119797174017427
89,0.027916692461762562
90,0.06574266212121213
91,0.002723315465970936
92,0.04263886836158192
93,0.00010086298074609181
94,0.0017044240768463073
95,0.00010408916016734895
96,0.00010736398746174508
97,0.004094612795513808
98,0.0017268778586685654
99,0.00010360071050176765
100,0.0017561805925952198
101,0.00010249817837272777
102,0.003951145468144044
103,0.00010736238396811934
104,0.0021730675198885344
105,0.00010626160882235706
106,0.00010713567984708497
107,0.006616457883919762
108,0.00010175565827075165
109,0.004323448814281907
110,0.00010107493184796549
111,0.00417031268000345
112,0.00010431870654811948
113,0.000105296262507102
114,0.001852247264689832
115,0.00010821663240402919
116,0.003701050582693911
117,0.0017133301742123929
118,0.00011399534389328888
119,0.00010187728120194597
120,0.0033223397393407385
121,0.00010265459573599535
122,0.0017857521982356742
123,0.00011367202785778489
124,0.0017931063422065422
125,0.0017142966309801433
126,0.0021917809891148217
127,0.00010578084426200919
128,0.0017106296408565555
129,0.0016996339266988172
130,9.784993325730155e-05
131,0.00010381595481595438
132,0.00010871997559946638
133,0.00010051005337528223
134,0.00010281879710759376
135,0.063669186751497
136,0.0036850561994113324
137,0.019923071819299323
138,0.00011005630472735207
139,0.015465895681818179
140,0.0021206458201823604
141,0.0017109507695329239
142,0.006587257982745126
143,0.00010414893828397664
144,0.00010241412804172335
145,0.0023379816292523423
146,0.003304733195770805
147,0.0032115431671437137
148,0.001698646874113475
149,0.00010470132876680084
150,0.012524054166666666
151,0.025720454043865665
152,0.00010340441780663014
153,0.00010712307667649698
154,0.004008705570103656
155,0.003501791959835295
156,0.0001056973524250004
157,0.00010698990371551644
158,0.01621378591106815
159,9.604331369328229e-05
160,9.707807029487083e-05
161,0.00010207072914632278
162,0.0017603154969244989
163,0.0017665879952975258
164,0.0021040820587595213
165,0.0026184946367986076
166,0.0020385070787132674
167,0.00011011461190607347
168,0.0038133867990357783
169,0.0017004568588816283
170,0.02518648854961832
171,0.05125713109756097
172,0.0001001055830792683
173,0.002179020261865056
174,0.00011220703552534242
175,0.013954214868886166
176,0.0037487910469174105
177,0.0016914116558592773
178,0.0112323169452182
179,0.0016962164496279336
180,0.03708361817748091
181,0.004205124141826715
182,0.002088060129607303
183,0.0001125089471447347
184,0.00233483028300597
185,0.00010685223791331782
186,0.0018112374352317955
187,0.0017144415417558888
188,0.00010572291222688508
189,0.0018181183917194295
190,0.0020700538164189304
191,0.0016993033972156292
192,9.665503305053353e-05
193,0.001706282721225631
194,0.00010786401332256977
195,0.011711635051652658
196,9.60214859564155e-05
197,0.031382003096947934
198,0.0021679805274971943
199,0.0001021467950717835
200,0.00010681871434663755
201,0.00010199428091561061
202,0.00010011492327163862
203,0.00010336878129131539
204,0.0035899191910653922
205,0.0589406832638889
206,0.00010205082937309184
207,0.00010233170950873903
208,0.00010155857555033129
209,0.0018396246333958364
210,0.007672516566365177
211,0.002082064472329472
212,9.555344322864858e-05
213,0.001719855552963973
214,9.936426758543147e-05
215,0.01795531668523677
216,0.001713589390183441
217,0.0034356153092380886
218,0.0001008016874583739
219,0.00010569960811228166
220,0.0027544456866262987
221,0.0036451246935859842
222,0.00010089904085354078
223,0.0017275668530322677
224,0.0017043410648580183
225,0.00010032885338238367
226,9.84232683410443e-05
227,0.001789231149981392
228,0.00010926844763055893
229,0.014651360791366905
230,0.00010565580832881846
231,0.0022840420211806406
232,0.0024141002625525103
233,9.885724723975085e-05
234,0.002155726750612882
235,0.0017752452772548041
236,0.00010973043043355942
237,0.0017139665193676116
238,0.04799404791196388
239,0.0030133184442662393
240,0.00010525998458349301
241,0.0022746072592164397
242,0.01242367294599437
243,0.0020594758800272085
244,0.008147779979862393
245,0.0017320021345361557
246,0.00010591890908436346
247,0.00010296444768705014
248,0.004471415049408544
249,0.00010359719635210243
250,0.004460590163858971
251,0.00010196351982342072
252,0.00010134455519963152
253,0.0017399234702684043
254,9.534744072341094e-05
255,0.01872143950945626
256,0.00010076812780575931
257,0.00010283813490777948
258,0.002372926386393209
259,0.003572909314482595
260,0.0318585329743165
261,0.009857936299004675
262,0.010559142450360028
263,0.0017175807623670501
264,0.0001012423147878127
265,0.0022440245617538724
266,0.00010627158386262437
267,0.00010157812906440553
268,0.002321355225830534
269,0.0016857342133428472
270,0.0020872315639232997
271,0.004086397627053751
272,0.013405052933101494
273,0.0038921085392266967
274,0.00010737531512581735
275,0.0020818384567691008
276,0.00010188753670896308
277,0.0021688038140691072
278,0.00010876279645317971
279,0.0027838471361917028
280,0.00010081140562074101
281,0.055094385192563086
282,9.799584912446563e-05
283,0.0017918502056534535
284,0.00010142696965181824
285,0.007577251175712252
286,0.006413876241743725
287,0.00010106810047880034
288,0.001778010763227575
289,0.00010441209389538256
290,0.0036637640965881423
291,0.00010375673187299523
292,0.00010398999066768662
293,0.00010982207543974529
294,9.869078685457017e-05
295,0.0029162625923076922
296,0.0035452194478736675
297,0.0031274590551688577
298,0.001703599802434292
299,0.02066361652254478
300,0.0065736868467370715
