1,0.00010473361532240646
2,0.00010458907837525092
3,0.0022747249063555415
4,0.00010390593291418314
5,0.0018524320476991755
6,0.0020924582517784004
7,0.00010003691302718783
8,0.0001050121774727738
9,0.00010292525695661814
10,0.0001066744881047078
11,0.00010206233088158904
12,0.00010151157847438814
13,0.00010065581850907931
14,0.00010410775839912647
15,0.00010512166513167992
16,0.00010578635993915791
17,0.00010925694358969771
18,0.0018164005295721692
19,0.00010190337483423572
20,0.003358973229735126
21,0.006081695772475428
22,0.00010391962204334829
23,0.00010019902801725481
24,0.0017442624597964484
25,0.003225045680208472
26,0.00219568661888778
27,0.0017362560916074378
28,0.0017130399063107653
29,0.0017104425989177266
30,0.0017098198527068656
31,0.0021952096733212343
32,9.99819388000518e-05
33,0.0016966499946080022
34,0.0026991208372845426
35,0.0024801151962401055
36,0.00010386000144279015
37,0.0017738773479729728
38,0.0017325663794649855
39,0.003665688156288156
40,9.935338838543732e-05
41,0.0017428218952434728
42,0.0020894575897656416
43,0.001720782977738201
44,0.004476829985283297
45,0.001735428674957688
46,0.0020542626397924905
47,0.003206303920590583
48,0.003813834855219711
49,0.0017764371598014649
50,0.022551051952349438
51,0.0021264730079943775
52,0.002170803996686221
53,0.00426801315927502
54,0.003114690503314669
55,0.001749235912093612
56,0.004052255693607765
57,0.0016985970136302831
58,0.0016881688651013134
59,0.0017041935174646084
60,9.911760488879486e-05
61,0.0027299084185904436
62,0.0017032598722044729
63,0.002236604786877929
64,0.0026133557887391985
65,0.0025941779009964645
66,0.0021251209209428913
67,0.001709531671173415
68,0.0017063698486063834
69,0.0034316744176752685
70,0.022123538843217855
71,0.01605641125628141
72,0.06306092169669668
73,0.019045538033448675
74,0.0017274647998432938
75,0.002189601012903808
76,0.0016987608302799619
77,0.004383371544300102
78,0.002216612930407922
79,0.02416057454780362
80,0.023251167255163227
81,0.0017268571159486871
82,0.005924550328707086
83,0.002123949550024145
84,0.002606704586712498
85,0.01435707919655667
86,0.01111857112962963
87,0.003650951392663043
88,0.03323129638351556
89,0.0016957974197973828
90,0.0017007320026940444
91,0.0017469330738516663
92,0.0016912001865725958
93,0.004027163619340878
94,0.0037433640330552975
95,0.003854591536369562
96,0.0017231234275344443
97,0.029474912061769616
98,0.0017038568826918973
99,0.0031610653813826436
100,0.0017260745467224544
101,0.0031476242202218966
102,0.019731223758036237
103,0.010839721660750526
104,0.0017250795656119202
105,0.003974079075736595
106,0.003429919386125057
107,0.001787312677733542
108,0.004571325185289426
109,0.0016699185397676497
110,0.0017139341588320726
111,0.0036706397847832677
112,0.001711598439113375
113,0.0017519467609941161
114,0.010300529528562327
115,0.002196511617146745
116,0.00384008628002044
117,0.004903111242841354
118,0.0026619967161359897
119,0.0016921659207577184
120,0.001700760930673924
121,0.0017004277151065022
122,0.0017262359321672351
123,0.001697146298138411
124,0.0017279186089002353
125,0.0017124349936188314
126,0.002114126530257614
127,0.0017112273848920861
128,0.0037819533502736515
129,0.0017017076007942978
130,0.0016901347250185442
131,0.0038028046299200258
132,0.001706675505734027
133,0.0017213938145527736
134,0.002084694623804905
135,0.001709126187004303
136,0.0016972473556656617
137,0.0017511700608509378
138,0.004153671659779615
139,0.0025068201248964915
140,0.002170957689370114
141,0.0017080355776736924
142,0.002655141349801499
143,0.002654331614725876
144,0.0026285621316778874
145,0.005059783602819237
146,0.0033271423265200327
147,0.02275224915625
148,0.00265124512345679
149,0.003426754619069343
150,0.006727175156880323
151,0.0017170494503148683
152,0.002569914840547303
153,0.001691804699646643
154,0.023781825319693094
155,0.0017429723809929756
156,0.002103357134351359
157,0.002612153589235869
158,0.0017216810718722272
159,0.0032430740689794
160,0.0029940092583436335
161,0.012914615089743472
162,0.005210377253107735
163,0.0017125603080015792
164,0.001707831746157956
165,0.0017118173321624432
166,0.0017080909310523776
167,0.001740022448585764
168,0.0031513914597086877
169,0.0020855227468272747
170,0.003146359042932073
171,0.003938515295598506
172,0.00265360542067626
173,0.035108089794168094
174,0.0017138903616287881
175,0.0021678423215006955
176,0.002073972624909021
177,0.004473038478581979
178,0.0033606866090110203
179,0.0017186827101310321
180,0.0017106422957863237
181,0.0017005151646477922
182,0.0017105276388300677
183,0.002162675368289079
184,0.004260012061870299
185,0.004232097824556463
186,0.002710557794759825
187,0.0020890791912940685
188,0.012664343591120092
189,0.004859326677602147
190,0.0017312773061136314
191,0.0017170136182615913
192,0.0017171177757195778
193,0.002187133590393053
194,0.0016975652863514719
195,0.0034531574771921266
196,0.0017019437344206257
197,0.011778831030482785
198,0.0020683698979155987
199,0.002187605592239157
200,0.003380093203272498
201,0.0072279824272311775
202,0.011587309117193524
203,0.07166820561889249
204,0.003741012856922364
205,0.0016986150982340206
206,0.001747759183279517
207,0.003631701131749135
208,0.0017361165176179682
209,0.0021796685543796442
210,0.002537553704971561
211,0.01584319393019727
212,0.0016980544179997865
213,0.0016926138010279212
214,0.0016932325217296432
215,0.004183802474948169
216,0.018048983627136753
217,0.0017071977948053816
218,0.006124103013029316
219,0.0017114554492527246
220,0.021126290747549018
221,0.01412937408278457
222,0.0035629325352613487
223,0.00378716463061512
224,0.0025204006947335553
225,0.001696226478883425
226,0.002776168369233614
227,0.00170976860398688
228,0.014272552868658134
229,0.003144214612565445
230,0.002649399837248174
231,0.005074363324915825
232,0.002101386262499458
233,0.003556719268552491
234,0.0020963251693239663
235,0.001697864987450065
236,0.005251276040658277
237,0.01836901914710933
238,0.0017581056767705487
239,0.00317518484256556
240,0.0035629683801731288
241,0.0017023455636858361
242,0.0037779845281838793
243,0.0017214286440498465
244,0.0017266746343742143
245,0.0016998826580398813
246,0.0017569174607413739
247,0.023824473221092757
248,0.01828917536750848
249,0.0025572241029310438
250,0.002209691783312125
251,0.0026530380834730435
252,0.03269311867088607
253,0.002497932796688132
254,0.0017829064600470056
255,0.0026163795450909284
256,0.002172784936401636
257,0.0035879974530281214
258,0.002118061895187443
259,0.003115331143795057
260,0.001702747473901735
261,0.0016878233914901192
262,0.002065195603224018
263,0.0039628201939569865
264,0.002707706988735078
265,0.003035657928492071
266,0.0030001451685740797
267,0.01969643736494598
268,0.0017177455615428247
269,0.0016995237652035961
270,0.002556415540110357
271,0.0017297773286068523
272,0.0022259871488796226
273,0.015498738867376573
274,0.0017138187537983054
275,0.0017666452050182514
276,0.0017212991956458916
277,0.002969786906373031
278,0.003429180393835617
279,0.002602121907852392
280,0.0038167198181586984
281,0.001689259764921817
282,0.0025096710790045093
283,0.009311552915787455
284,0.0021045734275296265
285,0.00171463133235047
286,0.0017112128892094432
287,0.003613043908174692
288,0.0017064800949975092
289,0.002588103812449907
290,0.016474135604900464
291,0.01549712343550447
292,0.003673761109008327
293,0.003142088736665969
294,0.0017490247172859451
295,0.002708802202434122
296,0.0032129221817817546
297,0.001698749700216412
298,0.002188400602737243
299,0.0017004645233975053
300,0.002096044275352934
