1,0.00010494926366777346
2,0.0001062098719360996
3,0.0017493496711949467
4,0.00010060193600805991
5,0.00010638485330559885
6,9.881388172878486e-05
7,0.0028198408032002508
8,0.00010234556943755136
9,9.93822182241849e-05
10,0.0029114426429675427
11,0.0016932532934238742
12,0.004295591094068623
13,0.00010061389270819249
14,0.00010212317955738758
15,0.0017949211042944785
16,0.0017216232457528753
17,0.0016992557546865478
18,0.0038028324228867438
19,9.790432162223113e-05
20,0.003388273764912044
21,0.0016891044805263347
22,0.0017098017587584401
23,0.003370472252862329
24,0.00010391675956592281
25,0.021040251068249256
26,0.0017039315962424546
27,0.0021868858252207385
28,0.0017376902348600423
29,0.003015993341614907
30,0.00010425982153802048
31,0.001702722895222546
32,0.003174778943937419
33,0.00010434826945429949
34,0.002159187673440158
35,0.00010107736976458352
36,0.004003935554938957
37,0.012861433653903857
38,9.65789429615269e-05
39,9.748725395927602e-05
40,0.004433871591169116
41,0.00010878362246347979
42,0.004036010624856693
43,0.00010541987013865551
44,0.0017876887046102139
45,0.015763479317585302
46,0.002697526706894625
47,0.001711124512479799
48,0.0016885379462145448
49,0.0019044836491629296
50,0.00010535493305113747
51,0.002333685170332817
52,0.019056951948051945
53,0.0030620816036120387
54,0.0017007621186772505
55,0.0031835234923158454
56,0.0016999351214503223
57,0.007535629451721648
58,0.001694760434536046
59,0.0021806803889716174
60,9.916267614834723e-05
61,0.0016992575690100026
62,0.0017091376752172696
63,0.000101754774486909
64,0.0017182205525915985
65,0.002721921201304176
66,0.00378191502031885
67,0.00010276817883177513
68,0.0035331281445853367
69,0.0031392303453519374
70,0.0016996416794328266
71,0.0001031440727528333
72,0.0017172160687513383
73,0.002444854258762834
74,9.567010783007469e-05
75,0.00010242573310582253
76,0.004725479130940608
77,0.001759284133923431
78,0.00010707864468431785
79,0.0020879520259528207
80,0.00010431924574397453
81,0.0031687853147077715
82,0.002101375712185903
83,9.752687905616536e-05
84,0.00010359553666083068
85,0.00010697195263748485
86,0.00010499474315365284
87,0.0018106114315710729
88,0.0021089424506428715
89,0.0020677585314902882
90,0.002133024820524114
91,0.0001013923940118068
92,0.005627636773614892
93,0.001709372332960461
94,0.0021056406315970873
95,0.0017088546449555743
96,0.00011070902830439003
97,0.00010233951248544111
98,0.0018190083661090838
99,0.00010412115246027246
100,0.0026864839493648553
101,0.0017153990347646344
102,0.003955981067287917
103,9.8022195496072e-05
104,0.003391367269610244
105,0.0026685854376687053
106,0.0016950880349267947
107,0.0031645038255104195
108,0.0017334767240449918
109,0.001720517395023883
110,0.001697144788588715
111,0.002639362402455064
112,0.002993327491345203
113,0.00010661241270870092
114,0.005044553977331808
115,0.00010203068175715992
116,0.0017013192853255943
117,0.0016961836790489297
118,0.0017110073120294108
119,0.00011237359370715739
120,9.91737448356466e-05
121,0.0033782162225984677
122,0.001725489608509117
123,0.0017258463043323608
124,0.0036420122744493834
125,0.001707756164262167
126,0.00010536838393067416
127,0.00460527891812492
128,0.0017076677776196912
129,0.0001056927792882777
130,0.0017756906950952371
131,0.00010512472855262703
132,0.004173599658367111
133,0.0017070965593883355
134,0.0255077476173542
135,0.00010750467252732636
136,0.001705373774405773
137,0.0016924580657075518
138,0.0036295947558498227
139,0.002675678201295466
140,0.0027315632166412984
141,0.002169181421832884
142,0.003148594638743455
143,0.00010467790122749747
144,0.0027019408043405303
145,0.00010825083757919233
146,0.014937051838755308
147,0.001707973581905951
148,0.0026601148580166012
149,0.01863149091435185
150,0.0031215906999226602
151,9.88542582296089e-05
152,0.0018683002999953608
153,0.002123776173672906
154,0.0033449761888257306
155,0.030446705507474428
156,0.0039237990514026265
157,0.0021253799609100487
158,0.0017034125485722433
159,0.0034366291904870797
160,0.001696088137488022
161,0.00010038446072963793
162,0.003256352786174929
163,0.0017107864283379935
164,0.0031638110035766887
165,0.0017526452667772875
166,0.0020732670140820955
167,0.0026113018346230763
168,0.00010351524856719138
169,0.024583008674188996
170,0.0017490999631363591
171,0.00010509191171209845
172,0.004268308082855884
173,0.002223647211735274
174,0.0031281320116054155
175,0.016597192764793628
176,0.0017342408628090963
177,0.00010091698838839425
178,0.007713587999505327
179,0.0027080598268325487
180,0.00010040240620134734
181,0.0016989931187050358
182,0.002925052106801475
183,0.0035515427778453706
184,0.001702765487024529
185,0.001711462743566992
186,0.003653532708128916
187,0.0037094320851696174
188,0.002211037076754587
189,0.007473223766621066
190,0.00010441704170200674
191,0.0001111292476189366
192,0.001822162340666021
193,0.0017066803933129197
194,9.886083201739347e-05
195,0.00010310828975726014
196,0.00010478186513664793
197,0.0019330868413537051
198,0.027117278514492752
199,0.003132881312968225
200,0.0016943735097108023
201,0.0021523473024146846
202,9.85928639294758e-05
203,0.0037935866839080455
204,0.0035818184223069586
205,0.00010450921302929348
206,0.0038163986870178314
207,0.0017089529743257357
208,0.00010498230540536444
209,0.00010120837476319775
210,0.0042828452556452545
211,0.0026698519242432596
212,0.00010812853839260871
213,0.0017032665356885367
214,0.0021269864414968378
215,0.00010647690906097607
216,0.0037743922137230277
217,0.0017219160824632432
218,9.960034223581024e-05
219,0.00010875408794960234
220,0.0017971006352303011
221,0.0034049848843747807
222,0.0017052982007808926
223,0.0025595685241364633
224,0.00010023186394228079
225,0.001754539545727716
226,0.002171628355493667
227,0.0021130427799093132
228,0.0027114627847604086
229,0.016878922512103278
230,0.004522480707794142
231,0.0017061021312705443
232,0.0021417913596740983
233,0.002226125988934309
234,0.00010121270144873588
235,0.00010093021987374696
236,0.00533989274928775
237,9.74831133894217e-05
238,0.014640427070515856
239,0.0017108560230731124
240,0.002194797020032632
241,0.004148851971770744
242,0.0017119811201026704
243,0.0040007889612641845
244,0.003888351374929646
245,0.0021665194285073962
246,0.0017182857806558084
247,0.0038197254410195533
248,0.02761918979099678
249,0.0016999640794415703
250,0.0016966800185873605
251,0.028975462892376676
252,0.0017335901727250204
253,0.001711665042252521
254,0.0017150267119203167
255,0.0017094531123969842
256,0.00010624317377979059
257,0.0037260698833312643
258,0.00208332526923242
259,0.002106554077724221
260,0.002621995100725222
261,0.00010820141096100466
262,0.00010294976280124568
263,0.0018090560990940221
264,0.0016913216430063367
265,0.00010340304762897304
266,0.0021238821580307483
267,0.002107574141925519
268,0.00359493060607147
269,0.0025914419216777236
270,0.0017092265524637884
271,0.002504232246376812
272,0.004015526997267985
273,0.0060255810071937815
274,0.0016943712938627647
275,0.0017173842313587305
276,0.002024482594369134
277,0.00010782141035819408
278,0.002019223891207272
279,0.001687645285784937
280,0.0017009598490256264
281,0.0033220491063061927
282,0.0001008728639760003
283,0.00011022059143306857
284,0.00010392039629606211
285,0.0037869314687281816
286,0.00010142891123695278
287,0.003787783098591549
288,0.00010641102755396185
289,0.0017071721926171658
290,0.002079287908342622
291,9.536195436535512e-05
292,0.001831101086908086
293,0.00463116669598274
294,0.0016953060659997865
295,0.00010319742529700696
296,0.00010419905986152459
297,0.001826301963807061
298,0.0026273017233837816
299,0.0017015524674909401
300,0.011911223037272005
