1,0.00010477246111857211
2,0.00010233929443062497
3,0.0001031337512821755
4,9.550670010230862e-05
5,0.00011073058647440283
6,0.00010168208738780802
7,0.00011276094848931703
8,0.00010297354640139272
9,0.060630970307917885
10,0.0017570434923329496
11,0.00011137854223000402
12,0.001707100396754795
13,0.002209931783953998
14,0.0025705602786064347
15,0.00010729276965543604
16,0.00010283499467728047
17,0.00010369604626914164
18,0.009241094275210084
19,0.10296974715909088
20,0.00010012283343797835
21,0.033244458881298025
22,0.0017059795323817633
23,0.00010908744892315713
24,0.00010762670596310173
25,0.00010231709866361463
26,0.000103310163631729
27,0.00010696860756774585
28,0.0022770878575909662
29,0.00010648965786758768
30,0.004655974435136342
31,0.0038027246176170685
32,0.00010610705348644416
33,0.001709223884745033
34,0.0001072545752569042
35,0.0001030689235286642
36,0.003839774433995488
37,0.004964339190710047
38,0.03211354166666666
39,0.0001001153805358337
40,0.00010291007335431836
41,0.0018597200541622938
42,0.0020654548464613814
43,0.04521321607954546
44,0.0076021686584133415
45,0.018774195249862718
46,0.04164204995054401
47,0.002197235198113549
48,0.052695584045226125
49,0.00010185104469035025
50,0.00010118324556970626
51,0.0053186729605961295
52,0.0036220426410006746
53,0.022041015703517592
54,0.059987743105950654
55,0.0539946748366013
56,0.0031277867127446546
57,0.004621325215987848
58,0.0035757586434629848
59,9.939008200176062e-05
60,0.0028684358177625355
61,0.002104469465516494
62,0.2849340490963855
63,0.11031546695331695
64,9.869857512078632e-05
65,0.023432353635798632
66,0.001698779303097736
67,0.0034686218794835
68,0.0021557161440491873
69,0.04079634091847266
70,0.0016899026838261362
71,0.0001014600335484812
72,0.005365282342253055
73,0.07543570185512366
74,0.023779208803039895
75,0.029281886750788647
76,0.017156430186239007
77,0.03933502470645792
78,0.01966192682428488
79,0.0017002200913814726
80,0.008757523440233235
81,0.03056745698529411
82,0.19469462987551867
83,9.855052395802799e-05
84,0.0017200351767905709
85,0.0046317393310430395
86,0.004230629989546127
87,0.04412021189217759
88,0.008179911853565595
89,0.014247893340194065
90,0.0016986987043559516
91,0.012215600675728187
92,0.0035479188591683113
93,0.03783014546755725
94,0.2514316644021739
95,0.5499467166666667
96,0.003324411168917423
97,0.014720287696078431
98,0.07254231598639456
99,0.005181906832463522
100,0.00331582579134909
101,0.03163885881370092
102,0.12500596895604396
103,0.10822558486997637
104,0.08640606310483871
105,0.0017050416252072968
106,0.019225360485320548
107,0.03861478275520317
108,0.12566806104972375
109,0.004556425658055946
110,0.07245318842975207
111,0.046689693113425926
112,0.01099478748253211
113,0.02319825584702908
114,0.023726805631067962
115,0.1475279082524272
116,0.017700877066666666
117,0.23762316548223347
118,0.0029359526026998158
119,0.00987186885595499
120,0.21597451111111113
121,0.005218935885450247
122,0.33169168506944446
123,0.0599605995021337
124,0.028997442901234568
125,0.07417558854166666
126,0.06554519145038168
127,0.03970115463867187
128,0.16300996774193546
129,0.0034881103183485272
130,0.12359226729729729
131,0.022997913664812242
132,0.03488204822852082
133,0.30038759741935483
134,0.039639693845371304
135,0.004028469042178633
136,0.23123307079207925
137,0.1046207494004796
138,0.005962711362813945
139,0.0570900967032967
140,0.45705044514563103
141,0.0279136971749226
142,0.022731741816431325
143,0.07411051887931033
144,0.0017207680855125095
145,0.030227953014469452
146,0.021077434205665022
147,0.030773666494845368
148,0.05502157532216494
149,0.038324689790836655
150,0.004754938428076904
151,0.13973298655589123
152,0.0017071950906530535
153,0.1277938068181818
154,0.0020850966155947248
155,0.004264996354019746
156,0.07023962066115702
157,0.001724277337369755
158,0.003819486228679722
159,0.0058492171389122345
160,0.07575261417525773
161,0.021172455748912366
162,0.02532863245227606
163,0.016421766709644146
164,0.005947961941842073
165,0.11009583810679612
166,0.0020998086941461727
167,0.001721438984090335
168,0.0035539615979192614
169,0.15808849336734696
170,0.10974952801932368
171,0.004443100837734474
172,0.09393904423480083
173,0.07713093330388691
174,0.004258826986972108
175,0.009780177254428344
176,0.005352666213127245
177,0.23427408675
178,0.019487482199100112
179,0.04973865801204819
180,0.02246695453359426
181,0.03254015922242315
182,0.0909319243407708
183,0.012671837716336008
184,0.05947122666195192
185,0.004391720314889787
186,0.003116189077419355
187,0.01101032509150805
188,0.00308217250435545
189,0.0231274067840835
190,0.021955017988394582
191,0.07600747560137458
192,0.08520229407894736
193,0.1250935393557423
194,0.0017524828816313544
195,0.024656608662508666
196,0.06334401358296624
197,0.005641496845814158
198,0.003928624981873841
199,0.003090634530439793
200,0.36912624263565896
201,0.008170918451483156
202,0.17402867067669173
203,0.003609105423565682
204,0.030342679087136927
205,0.04981330177890724
206,0.006357479381816959
207,0.024020387913486006
208,0.2483533118421053
209,0.11751428746736292
210,0.002508333902032348
211,0.00469151287639805
212,0.02198426111805122
213,0.019389966231555048
214,0.022189270388040715
215,0.0065509674765729595
216,0.004909634950231354
217,0.002609544275241227
218,0.001698417246558198
219,0.10796486395631065
220,0.003850060485207101
221,0.03336271044711952
222,0.08296371923828126
223,0.17636375622641512
224,0.005986214646165977
225,0.003196379066750863
226,0.001705173705449611
227,0.30849421666666665
228,0.023812056827176784
229,0.07427135737122557
230,0.002037734664872593
231,0.001723094329970411
232,0.044220169540229885
233,0.004935298797979797
234,0.004162498062056334
235,0.0020731891560837484
236,0.009306562835506136
237,0.001693483431323935
238,0.02007239890042761
239,0.03797092269372693
240,0.22834705288461538
241,0.0017076384542520345
242,0.00195693848962957
243,0.02282383279921517
244,0.09814892959641257
245,0.1962364947257384
246,0.0017150267852401254
247,0.003206896443708609
248,0.0522031869260204
249,0.006979415176946081
250,0.13858737012195121
251,0.06638245031496064
252,0.02057303121613486
253,0.0331848152742616
254,0.037756767580340266
255,0.10150197353603603
256,0.004336947068264697
257,0.07183504134775376
258,0.004939204978919896
259,0.001688774464317026
260,0.01838766312981624
261,0.05303949268447836
262,0.002613349889284942
263,0.001702349292226913
264,0.002223116031549503
265,0.0026792816838669842
266,0.22966885829268288
267,0.16024257989690724
268,0.007575151311611901
269,0.08700188329938899
270,0.6229791948051948
271,0.002974598548845251
272,0.14488182546875
273,0.07141770107260727
274,0.057527286628734
275,0.002816506972402124
276,0.03811857730392156
277,0.0031427394159165966
278,0.21254404820627806
279,0.05438051681759378
280,0.10852334292565949
281,0.002529700243162684
282,0.1422452769230769
283,0.03206684916107383
284,0.014065041228552174
285,0.0029345809455848418
286,0.013216603609154932
287,0.08748362579365081
288,0.06137717934782609
289,0.12089394960317461
290,0.006364707836401347
291,0.09734456310572687
292,0.0017085592429494987
293,0.01382036216651334
294,0.001713330480892628
295,0.005545595557187442
296,0.002717583145338672
297,0.05382050033025099
298,0.0017015548310097424
299,0.006020133259314088
300,0.0054010457324890175
