1,9.661599010748749e-05
2,0.001728827455723542
3,0.00010822950139792853
4,0.0017098337031925329
5,0.00010208552953477541
6,9.88099174445856e-05
7,9.847114112369704e-05
8,0.00010014593441693285
9,0.00010217332213701566
10,0.001795448382339671
11,9.881205183036891e-05
12,0.00171810146232913
13,0.0016902811078542163
14,0.001733467714884696
15,0.00010883373858149262
16,0.0017526849361854842
17,0.0017124069426044611
18,0.0016979041430036218
19,9.886420744307928e-05
20,0.00010172170541341457
21,0.0018221802851056358
22,0.0016981618012198508
23,0.001705020718369376
24,0.0017120190832122994
25,0.00010264887076084342
26,0.00010148641552039733
27,0.00010347859217322379
28,0.0032610250693146407
29,0.0001052072829051647
30,9.676759467273708e-05
31,0.0017983686669702614
32,0.0030184156315948146
33,0.0017318015771116617
34,0.0016992942098092646
35,0.0016932709588398686
36,0.0018089906606405142
37,0.0017393028619734378
38,0.00172293453114497
39,0.0016955130532221071
40,0.0001003093621208613
41,0.001826621053079554
42,0.0001030859222513642
43,0.001764233636650536
44,0.0017058962541817923
45,0.0017274562484620522
46,0.0017002449342904075
47,0.001713025786463298
48,0.001704295933793592
49,0.0017004609196809627
50,0.00010640304107390225
51,9.920479136746625e-05
52,0.0018076657908159155
53,0.00010581757374260809
54,0.0001004719797293523
55,0.0017810839245641296
56,0.0017193114457567976
57,0.0016946824174859554
58,0.0017429598227500177
59,0.002177888057819607
60,0.0017408936712475455
61,0.0026301795458492537
62,0.0029954154781149066
63,0.0017058787240153662
64,0.0017092928754881612
65,0.0035981255583680764
66,0.001708771073717949
67,0.0017027444172318987
68,0.0017058006749758933
69,0.00010531902618213876
70,0.0018213047448636648
71,0.00011100454177472249
72,0.0001044592129723023
73,0.0017901521149384261
74,0.0017457354823277804
75,0.00011449763025642189
76,0.001709043490728686
77,0.0016952449452341284
78,0.002489477269335986
79,0.001750979481543507
80,0.0017113683928385553
81,0.00010480449278937756
82,0.0016920008149585465
83,0.0017132885051325923
84,0.001704403407534848
85,0.0016920113553759838
86,0.00010122282126674518
87,0.001844712810529098
88,0.0017265636523499947
89,0.002078667303650324
90,0.0017050890224415884
91,9.915601253419216e-05
92,0.001847353803082979
93,0.0017090514633111833
94,0.0017091046726618701
95,0.0017102560681070762
96,0.0017045255689091166
97,0.0017084938850807862
98,0.0016897113658367912
99,0.00010599639604441496
100,0.0017216964756556921
101,0.0017012374215510677
102,0.00010397642495433403
103,0.0021001199532649614
104,0.00010255569320062145
105,0.003978374766511007
106,0.00010151313390605328
107,0.0017297561240116816
108,0.0017033445187871958
109,0.001712968692916707
110,0.0017388441695735744
111,0.0034827429824561404
112,9.853759065331027e-05
113,0.0016986121671307205
114,0.00011088387066836412
115,0.0017585701655923893
116,0.001970547149391489
117,0.001707985175790258
118,9.936418252242538e-05
119,0.0017013746025858413
120,0.00010073510734323656
121,0.000103950368440106
122,9.963341667385114e-05
123,0.0017807233834766954
124,0.00010101887870014527
125,0.001761333373845406
126,0.0001023633802091161
127,0.00010292006377513545
128,0.00010536770190333427
129,0.00010436499938196509
130,0.00010175065790446651
131,0.0017961465089990246
132,0.00010362156067937405
133,0.0017709909888272133
134,9.949904227105543e-05
135,0.0018271231573114
136,0.0017122956787708503
137,0.002099450877496326
138,0.0017317934218815624
139,0.00010168247092303365
140,9.837086585955142e-05
141,0.0017580153997395344
142,0.0016969973274101676
143,9.522316997781412e-05
144,0.0017810118227211556
145,0.0017397057710648776
146,0.00011490137348886432
147,0.0017187394391228999
148,9.928420689388007e-05
149,0.00010341719642961737
150,0.0021386364165779824
151,0.0022406527052579533
152,0.0021350321250606344
153,0.0016937801654787947
154,0.002161203900931566
155,0.0017043193827828915
156,0.00011009053310171346
157,0.00010014215905273938
158,0.0021242223279434947
159,0.00010173587244628746
160,0.0016976316792006497
161,0.002089763316821022
162,0.0017147772978465487
163,0.0022264549019230776
164,0.0017082429798662493
165,0.0017126802283675292
166,0.0017138372629804323
167,0.00010612032889640116
168,0.00010414205296689901
169,0.0017684987555365444
170,0.00010146436266987872
171,9.868063508660463e-05
172,0.001812149107395863
173,0.001703504769405019
174,0.001697875306504611
175,9.895061443316175e-05
176,0.0017450075829796119
177,9.735057183623972e-05
178,0.0018210254737028512
179,0.0017042387947631885
180,0.00010169814954586433
181,0.0017112147163372672
182,0.0016998968958493754
183,0.001826975123126715
184,0.0001031004653252859
185,0.0017000695164558729
186,0.002067514409751925
187,0.0017013832466107395
188,0.0017161489516300118
189,0.0026254634265734265
190,0.0022209505147092468
191,0.00010849622742245931
192,0.00010220101739774878
193,0.001743616698469048
194,0.0017157294891447723
195,9.818586228402475e-05
196,9.675089461811671e-05
197,0.00010560338733463744
198,0.001895410622461349
199,0.0021469868884453312
200,9.702105264747333e-05
201,0.0018254246816494168
202,0.0016913539186490557
203,0.0017220069324521195
204,0.0017650352126393249
205,0.001733311047877763
206,0.0017081968852748807
207,0.0016951455719751481
208,0.0016978033435657725
209,0.0031417858923714543
210,0.0017004827094537222
211,0.0001087239871454
212,0.0016983775499374307
213,0.00010518072963478291
214,0.00010002316529460542
215,0.00010506778109933159
216,0.00010579099618377797
217,0.0017537090278380019
218,0.002706131470472772
219,0.001702931987962471
220,0.001697132032629423
221,0.0017062193681221156
222,0.0017213909839392124
223,9.775764368533605e-05
224,0.001720559510773578
225,0.0017385567055374096
226,0.0017109872433400024
227,0.002062816165237059
228,0.00010290943260464498
229,0.0017139383462197813
230,0.0025998729802176597
231,0.0017312477071847823
232,0.00010178580817357967
233,0.0018260053704553432
234,0.0017001620701828707
235,0.0017193052322557873
236,0.0017599483032873806
237,0.001715218965030523
238,0.00010350585875993204
239,0.00010436041904487987
240,0.002883554483959971
241,0.0017118764028958367
242,0.0017243711486897143
243,0.00010646750540213508
244,0.00010398848322179394
245,0.00010479508920782086
246,0.0018432441689866987
247,0.0001047633146579438
248,0.00011057287210273112
249,0.001860624612670594
250,0.002148785187816357
251,0.0017046059124008258
252,0.0017691922938960012
253,0.0001097534974809152
254,0.0020858954034209073
255,0.0017052798488351416
256,0.0017141692965576222
257,0.0017288814881839475
258,0.0017004341493225311
259,0.0016866096018152508
260,0.00011144136928635583
261,0.0018577632914366113
262,0.0016973884788124543
263,0.0017118380490179362
264,9.854790512268443e-05
265,0.0017117010264550267
266,0.0017089996199228512
267,0.001704401045182816
268,0.0017046715232841836
269,0.00268679311392264
270,0.00011020437283273722
271,9.689340098708804e-05
272,0.00233460072835261
273,0.0017175616010106402
274,0.0017456915356245945
275,0.0017269589582529163
276,9.755234215168362e-05
277,0.001799082762352941
278,9.770444604578703e-05
279,0.0018091319788209137
280,0.0017142306513335747
281,0.00010677702366976253
282,0.00010159831315491886
283,0.001744972587414033
284,0.0031485897704614445
285,0.002160114791564273
286,0.0026695847869286824
287,0.00010625435514870948
288,0.0018224159515871866
289,0.0016886546804333344
290,0.0017057990323150274
291,0.0016916616036436818
292,0.0016974283346428702
293,0.00010205647548507848
294,0.0017730964914339355
295,0.0017210750062164755
296,0.00010372903869050667
297,0.00010798148939106555
298,0.0018414559048751489
299,0.0001100559153365813
300,0.00010883833157715347
