1,0.00010703989384694958
2,0.00010230257535766804
3,0.00010367725377792042
4,0.00010346324877397487
5,0.00010403151568951456
6,9.976181777342909e-05
7,0.00010386951251011654
8,0.00010017282293349464
9,0.0028501240516170786
10,0.00010499840323806056
11,9.59781720303899e-05
12,0.00010068307647659186
13,0.008231275795452166
14,0.00011011087749563605
15,0.00010443859247287352
16,0.00010120838731078903
17,0.004115850123059979
18,0.0001048018348022447
19,0.005367596591412129
20,0.002786957296058662
21,0.00010427544198186333
22,0.00011211557826965545
23,0.001806353754743833
24,0.003865175503012472
25,0.0021719053435629754
26,0.003589436188142481
27,0.00010166671835850906
28,9.8621369829472e-05
29,0.00010304812336705119
30,0.0036588956621169343
31,0.00010924122853815928
32,0.0039668875743162895
33,0.036735853282588014
34,0.004304669051004087
35,0.023303206938911022
36,0.004334977922425324
37,0.00010518054940647189
38,0.028900014351145035
39,9.839566041178144e-05
40,0.00383429587224505
41,0.01219899107795073
42,0.005795399998172345
43,0.004376604519569737
44,0.0033158497629547957
45,0.00010451124229091615
46,0.0035435441799328174
47,0.0020278722586574214
48,0.002177176057462697
49,0.017344688219472833
50,0.004402216665157963
51,0.06365998840909091
52,0.0026183613452794214
53,0.0063025107713284
54,0.030977673522167494
55,0.04433316689038032
56,0.006037638736926791
57,0.01696161431026019
58,0.0001090169920172483
59,0.003669996971761678
60,0.004653322480620155
61,0.0017073033341908931
62,0.010208966816640618
63,0.03731235376744186
64,0.23914407421874995
65,0.15200890032786887
66,0.004491546794871795
67,0.002531257787424362
68,0.0016972428175995946
69,0.004233041353270481
70,0.0016967599085365855
71,0.002707255688539225
72,0.0021004011150006483
73,0.1848894716
74,0.0001023505359219241
75,0.0034918902328777025
76,0.14742711453674123
77,0.15017621127946126
78,0.07182203192371477
79,0.00220962109773687
80,0.0022326279998514005
81,0.005116978596784297
82,0.0033096089695810395
83,0.06435222286392406
84,0.005761695857497928
85,0.0027425376064735946
86,0.050641279512195124
87,0.043645688077336195
88,0.018337043824362607
89,0.04576464319955407
90,0.00011464320944749185
91,0.015768420671834624
92,0.0038795288551451874
93,0.0202686537377451
94,0.0017126345844918137
95,0.002075069971264367
96,0.002093466859504132
97,0.0032328294780625258
98,0.0016929798967223696
99,0.008013763436449755
100,0.003472282180430779
101,0.0049305375043664215
102,0.07582242726480835
103,0.03900321394871795
104,0.0017109434141257109
105,0.01302656149301826
106,0.015419884317521783
107,0.00360553453896715
108,0.01945294833542714
109,0.048383326674233826
110,0.0036319101693639447
111,0.032911597084048026
112,0.0021678086850977748
113,0.048970859010600706
114,0.017793468419572557
115,0.014912704359925786
116,0.025492615260454876
117,0.031368803921568635
118,0.00314211063140153
119,0.0456421121559633
120,0.022102474440518258
121,0.005156618812349049
122,0.03679656476190476
123,0.0021871481979730033
124,0.0016967582675353186
125,0.036048610614525134
126,0.042422743794506626
127,0.03632199427549195
128,0.005025187514546046
129,0.0057747951940087285
130,0.003445142893023914
131,0.0448657838794926
132,0.05289377600258732
133,0.00010343199860564814
134,0.004087038049073908
135,0.0038910845465493053
136,0.0022147488655879957
137,0.0639908859351988
138,0.004133852491525424
139,0.001986120859149512
140,0.002248557738828246
141,0.08045543980952383
142,0.019543999289940828
143,0.00265610562226487
144,0.00010302114035331579
145,0.004989087623628235
146,0.002042372822892173
147,0.0034442886932922966
148,0.003567893354865784
149,0.001763411627531816
150,0.012255917613636364
151,0.03597094596622889
152,0.13832972749244712
153,0.009152436579057802
154,0.015534380020387359
155,0.004682249332952163
156,0.0031284264241325734
157,0.019961272383390218
158,0.0030720009170724003
159,0.021322793293768544
160,0.0026418507219072482
161,0.14760113009708736
162,0.06446484383358098
163,0.01269383875367559
164,0.002215339573590096
165,0.0025467895123368733
166,0.003670114710297208
167,0.0025413282348387654
168,0.00010470486871818343
169,0.005145600254214462
170,0.07817568309352517
171,0.022567114203084833
172,0.08690128846918489
173,0.06392901127080182
174,0.012161531275303642
175,0.005012627558293453
176,0.0021911545530814928
177,0.1045967046803653
178,0.001716877296284624
179,0.017402826555907174
180,0.0055006314642094606
181,0.015405110209290451
182,0.004536793797114937
183,0.001740697694432695
184,0.053852461941251595
185,0.0017000049497949373
186,0.002096483004755728
187,0.0021359215783064416
188,0.010270464
189,0.0044663281493357776
190,0.041961402835051544
191,0.00408891236194779
192,0.003606303160456267
193,0.0026523471153846157
194,0.18247610413385826
195,0.003682866809494919
196,0.036647656976744186
197,0.061466436196769454
198,0.009228610763691492
199,0.03883306947791165
200,0.041919332270916335
201,0.03807322915869981
202,0.002697395353846154
203,0.004110189010250379
204,0.03954269555444555
205,0.01908429412761152
206,0.1067184768957346
207,0.0040523520922393945
208,0.0478674793416572
209,0.0026362071361018436
210,0.0026436756440692873
211,0.04185358087141339
212,0.22252044428571427
213,0.0032411687659033074
214,0.009059007924107144
215,0.0364372300921659
216,0.11342078671679198
217,0.009900161208031598
218,0.022544864453891433
219,0.04403287910447761
220,0.003098594881362419
221,0.037376828037803775
222,0.04533883001132503
223,0.0186535843373494
224,0.06164382701908957
225,0.005224320600834395
226,0.01683731782407407
227,0.0032540131543624166
228,0.006015414998775111
229,0.003480669905497903
230,0.00469611463812632
231,0.019727726239554315
232,0.21029396266968325
233,0.03378087174849268
234,0.005908485171807888
235,0.004871966781453099
236,0.023671399043715843
237,0.10079377911963881
238,0.0033740413222274634
239,0.0020485240786737523
240,0.041854340584088615
241,0.11031809301204817
242,0.004432178160402805
243,0.0063836424474803454
244,0.002112513323732216
245,0.005082680809605002
246,0.03795831509341201
247,0.056485253158602165
248,0.05322584311023622
249,0.01768970592070944
250,0.005548021012373454
251,0.0747058753032929
252,0.019975196807228916
253,0.0017617215278015665
254,0.04043046970731707
255,0.12751233522727273
256,0.0017275736272587196
257,0.003334713368479468
258,0.004342611624189681
259,0.32522962074829936
260,0.03565379454713494
261,0.043773734371643384
262,0.12404002810810812
263,0.014939753668602276
264,0.00413525918384661
265,0.003223034110787172
266,0.005312334301939057
267,0.03963810307539683
268,0.00314363075674974
269,0.0020917329923163257
270,0.001710937439527604
271,0.0030162223789945808
272,0.004855875303523838
273,0.003540964112639162
274,0.10389605325301204
275,0.002072333616218765
276,0.28398090030303025
277,0.010069401603227139
278,0.036174163976555464
279,0.004023745556439845
280,0.006515649826597305
281,0.002070849068792672
282,0.002233218732731626
283,0.004183328602545485
284,0.03542836280542987
285,0.0037496190491581147
286,0.002237089881417475
287,0.032233509460580914
288,0.05140852100893997
289,0.0017082798069360029
290,0.025140686870783597
291,0.0017101811961635902
292,0.027262328608058602
293,0.04156343544041451
294,0.0590521218575419
295,0.14843821606557378
296,0.036022203532110095
297,0.0033163237665198085
298,0.1053536791962175
299,0.019074491875000002
300,0.05833160055478502
