1,0.00010254410208713757
2,0.00010660659952723171
3,0.0001108900701327223
4,0.00010361984850228039
5,0.0017807996567360616
6,0.00010419511939112068
7,0.00010194937507936116
8,0.00010551197299076573
9,0.0017896673843841185
10,0.00010505068345756849
11,0.002148779467267869
12,0.00010558073649010636
13,0.003843810461044788
14,0.0017235924362606232
15,9.868419231208651e-05
16,0.0023870971551906025
17,0.00010614482193780744
18,0.0017126586207499648
19,0.00010056889811696447
20,9.898088603489995e-05
21,0.00010211010087897459
22,0.00010596064083467192
23,0.0017982003715299357
24,0.0021245452646239554
25,0.00010294145976957621
26,0.0031455586091234345
27,0.000100462642798767
28,9.809237366755379e-05
29,0.00010139250112588196
30,0.0018246386224152586
31,0.00010168852518824475
32,9.88404599663315e-05
33,0.0017980082805417682
34,0.0031698902522935774
35,0.00010077365874757363
36,0.0001060626777188393
37,0.0018295551723454487
38,0.0001030003366551383
39,0.00010464843037085112
40,0.002336300751989421
41,0.002112608753760956
42,0.00010374294209090332
43,0.00011542596575827965
44,0.0023245325615854793
45,0.0016994620452607646
46,0.0016964692714620463
47,0.001707649837155297
48,9.952335135377358e-05
49,0.0001012125445003426
50,0.00010584987092160233
51,0.003074720776661662
52,9.888051701584618e-05
53,0.0016917671725759766
54,0.0016892487425450885
55,9.984266378579866e-05
56,0.00010370437358543038
57,0.004196457578397214
58,0.00010130053904313593
59,9.924742295953528e-05
60,0.00010401044846210507
61,0.00010089014151763492
62,0.003366984713318284
63,0.00010227703770219413
64,0.002178080739036275
65,9.903981792034621e-05
66,9.636452362461169e-05
67,0.001770762533348749
68,9.621810905590319e-05
69,0.00011079131640230036
70,0.002221882679476091
71,0.00010037235354594874
72,0.001773451673193307
73,0.0017152372102604522
74,0.0038351654476371407
75,9.988597431205784e-05
76,0.001816148185717699
77,0.0017018142292139615
78,0.00010506842283968084
79,9.608713862402349e-05
80,0.00010038245087279933
81,9.914369027650576e-05
82,0.002377349491974172
83,0.00414548548124679
84,0.0016961778536377212
85,0.0017575113682232583
86,0.00010554633514873953
87,0.0021568786164499086
88,9.87452347338226e-05
89,9.950640371420354e-05
90,0.00010528341965331432
91,0.00010146029798731051
92,0.00010377255679931698
93,0.00010542224828751055
94,0.00010719585640800992
95,0.0017904585652917199
96,0.00010298525186508309
97,0.0017502137169082468
98,0.00010838792083799958
99,0.0017305477378517526
100,0.018853351173333335
101,0.00010866742406773031
102,0.00010346616509973698
103,0.00010494073737095308
104,0.0017644546337572233
105,0.00010530318528362894
106,0.006135756550334247
107,0.001702008935510976
108,0.00010367790192295016
109,0.00011493490220237911
110,0.0001038940045099385
111,0.0018114856367381544
112,0.004626932719302674
113,0.0033695378533044875
114,9.666119622415638e-05
115,0.00010526681671688126
116,0.00011085245941901245
117,0.0017621555008944547
118,9.720678466106224e-05
119,0.00010540906340590973
120,0.002587329323575387
121,0.00010610049729053597
122,0.005884841957999515
123,0.0031422261922153813
124,0.00010090389568400635
125,0.001761779111913672
126,0.00010300678244619152
127,9.987078990472236e-05
128,0.00010475218983162624
129,0.00010229201077542442
130,0.0025817952031602707
131,0.00010594134727939237
132,0.0017137461488742865
133,0.0020738747077713553
134,0.0017283073567454551
135,0.0027378606059203442
136,0.0001035410008485934
137,0.00011090766499606395
138,9.833729039806524e-05
139,9.738668613093583e-05
140,0.003428366371243477
141,0.0001036606024932226
142,0.001717079376275241
143,0.00010327626799217633
144,9.934966978782643e-05
145,0.00010140728629568037
146,0.01932898797354179
147,9.641958652920792e-05
148,0.00010322879753254742
149,0.00010075491778963583
150,0.00010995646748633633
151,0.003270922619155287
152,0.00010596703165984392
153,0.0017032262668377162
154,9.89258371462652e-05
155,0.010478517996633855
156,0.0027090191246935593
157,0.0001004773457310341
158,0.00010648850654329379
159,0.000104034963543772
160,0.00010008276638807035
161,0.0017730247882936248
162,9.930370238061845e-05
163,0.00010203474299987294
164,0.0001023619579999832
165,0.003238802382507202
166,0.0036141579911749314
167,0.00010335087409140915
168,0.001739758343960326
169,0.0033628076372480887
170,0.00010268318947249223
171,0.00010302161525863247
172,0.0017653252575807457
173,0.00010147102962587699
174,0.00010060347931883626
175,0.00010399637266875084
176,0.0022473612875833445
177,0.0021141751090369854
178,0.0016887348149851422
179,0.002173526379735485
180,0.0001000704442199842
181,0.00010523252279174187
182,0.004318664264826294
183,0.00010101056073710503
184,0.001710911981222661
185,0.00010528554306555197
186,0.00010220923847003294
187,0.002338793069270385
188,0.00010452374739779181
189,0.00010920521934427755
190,0.009426649312365167
191,0.0001025620643702104
192,0.00010518309776420523
193,0.00010392967346764098
194,0.0017575592996742666
195,0.00010448838095803228
196,0.00402735182321351
197,0.0001015861092879778
198,0.002360834424813506
199,0.002144186632493871
200,0.0016961762097782225
201,0.00010732007836266793
202,0.00010588400407118172
203,0.0018286563998688647
204,0.00010595075507839856
205,0.003474993262105984
206,0.0026232658827628256
207,0.0031092682919792265
208,0.00010087547204450854
209,0.00010131101310152839
210,0.00010196431525552636
211,0.00010176525130939082
212,0.0023418657327027447
213,0.0021375176888672395
214,0.00010133814929747206
215,0.0017190156017830604
216,9.935792656809851e-05
217,0.00010717905473548059
218,0.0069908897056880585
219,0.000106226808873123
220,9.967191577871236e-05
221,0.0018007658276766709
222,0.00203345376190676
223,0.0001068191836101024
224,0.00010298087606268367
225,0.00010254283545729565
226,0.0017873097450840827
227,9.936604296770137e-05
228,0.001768347872569034
229,0.00010219058892073464
230,0.0032059423990734607
231,0.0020258376632052355
232,0.0017375135059701208
233,9.862383280295894e-05
234,0.00011068097211148033
235,0.0029332795745852015
236,0.00010815936613652121
237,0.0017146223103661896
238,0.00010475281583162681
239,0.00010246730555345594
240,0.00010698629764447788
241,0.00010893560836725197
242,0.0019109444189871006
243,0.0033117057041242045
244,0.00010778366256482287
245,0.0062117394150145114
246,0.0020869391925725012
247,0.00010070784443240335
248,0.0021791023532593996
249,0.00010535425965341084
250,0.0017846872369538546
251,0.0017219018457861588
252,0.00010012365541405294
253,0.0001038797753773745
254,9.719876480608074e-05
255,0.00010237028989665828
256,9.938249185951853e-05
257,0.00010180886848744713
258,9.97164869777166e-05
259,0.00010577988939073897
260,0.00010619989975947327
261,0.00010000936196179426
262,0.00011101999645979657
263,0.00010509260674889963
264,9.810834749184735e-05
265,0.0018106572506031353
266,0.002129026295593878
267,0.00010647992544140681
268,0.0017323813102166693
269,0.002200910777858505
270,0.00010268388522689632
271,0.0031614224921301154
272,0.00010812952743165202
273,0.00010312881974866632
274,0.004345443679485625
275,0.00010220140035563255
276,0.0017723914528398564
277,0.00010393880983885298
278,0.001707036111309184
279,0.002726052383887053
280,0.00010102149422456178
281,0.00010244252401154547
282,0.00010226825631597474
283,0.00010801397008830772
284,0.00010356920923809327
285,0.001770466617022209
286,0.00010275805726499068
287,0.0016971851848582224
288,0.0016984479804791485
289,0.00010098135959568798
290,0.002837185685807838
291,0.0029497907103992176
292,0.0025788097424024694
293,0.00010161670064046776
294,9.618110988365742e-05
295,0.001806892913605505
296,0.0001053860547901293
297,0.00010044850884618198
298,0.00010386180153912336
299,0.00010684804468656419
300,0.00310458024505589
