1,0.00010157272457388113
2,0.00010963651699760699
3,0.00010921271163027517
4,0.00010785093849903458
5,9.967846360941688e-05
6,0.00010931010332373573
7,0.00010223623751585003
8,0.00229023374251698
9,0.00010573085353936261
10,0.00011432585893557688
11,9.775398972453036e-05
12,0.00010549735793313177
13,0.0017369162475269289
14,0.0028063987944088532
15,0.00010729894299551249
16,0.0001035835897202436
17,9.859250323911896e-05
18,9.701293993463654e-05
19,0.002250091051025902
20,0.005146523708545918
21,0.003510636869420048
22,0.00010251680187694465
23,0.016636543697478995
24,0.002712505630959058
25,0.00010100324430750982
26,0.0016952115559907424
27,0.002645439919142205
28,0.006049949426219284
29,0.007546880877772662
30,0.02497002094046008
31,0.0017128481114759826
32,0.017860567984542212
33,0.0026149546396239554
34,0.001691345993476103
35,0.00829721505633322
36,0.00010400946290802592
37,0.001759396256365804
38,0.00010183115741049684
39,0.001693767603755468
40,0.00010166391403424415
41,0.0021942915036536103
42,0.00010620511633204979
43,0.02017435851305335
44,0.0017521469470225634
45,0.00010757468166657132
46,0.0018326100958172685
47,0.0016993837222103844
48,0.0017161925856116118
49,0.002761792411924566
50,0.001716710235061906
51,0.0043042285027166645
52,0.0316883402892562
53,0.003565031100308276
54,9.888991644309606e-05
55,0.002158089593373524
56,0.01662914682826199
57,0.004044213353103334
58,9.985726395641084e-05
59,0.004718508513961194
60,0.0017100240609905556
61,0.005300109783326148
62,0.05172916526908636
63,0.0031322800005645964
64,0.0034047785453908174
65,0.002653514093841124
66,0.0043797765114818804
67,0.0039890754422172055
68,0.0020934199943926845
69,0.03691162629016553
70,0.0020981803399454375
71,0.028435255846153848
72,0.0627303634128167
73,0.00010731844485391125
74,0.006486880438931298
75,0.022490231827111982
76,0.003517218045358727
77,0.0050665002434519815
78,0.0017480909740397535
79,0.00010922874062505635
80,0.022504153677932407
81,9.714807706478454e-05
82,0.0038068450247388677
83,0.003387112954672636
84,0.0016965817859054416
85,0.0017134377691152278
86,0.037116007504690435
87,0.013028153628489313
88,0.008458270029647715
89,0.024627283220568338
90,0.02731447655520995
91,0.0017209041812032754
92,0.0017047290272636671
93,0.0028102146601941746
94,0.0026964610133512093
95,0.03019378899676375
96,0.002707184353361626
97,0.013014573703921783
98,0.0021485515547153026
99,0.011792972995355953
100,0.0017156860534866284
101,0.0017201560049063182
102,0.004417652925259617
103,0.05288127719072165
104,0.002130651011834059
105,0.00402034131373526
106,0.004433587030109489
107,0.003857819544968276
108,0.001706391794790231
109,9.543254558355005e-05
110,0.001698909259456202
111,0.0001068620385343257
112,0.0021001207638497135
113,0.04549999438264739
114,0.06046079499274311
115,0.00412456883303657
116,0.0017144116449313161
117,0.004009345558585358
118,0.0027328911007620657
119,0.0017110634084224123
120,0.0020777643598021383
121,0.021382607858990942
122,0.025493432747489237
123,0.0017005229677900494
124,0.0017283482399826884
125,0.0021555347601443144
126,0.03941743050847458
127,0.02446516134574087
128,0.008980354338575393
129,0.003667360842781557
130,0.023337569436619715
131,0.001698498465103996
132,0.001696788927414813
133,0.002653516086848864
134,0.0039044447559207353
135,0.003095201851257701
136,0.01854241508714597
137,0.00010277872547905344
138,0.0044556234352167556
139,0.016874152392218716
140,0.002641776823168056
141,0.0031901231745484543
142,0.010336350846962317
143,0.0175375076053443
144,0.0027933553839059252
145,0.0031294458499806677
146,0.031449575574712646
147,0.020571422552019582
148,0.0017294231667463952
149,0.0017148516924943315
150,0.0017226603732746692
151,0.002632164019494242
152,0.004683808180865255
153,0.02317437629419192
154,0.002096890086933956
155,0.007007135146173689
156,0.0017062237749191573
157,0.00010797786139125939
158,0.02966058768569195
159,0.0016972465055380586
160,0.0017117049511067178
161,0.0020581563562563757
162,0.0020656160590166736
163,0.0027006654721942486
164,0.0031094501187572212
165,0.0016889660408652995
166,0.00272839995215311
167,0.00554741750142288
168,0.002163049818532127
169,0.0034376641916647587
170,0.0016997761151333216
171,0.020256346817913964
172,0.0017117965489890962
173,0.0037666658873099805
174,0.002137944486204457
175,0.0031749074310763706
176,0.023556412224591327
177,0.00269074682831661
178,0.0027262597567841457
179,0.026699583527583528
180,0.012138833549666155
181,0.02140283655675333
182,0.002206062644778842
183,0.04073876428571428
184,0.004233611752970769
185,0.006433668276374443
186,0.02392931446518306
187,0.003277901451905626
188,0.024681400146735148
189,0.005146473816952679
190,0.02700498408430232
191,0.001721860875064919
192,0.00010729376268735268
193,0.0018106111339406857
194,0.018247788317510547
195,0.02124689335642317
196,0.001704306174957118
197,0.0017076977885301838
198,0.0033375686687182743
199,0.0034824344032420027
200,0.0017093048729021495
201,0.0020723177122953973
202,0.002154827891778561
203,0.011514665875629732
204,0.003074607264696923
205,0.025471449591558882
206,0.002112150830310712
207,0.00010920545250420317
208,0.007085657803261179
209,0.038633946710526314
210,0.0020446879386892183
211,0.003274838540682769
212,0.012509365481469916
213,0.002105625041254125
214,0.028205120170015457
215,0.0022634996789764744
216,0.04417888014629049
217,0.004116353115082679
218,0.0017071501745200698
219,0.0032794988804963577
220,0.0001028531373513034
221,0.009860170674230851
222,0.015751436810512654
223,0.0017007514689726048
224,0.0017057036634127011
225,0.0021906943304339952
226,0.00010340392855318931
227,0.0018002326158804416
228,0.002723583521158506
229,0.021587554556962027
230,0.02673295502936858
231,0.01788225743455497
232,0.043664012675296654
233,0.04390649782608695
234,0.0017141282597766367
235,0.0021517203391724017
236,0.01514404645728643
237,0.002605623063446714
238,0.0020826054777453177
239,0.003606500350667761
240,0.04996118611111112
241,0.00010770505903455185
242,0.013852965006821283
243,0.004295844271278109
244,0.0028077918119787716
245,0.004479065614953614
246,0.02798870563853622
247,0.0030668731027280213
248,0.028514245276220977
249,0.00010126922988773002
250,0.0017332497814265915
251,0.002625527786512928
252,0.0027491635419521565
253,0.00010438066619480025
254,0.0031684618716408468
255,0.020541972383545073
256,9.751377366983755e-05
257,0.009295159851730135
258,0.0247862162541806
259,0.01027941657124682
260,0.0026597717995903536
261,0.002772783742614476
262,0.0020764144657322873
263,0.023119777171717173
264,0.01864842736013986
265,0.00367835769578995
266,0.002031298768752364
267,0.003947932249432372
268,0.001690098179465362
269,0.001727788163206974
270,0.003430919523141524
271,0.0017117124123422161
272,0.0027664372110159344
273,0.0017117982097232718
274,0.0001013976466597853
275,0.005126937618296529
276,0.017537487179487183
277,0.0017236164059166545
278,0.0017356211838889083
279,0.003061067027453455
280,9.888850156604519e-05
281,0.02116529862804878
282,0.0055637233370288254
283,0.0038074802700297753
284,0.0039014372890934044
285,0.0017125154147942074
286,0.033158859362054684
287,0.0035508265494352768
288,0.003000451405659793
289,0.009615087472723665
290,0.004908655146615785
291,0.004118937610952939
292,0.009419527675633829
293,0.01019011511352084
294,0.0017169299395605223
295,0.0017349145624077477
296,0.0017094268121595599
297,0.004983362366211098
298,0.00011002114521989436
299,0.004032290511373069
300,0.027014615489330394
