1,0.00011007567583236108
2,0.0018172592605218872
3,0.00010985189849393018
4,0.00010532951213462316
5,0.00010579039103881192
6,0.00010220117504529937
7,0.00010733297008900065
8,0.0017871112722964125
9,0.0001059032283157452
10,0.0001023335024145829
11,0.0018063564683430623
12,0.00010353592442203589
13,0.00010587074608915537
14,0.0018953095507103178
15,9.781426554919927e-05
16,0.00010742888177031632
17,9.651118435083844e-05
18,9.870642324735688e-05
19,0.00010624742808339505
20,0.0023244178017326864
21,9.655661906041589e-05
22,0.00010356980039137247
23,0.00010014547739839664
24,0.0017943809359823397
25,0.00010658525360419343
26,0.0017335016409300362
27,0.00010202476314850438
28,0.00010553425864253158
29,0.00010643195188130373
30,9.94529944006355e-05
31,0.00010510767827096304
32,0.0024250824756488322
33,0.00010431122573642391
34,0.00010536834553602118
35,0.002130582031296132
36,0.00010046407096953876
37,0.0018601759829943545
38,0.0017218250333131762
39,0.0016987391103152369
40,0.0016874156213664074
41,0.00010131533910028835
42,0.00010709953755520559
43,0.003330937302174919
44,0.00010690399669555847
45,0.00010739010246266003
46,0.00010375188230778634
47,0.0017235096565874732
48,0.0020623846873534806
49,0.00011281242632543878
50,0.00010302391692842612
51,0.0018195042156255714
52,0.00010534923726191295
53,9.891537479387086e-05
54,0.00010589234319557619
55,0.00010000354106537512
56,0.0017715082813658364
57,0.0001061558172845496
58,0.0017673779131429364
59,0.00010684821611193232
60,0.0021078373764503652
61,0.0016907945734370006
62,0.0016957589836825253
63,0.0017351511511410013
64,0.0016905200442572635
65,9.656997061191707e-05
66,0.00010225603910673096
67,0.0017625030122291358
68,0.0022235273705729624
69,0.00010115634532547677
70,0.00010391166155518791
71,0.0018149607222777697
72,9.919234045635492e-05
73,0.00011007601769911504
74,0.0028184511362784066
75,0.00010192577512661744
76,0.0031322469095267876
77,0.00010629811708571976
78,0.00010421622090742025
79,0.00010717254571079706
80,0.00010434802983908437
81,9.765956123659876e-05
82,0.0001067085516041418
83,0.002316624876539351
84,0.00010284651242920863
85,0.0018154752812623558
86,0.00010104695990365042
87,0.001727920919870771
88,9.757867140915801e-05
89,9.867326829496537e-05
90,9.979447987568151e-05
91,0.00010044865161845366
92,0.00010273009356651306
93,0.0001076564328763338
94,0.0017339234584980237
95,0.00010050540611390198
96,0.001692298499070567
97,0.0001039254784974567
98,0.00010863863642508857
99,0.00010050184926432761
100,0.00010645506782061506
101,0.00010649031428104398
102,0.00010360549186585014
103,9.67926168745474e-05
104,0.00010585851161673707
105,0.00010364788785497921
106,0.00010919693426846732
107,0.00010001253829632504
108,0.00010228471749866439
109,9.965277473681597e-05
110,0.001841669936648109
111,0.00010023622747202191
112,0.0017055829228340804
113,9.86451257510087e-05
114,0.00010216080654706019
115,0.002118169952190349
116,0.00010745575054697225
117,0.00010288410913500229
118,0.0021421582045468104
119,9.74271025138523e-05
120,0.0018543624503369954
121,0.0017275528239496392
122,0.0001062539731705725
123,9.803367541414196e-05
124,0.00010114555639596551
125,0.00010146489740791495
126,0.00010238159233037359
127,0.00010584193778331355
128,0.0021861595081771514
129,0.00010578014293287568
130,0.00010309216731066625
131,0.0018277633848072124
132,0.001703216886382413
133,9.774504213170097e-05
134,0.001744487573682538
135,9.736341587412444e-05
136,9.93178236803384e-05
137,0.0030940336660617057
138,0.00010111709830316461
139,0.0022643817395877636
140,0.0016998429643658812
141,0.00010621567045287239
142,0.00010605344555763978
143,0.00010036765486716593
144,0.00010202851978835176
145,0.00010756745280731451
146,0.00010244442708680515
147,0.0001030743475672664
148,0.004075641377939339
149,0.001700609887775693
150,0.0035398189052383757
151,0.0017343939127174026
152,0.00010221191529014999
153,0.0018326636938198503
154,0.00010277450094600747
155,0.0017564491466016455
156,0.0017047730900867702
157,0.003307769906995829
158,0.00010153162042994077
159,0.0027989765947948908
160,0.0001028691128921168
161,0.0017409349407058157
162,9.95595708053636e-05
163,0.0028928209399842757
164,0.0017379792730774723
165,0.0017060404304353992
166,0.00010008775035854852
167,0.00011157419615807771
168,0.00010642245270657097
169,0.0018384278700426533
170,0.00010282622662147921
171,0.00010584142994332182
172,0.00010292654915012232
173,0.001784229092229165
174,0.00010385850402960368
175,0.00010147119456368342
176,0.00011189784258696396
177,0.002241445452008928
178,0.0016921736855114939
179,0.00010719987182955548
180,0.0020940677084233254
181,0.00010236270613782972
182,0.0018001294004604941
183,0.00010198384893097489
184,0.002327173579558336
185,0.0017395291118010203
186,9.830328997455129e-05
187,0.0029975623357453326
188,0.001736771376385473
189,9.728008026027774e-05
190,0.0016993476620263848
191,9.774944090857514e-05
192,0.0018211219717676368
193,9.953111433002722e-05
194,0.0017907844276740929
195,0.0016975105563969421
196,0.0017077090755555553
197,0.00011000229408648895
198,9.679851942120409e-05
199,0.00010157524702219816
200,0.0018796553406728203
201,0.003426759867488662
202,0.00010844414635497093
203,0.00010372246752045369
204,0.001731793100026462
205,0.00010294855127700209
206,0.00010649519632444333
207,0.0022840162380231973
208,0.002001312978751749
209,9.773678893259539e-05
210,9.518448421167483e-05
211,0.00010594039100892998
212,0.00010371933936730914
213,0.00010296148258545001
214,0.0018855990795601648
215,0.00010201864648892004
216,0.00010598179377662229
217,0.0021076000816612228
218,0.001693752737649367
219,9.908832697057424e-05
220,0.00011034188048697389
221,0.0001015185625317999
222,9.993001706855352e-05
223,0.0027793018970971584
224,0.0017079459818137132
225,9.976768328113409e-05
226,0.0018160468966612424
227,0.001713859254264598
228,0.0017272459160799969
229,9.88923926002658e-05
230,0.00010083996512351064
231,0.00010578808684573698
232,0.002924426141119959
233,0.002057275530467322
234,0.0017072316460847103
235,0.00010328315925814086
236,0.00010755959050142627
237,0.0001142174133776015
238,0.001738421072946483
239,0.00011245134074137141
240,9.75455615696461e-05
241,0.00011167499807115878
242,0.0017573571543267872
243,0.003038700455201858
244,0.0016927047602874406
245,0.00010324689455364463
246,0.00179283096107056
247,0.002611317062106435
248,9.890511555768429e-05
249,9.52724620171721e-05
250,0.00011556978494667785
251,9.834390457385959e-05
252,9.872176231128264e-05
253,0.00010331274938396477
254,0.00010511637552932423
255,0.001789295869105656
256,0.0017063536392067664
257,0.0016937576397294415
258,0.0026454880336740827
259,0.0001063215115728437
260,0.0016839257124421976
261,0.0017349834704615274
262,9.900661145377712e-05
263,0.0020850394812556355
264,0.0017357248481943113
265,0.0016962696601427255
266,0.0001121555277158376
267,9.621878779026948e-05
268,0.0001131576132242656
269,0.0027147741392049654
270,9.767932262221402e-05
271,0.00010353770853201162
272,0.00010397810330469709
273,0.0017595458944233817
274,0.00010120021687463742
275,0.00010516963194837741
276,0.0017765903474561248
277,0.0017084112459603764
278,0.00010204766690211332
279,0.00010606198178869511
280,9.639099782045909e-05
281,0.00010385372370671296
282,0.003221468874408641
283,0.0016900418196668916
284,0.00010133450494800506
285,0.00010787532932889149
286,0.0017969018838269802
287,0.00010326702720171257
288,9.923963955840998e-05
289,9.921577710040478e-05
290,9.948116129797636e-05
291,0.0037442777867004815
292,0.0020083179011839898
293,0.00010426419232129272
294,0.00010777627383289232
295,0.0017800956823363898
296,0.002076516359358289
297,0.00010322712204391892
298,0.0021897831066787546
299,0.00010292549967200155
300,0.0023614463311816387
