1,0.0001039776485500481
2,0.00010399957828844592
3,0.00010407873342252063
4,0.00010653585857371707
5,0.00010369181479421464
6,0.00010663590744402807
7,0.00010889426205271746
8,0.00010827290385533717
9,0.00011275570707488433
10,9.969229457517509e-05
11,0.00010871595717535988
12,0.00010449801578090031
13,9.87368550138126e-05
14,9.940983476946581e-05
15,0.00010065588268813952
16,0.00010150790457585811
17,9.916320088563456e-05
18,0.00010087086796860205
19,0.0017334248282357043
20,0.0001115250343132271
21,0.00010513069105312208
22,0.00010624525296922808
23,0.00010203061431865788
24,0.00010071958266904835
25,0.00011055018981787092
26,0.00010075336577907062
27,0.0001067496872899837
28,0.00010535487506146054
29,0.0017904064972617743
30,0.001722335581841348
31,0.0001087495022202323
32,0.0001012842961110798
33,0.00010497905034658962
34,0.00010124138376564878
35,9.949744471086313e-05
36,9.703138628016763e-05
37,0.00010375590608269417
38,0.00010477676102067944
39,0.00010151944472940734
40,9.891311765677275e-05
41,0.002568953088699456
42,0.00010020896956849781
43,0.00011074383299551905
44,0.0017862946382849456
45,0.0001028982576952059
46,0.00010754868265514387
47,0.00010372719847096578
48,0.00010287023431315862
49,0.00010661790182737338
50,0.002161399062322154
51,0.00010585685964228734
52,0.00010266259877903453
53,0.0018045909555371446
54,0.0001023989719022809
55,0.00010581948912714276
56,9.822565350868898e-05
57,9.897070227408323e-05
58,0.00010029935548787259
59,0.00010858463600184097
60,0.0021486315722821746
61,0.00010965951052521012
62,0.00010284792961225027
63,0.0018438057953940165
64,0.00010099570425560901
65,0.00010561917673602529
66,0.00010523678587411826
67,0.000114766792752717
68,0.00010247384344035512
69,0.0018042575562700967
70,0.00011496384981340765
71,0.00010544857104932909
72,9.876471742727161e-05
73,0.0001053423030581201
74,0.000102051491541349
75,0.0018816569788658762
76,0.00010636115954783216
77,0.001714738852202536
78,0.0016955387961966272
79,0.0001033626080671647
80,0.00010521143729052505
81,0.0017482396665652307
82,0.0017097222993361497
83,9.942153246545464e-05
84,0.00010210194039814281
85,0.003097280354983589
86,0.0001010740027672998
87,0.00010177093475610148
88,0.00010284382790815038
89,0.00010601045752241937
90,0.0018528741940198623
91,0.001700817546589342
92,0.0017268480795053001
93,0.0001044591791742201
94,0.00010812105540573668
95,0.00010600944413809511
96,0.00010058506281875855
97,0.0001035198928664413
98,9.768291425760862e-05
99,0.0001048502978602542
100,0.00010036742283552305
101,0.0019144099793035408
102,0.00010899435824931279
103,0.001762732558242341
104,0.00010210771589991929
105,0.00010488861324620138
106,0.00010110861253337508
107,9.780735900156004e-05
108,0.00010524104526745381
109,0.0018095770754770083
110,0.0017427198845787304
111,0.00010576759281229264
112,0.00010313384236856869
113,0.002682770784034746
114,0.0001010952176130191
115,0.00010104738071537932
116,0.00010455846897214756
117,0.001730429459495411
118,0.00010746501189805936
119,0.00010703087021804988
120,0.00010399691710011608
121,0.000105406201559636
122,0.00010456630851015414
123,9.901074452109727e-05
124,0.0018376969557057515
125,0.00010165740305602902
126,0.0017139541468281752
127,0.0038046697053638876
128,0.0001065003746073287
129,0.0021466133301791947
130,0.00010467532980448998
131,9.937756066143616e-05
132,0.001776220114640763
133,0.00010287325422378593
134,0.00010294401698262744
135,0.00010483955263687163
136,9.804714423802198e-05
137,0.00010847572714917362
138,0.00010039706101581232
139,0.00010558084323248114
140,0.00010483728759062511
141,0.002420002202403878
142,0.0001007582214810512
143,0.00010193708558243545
144,0.00010060012302727566
145,0.00010019364162028575
146,0.0017300616725274725
147,0.00010482963715352473
148,0.00010068053089870066
149,9.880181871638878e-05
150,0.0018037778996730339
151,0.000107532933415223
152,9.869006726885846e-05
153,0.00010222651517878888
154,0.00010247754288493921
155,9.993752952988423e-05
156,0.00010120057145877878
157,0.00010313773602975296
158,0.00010789783972024416
159,0.00011407269683825598
160,0.00010664756666592777
161,0.00010652972193684915
162,0.0018083242987606003
163,0.00011078516940794633
164,0.0018489749610001512
165,0.00010047041831619205
166,0.00010385165115098435
167,0.00010231215973857711
168,0.00010984348404556212
169,0.00010581547900968783
170,0.00010030727925183498
171,0.00010661034437577576
172,0.0001054575461336534
173,9.847373824492761e-05
174,0.00010043189053171719
175,0.002222384928414424
176,0.0001025214104101295
177,0.00010959261030210827
178,0.0018033014773080165
179,0.00010088933559097557
180,0.00010641747032238536
181,0.00010626362179457578
182,0.00010267967562618636
183,0.00010619971772458047
184,9.835532222076387e-05
185,0.0001007767800179923
186,9.752911851503703e-05
187,0.00010394718948215725
188,0.000107707394303078
189,0.00010256472124815994
190,0.0017490772427190512
191,0.00010009186704698303
192,0.00011147450388913725
193,0.00011278504752929434
194,0.00010346833462240245
195,0.00010381483172022885
196,0.00010307698906331374
197,9.537383456551805e-05
198,0.00010962301862208181
199,0.00010229724718933301
200,0.00011036540514691632
201,0.00010956996216600761
202,0.00011239700049610664
203,0.00011310247568176366
204,9.858955972277521e-05
205,0.00011053623915494597
206,0.00010551667717399312
207,0.0018172170968759466
208,0.00010969939575131061
209,0.0034991631157998042
210,0.00010388100352388637
211,0.001701465112688554
212,0.00011183392488248006
213,0.0001101245611933552
214,9.881286369162656e-05
215,9.89964501324967e-05
216,0.00010474326935906651
217,0.00010284240981672038
218,0.00010177887242863164
219,0.0001036314542609049
220,0.00010755398898440383
221,0.0017735947884371863
222,0.00010164024087632265
223,0.0018194362812953206
224,0.0017646770213276641
225,0.00010613588755630326
226,0.002071376097904485
227,0.003419466330288223
228,0.00010430645653681156
229,0.0017984623100359735
230,0.00010087313490849508
231,0.00010794568651613662
232,0.00010402104761679183
233,0.0001015153179793165
234,0.00010397486234031154
235,0.00010300629255631024
236,0.00010338141023882138
237,9.986879263145517e-05
238,0.00010035539107291972
239,0.0017478085416388182
240,0.001716478780704877
241,0.0020197622597312227
242,0.00010649709291560322
243,0.0001060550335234773
244,9.762666139418351e-05
245,0.0018228774876548962
246,0.00010126429279784418
247,0.00010851661369761982
248,0.00010094470658647547
249,0.00010273238694068374
250,0.0017939890900136584
251,0.00010714834576808143
252,9.91739079332768e-05
253,0.001911609815507076
254,0.0016997558499484663
255,9.979449953850308e-05
256,0.0017961575122457567
257,0.00010476332319547119
258,0.0018158501130994121
259,0.0017352197059771516
260,0.0021286128376894354
261,0.00010310282793856228
262,0.0018444264103023777
263,0.0017153280367556104
264,0.00010387239224910776
265,0.0017785020623330365
266,0.0001120967412706365
267,0.001743890891299867
268,0.00010389949365812434
269,0.00010473312036124688
270,9.609636432199818e-05
271,0.0001024602452854855
272,9.657804512547968e-05
273,0.00010776755392099944
274,0.00010642848817285555
275,0.00010875864371078543
276,9.921566265920384e-05
277,0.001776685641162594
278,0.00010272221908936714
279,0.00010303674018709649
280,0.00010123142670958065
281,0.0017620348622253224
282,9.74377815145447e-05
283,0.00010176086973179975
284,9.675701570877882e-05
285,0.0018181670237595107
286,0.00010615819931626864
287,0.00010103160959562249
288,0.00010395069373647692
289,9.982587262947926e-05
290,0.00011000032244643924
291,0.00010592466179317327
292,0.00010576232920456744
293,0.00010980421899364942
294,0.00010610038511416745
295,0.0017367440422528255
296,0.00010637711222002966
297,0.00011052369370791839
298,0.0001064288241297001
299,0.0001045421612202691
300,0.0001037674668069606
