1,0.00010168729637455958
2,0.00011263078691816484
3,0.0001004675695968411
4,0.00010011437511053349
5,0.00010403322117602831
6,0.00010561775851913069
7,0.00010095173522731725
8,9.8711399185218e-05
9,0.00010093582247653325
10,9.959010594700962e-05
11,0.00010205651333152713
12,0.00010875473265683286
13,0.0001008590777339744
14,9.978189077788075e-05
15,0.00010151185381254112
16,0.00010572146901562171
17,0.00010238976629236594
18,0.00010718283849210342
19,0.0017704772239279514
20,0.00010222163362336649
21,0.0017036433398126879
22,0.00010083827084427988
23,9.854599555472068e-05
24,0.0018049573455833515
25,9.88856243650201e-05
26,0.00010328114397736755
27,0.0017895148781353165
28,0.00010055097817218396
29,0.00170487598964513
30,0.0017071758339510747
31,0.0017093554424632961
32,0.00010314477264345811
33,0.0016902881111829425
34,9.986717598803195e-05
35,0.0016956392279086241
36,0.0016983410428232965
37,0.001703474816872297
38,0.001724631725151439
39,0.00010438436336327951
40,0.0017661206729233882
41,0.0017001819525782034
42,0.0017288546478771189
43,9.89915437354788e-05
44,0.0017331858489238994
45,0.00010266196176161794
46,0.0018063617624051365
47,9.620589599100282e-05
48,0.00174668891154665
49,0.0017229377407407406
50,0.0017047132192846031
51,0.0017094438729573572
52,0.0016957582362934908
53,0.0001025034209320605
54,0.001715749111778118
55,0.0016932995134475207
56,0.00010226181968068939
57,0.001733079965571094
58,0.00010026256026960917
59,0.0018396849524185853
60,0.0017180950878184966
61,0.0016963815604847284
62,0.0017030167076641952
63,0.0017391486145260271
64,0.001703236434965584
65,0.001712438283369022
66,0.001727815728562107
67,0.0017087575373161302
68,0.0017197969223043262
69,0.0017040488350304058
70,0.001732287843457861
71,0.001721903776941217
72,0.0017526829222081876
73,0.0017226118540384823
74,0.0017085759033813026
75,0.0017176445889625948
76,0.0016942840103928935
77,0.001724747837394401
78,0.0017113238020681864
79,0.0017038035595300718
80,0.0017274621268237936
81,0.0017316678306401932
82,0.0016931429229465954
83,0.0017035661863644541
84,0.0017099015969846366
85,0.0017112448204199084
86,0.0017126627544653997
87,0.0017060302238670584
88,0.0017077664926746408
89,0.001710772698469206
90,0.0016851461292962356
91,0.0017096328007308163
92,0.0017213851120380286
93,0.001707787070983558
94,0.0016960047481099415
95,0.0017257302105723343
96,0.0016930239695308602
97,0.0017113931641238697
98,0.00171268945838599
99,0.001711195477211703
100,0.0018221894561638674
101,0.0017065714174030037
102,0.0017320575266897564
103,0.0017442050460516924
104,0.0017096965878103199
105,0.0017223488534723898
106,0.0016952029945281318
107,0.0016978469324318193
108,0.0016893095207276543
109,0.0016985647424605412
110,0.0017509786409902989
111,0.001693767373587045
112,0.0017273457255182274
113,0.0017067016686678905
114,0.0017265375519865235
115,0.0017032186386745833
116,0.0017023017338365135
117,0.0016961387127434455
118,0.0017190007383138172
119,0.001692096118148736
120,0.0017093886159604559
121,0.0017094259613690034
122,0.0017285867050261825
123,0.0017111226885859583
124,0.0017006884560956629
125,0.0017119881716470258
126,0.0016949681818181819
127,0.0017052494892618659
128,0.0017053330095021981
129,0.0016945511341188088
130,0.001709520469249911
131,0.0017539360631295682
132,0.0016969878018851146
133,0.0016970573075288618
134,0.001687139098857461
135,0.0017296507715706185
136,0.001706468432121019
137,0.0017018659065354883
138,0.0017421795478297223
139,0.0016934855221659164
140,0.0017183674582280256
141,0.0016972740644890542
142,0.0017028864867278768
143,0.001711026921845541
144,0.0017357589256608318
145,0.0017090827684732605
146,0.001726410141118363
147,0.00170064417722871
148,0.0017082913167521703
149,0.0017101519313995495
150,0.001698759030805771
151,0.00168970039882677
152,0.001707429517553306
153,0.0016996268463250095
154,0.0016798472483411985
155,0.0017240399086890354
156,0.0017152783493329569
157,0.001702814622624943
158,0.0017326655836450763
159,0.0016808412759497249
160,0.0017310661158652296
161,0.0017141215297399762
162,0.0017623962536581926
163,0.001735989423856646
164,0.0017033513343771125
165,0.0017361929317464171
166,0.0017012045416232718
167,0.00169693034915412
168,0.0016986749947766296
169,0.0017362660204485727
170,0.0017111104145836305
171,0.0016992940464399691
172,0.0017007676316446218
173,0.0016892987949894138
174,0.001696608756054839
175,0.0016959974338980651
176,0.0017061306279683378
177,0.0016954241316141758
178,0.0017255368728229866
179,0.0017132357963921107
180,0.001715922130829244
181,0.0016986512087950874
182,0.0017038218282769632
183,0.0017143218770828217
184,0.0017000258944042078
185,0.0017192154486737545
186,0.0016908609880599123
187,0.0017036639637136605
188,0.001715552517870479
189,0.0017119385550434507
190,0.0017500458531310569
191,0.0017077895680657673
192,0.001794014710224129
193,0.001707057298938844
194,0.001691516445404418
195,0.0016940932303947493
196,0.0016940995503188193
197,0.001780643175138292
198,0.0017007560714032478
199,0.0016919712970637677
200,0.0016978491870064606
201,0.001685407663554682
202,0.001760424827784779
203,0.001722173216667268
204,0.0017030565084877908
205,0.001699891314046706
206,0.0017208415657102378
207,0.0017058434851463522
208,0.0017048052812986437
209,0.0016894627019829417
210,0.0018099245909754063
211,0.0016632675709428986
212,0.0017074845491049015
213,0.001695532540739443
214,0.001709628952946164
215,0.0016876644873725878
216,0.0017069325875211745
217,0.0017073205823068306
218,0.0016978179309858161
219,0.0017184829193313412
220,0.0016985771941086267
221,0.0016907234018143954
222,0.001699028853135023
223,0.0016896293596370925
224,0.0017012032358487206
225,0.0016976010058586857
226,0.0017350947717153155
227,0.0017060582514804442
228,0.0017044092233211437
229,0.001741879400836043
230,0.001713846484048284
231,0.0017198990953290502
232,0.0017033517302073437
233,0.0016978114897814936
234,0.0017045088892800565
235,0.0017143553261615382
236,0.0017332537806914684
237,0.0017030155831245705
238,0.0016947847754384818
239,0.0017196683065082096
240,0.0017094639925637391
241,0.0016888833013572087
242,0.0016974849719524508
243,0.0017211927345132747
244,0.0017265009947832343
245,0.0016990817777697788
246,0.0016944888985363433
247,0.001706841288095988
248,0.001743554727357409
249,0.0016951783580770592
250,0.0017061953070866144
251,0.0016978764475132236
252,0.0017080005965440018
253,0.001711665916581027
254,0.0017078120511184373
255,0.0016923927803730112
256,0.0016987432228857638
257,0.0016978070196385932
258,0.0017096269413691256
259,0.001689810929094428
260,0.0017289715532102024
261,0.0017026091406974742
262,0.0016966003302891384
263,0.001726954160111229
264,0.0017312210891774745
265,0.0016993869856934928
266,0.0017331413689986135
267,0.0017448246335740071
268,0.0016914882316902396
269,0.0017090977274342575
270,0.0018448188247730667
271,0.001790958065141796
272,0.0017078483760961348
273,0.001705363205429864
274,0.0017039850573778153
275,0.0017172123795018814
276,0.0016950353194645567
277,0.0017124595721716971
278,0.001715836272293837
279,0.001714006910331424
280,0.0017023932171356573
281,0.0016972788648975529
282,0.0017145938440665705
283,0.0017057503328167922
284,0.0017017347637517629
285,0.0017044145944781534
286,0.001698955525164114
287,0.0017152364941945331
288,0.0016975511449064404
289,0.0016963723927560048
290,0.0016991607460052202
291,0.0017089889526157808
292,0.0017199371885752996
293,0.0016879832271390561
294,0.0016898316899627986
295,0.0017010270193361376
296,0.001691528905812325
297,0.0017042205847234413
298,0.0017021512921368317
299,0.0016854692094883314
300,0.001697959721782004
