1,0.00010100782275656506
2,9.919670394971817e-05
3,0.0036700273846603077
4,0.00011078081467753823
5,9.872475411674251e-05
6,9.559315990210853e-05
7,0.00010172294822572466
8,0.0001097464902955277
9,0.0036466908808497843
10,9.843996130002545e-05
11,0.00010125222737153712
12,0.00010944722118597172
13,0.00010390636368339592
14,0.0017576367561531658
15,0.002228994795311803
16,0.0017011763077306558
17,0.00010407734713756384
18,0.00010194089105416272
19,0.0027935921058466367
20,0.0016984572662726034
21,0.0016996759569545715
22,9.879634869650581e-05
23,0.004103645454545455
24,0.00010466694422766488
25,0.003441990740207373
26,0.0031641085866021667
27,0.004213901650738487
28,0.0001018990242946566
29,0.0017673597865007608
30,0.003837255389286501
31,0.004403296984925516
32,0.00010477775269589486
33,0.001699307281639298
34,0.003997819791337076
35,0.0021106660188043784
36,0.004176097480804072
37,0.002152760562533405
38,0.0039149585799773574
39,0.0035224821711626556
40,0.01727233856353591
41,0.007861126853492632
42,0.014792540578999015
43,0.0042102406301608
44,0.0036050745419335616
45,0.01617886150199601
46,0.004450137390985036
47,0.0034449107257509748
48,0.002145498591580535
49,0.01611643310381356
50,0.012483716507977353
51,0.0033156127844723177
52,0.0017004798950924608
53,0.020489942608430053
54,0.0037883246460142382
55,0.02166771296958855
56,0.04516828302961275
57,0.008148926952077747
58,0.003482174990902608
59,0.001708073114537602
60,0.02691964974264706
61,0.001717090808836693
62,9.865001588345358e-05
63,0.0066674478456860975
64,0.0016927724211880761
65,0.0025088873214136518
66,0.001693538758389262
67,0.0036588287975162803
68,0.002176193328419548
69,0.003645794401238297
70,0.0052162318303380405
71,0.0016893020252442415
72,0.0017170293977055446
73,0.03191138270042193
74,0.002082916420378882
75,0.0030974603094107074
76,0.003663828717035465
77,0.06908907496038036
78,0.022980604971500947
79,0.002104580154393269
80,0.005319562487614527
81,0.0022479148028607255
82,0.0038759157031993756
83,0.002138207213237893
84,0.004431170448220301
85,0.0166354111948052
86,9.928358486221086e-05
87,0.006152428687674167
88,0.001714913608906998
89,0.0022016089115893893
90,0.0025183335401643466
91,0.01522172610238216
92,9.965774620623188e-05
93,0.0480047425879397
94,0.0017448072549559473
95,0.0020974231968347314
96,0.0017135522571235461
97,0.00010299141040983654
98,0.01611255683179456
99,0.0017054899210750853
100,0.0017706133718622878
101,0.0031972628446715642
102,0.002206595415394431
103,0.0017251212235567328
104,0.0017165646418551793
105,0.0027780539802144976
106,0.022780050881201042
107,0.002215810075218633
108,0.002631099295404815
109,0.0017078081272084808
110,0.004402721080958842
111,0.015997245610119053
112,0.0017030271540238054
113,0.004852540548690403
114,0.0016987908832887416
115,0.001694178020399368
116,0.0027355708915935465
117,0.002494135664451827
118,0.0034629775870016134
119,0.0026013119441019323
120,0.01105981319326629
121,0.0035111963797615584
122,0.0017064909192073526
123,0.002232521514356709
124,0.00010384573268973192
125,0.009925639118285524
126,0.001702043590973703
127,0.010362942103448276
128,0.0021629171008459786
129,0.013947918427605172
130,0.0017045851058565722
131,0.0017108456544185713
132,0.00451195560055866
133,0.002132476271410913
134,0.0016871094257067953
135,0.0026633472718429426
136,0.00010528949076471604
137,0.004127371061029119
138,0.0017115617504767286
139,0.0017171132108501908
140,0.003865562737911522
141,9.968444083810279e-05
142,0.0018476499041275608
143,0.0016962880330752992
144,0.0026088998840970348
145,0.003970335053584109
146,0.01118772863563033
147,0.0017048278229252168
148,0.004071180799326883
149,0.0042263775041408765
150,0.0034161704784048475
151,0.004410049787079822
152,0.0169988724916388
153,0.0033519936668514414
154,0.0021532681575315024
155,0.02050465070422535
156,0.004331644318791346
157,0.0016963061439932436
158,0.00011034626206429815
159,0.0022502985640146015
160,0.0017089684308908355
161,0.0016952933386978272
162,0.010421622939029629
163,0.0021264745672845186
164,0.004875531537378006
165,0.0021645958526977376
166,0.0017367245914915058
167,0.010398846852135999
168,0.00011328203076879842
169,0.0029337697479739962
170,0.0022612712953464513
171,0.0035721201748127006
172,0.0017143992920544795
173,0.0031033826952773127
174,0.0031929580603998297
175,0.0017055262730574746
176,0.022486104196486664
177,0.004097169408284023
178,0.0043006978660159725
179,0.001736902523059254
180,0.0017057542102818764
181,0.0017017918847710778
182,0.003720957117217477
183,0.028808854826823868
184,0.004399005479110257
185,0.0017233510834670947
186,0.0017731657863271908
187,0.0022054959389413574
188,0.0026239149754544965
189,9.582046798155595e-05
190,0.003331752735629638
191,0.061532704130434795
192,0.002795671603501257
193,0.011274212738681195
194,0.0026056802234457597
195,0.002085379510420255
196,0.0017010438155656365
197,0.036583836416747804
198,0.004436232879635079
199,0.005160924302020695
200,0.002583478334943121
201,0.011853059655825416
202,0.0027634616166505323
203,0.0017102293948334172
204,0.0017020892372728907
205,0.008947070311252322
206,9.717148264785794e-05
207,0.0029337723288708544
208,0.001699037207200822
209,0.0017316218059878466
210,0.004573746628799349
211,0.004932257124707796
212,0.0017250123030650242
213,0.001697447638592108
214,0.0036913057856598017
215,0.002709890842637681
216,0.002113054621570622
217,0.0026011010748065344
218,0.00010673984532061918
219,0.0018065313671837824
220,0.01707974709418838
221,0.002215560827167261
222,0.0017219648790047098
223,0.0026873364045318223
224,0.0017022068536155204
225,0.004205432046181787
226,0.004027700616769983
227,9.903074323496249e-05
228,0.0599648281205165
229,0.0030854273065192526
230,0.003188494548732633
231,0.0017151382717147635
232,0.0016974873304934324
233,0.001966080543068886
234,0.01896881709717097
235,0.0017180705923936096
236,0.002754953957836118
237,0.003473944810543658
238,0.023003351844399732
239,0.0017113455467809334
240,0.0038054131922592833
241,0.003592767728631201
242,0.003371536089962981
243,0.0021594456290264853
244,0.0017114961242656222
245,0.0017223447500526571
246,0.003713606658011869
247,0.004018577042668453
248,0.0035702928698858227
249,0.002078323626845177
250,0.002221541372989322
251,0.029544762763554215
252,0.00010049976486287863
253,0.002240770647478744
254,0.017285659848087997
255,0.0042761896297375274
256,0.004541864884676439
257,0.01642633868707836
258,0.0018037703341338897
259,0.0017093013980350037
260,0.004612066147173768
261,0.0017155808431012567
262,0.003941943669597786
263,0.00173791587967222
264,0.0031711346015831136
265,0.0017215690049673692
266,0.0017031637741738725
267,0.008332268014414317
268,0.0021928720061714386
269,0.0017737359352064995
270,0.004404216942936775
271,0.00395110151638676
272,0.0026267987930732907
273,0.0017161681843901406
274,0.0017044905624221229
275,0.001708642607163201
276,0.001713783717292378
277,0.00374556629500436
278,0.0026476256378673234
279,0.015299542093441917
280,0.001697639169134236
281,0.019279586368810473
282,0.025521918288084464
283,0.008652606377881655
284,0.002226192379378415
285,0.0021193563434771328
286,0.01778553360145304
287,0.02058377209861696
288,0.03681639600778968
289,0.03945879712153518
290,0.004349757897808907
291,0.02528227563600783
292,0.00170763206979119
293,0.0020278889476544864
294,0.0017160857521246996
295,0.002208921433426992
296,0.0017262413780240857
297,0.0016903649491094147
298,0.00369736967790418
299,0.003458036031526867
300,0.013543191582821024
