1,9.956077556248082e-05
2,0.00010126608061642527
3,0.00010128455207836908
4,0.00010096800605542323
5,0.00010560098356729755
6,0.0001014140234855729
7,0.0017599549312489766
8,0.001713451265353886
9,0.0001144340409292563
10,0.0001033831715761273
11,0.0001078901947156514
12,0.00010555581098134703
13,0.00011197783367371458
14,0.00010375933353174476
15,0.0017441224216535917
16,0.0001026346547268453
17,0.00010157062399206054
18,0.0017871631953657026
19,9.882023502963419e-05
20,0.0017714384518576287
21,0.0017180200291303594
22,0.0001017239302519415
23,0.0016889904862767435
24,0.0001004930371066243
25,0.00010489099229171876
26,0.0001011119393827842
27,0.00010099242805348133
28,0.0017462830391540213
29,0.00010999082695486335
30,0.00010702723746695904
31,0.0017830443555880723
32,0.0017082683447202183
33,9.943225304119366e-05
34,0.0016892196916471506
35,0.001692235067332372
36,0.001730055915867945
37,0.001710054362829677
38,0.0017080779560972447
39,0.00010828456938664116
40,0.00010158532319554968
41,0.001822662628659449
42,0.0016981476200432087
43,0.0017305812354722829
44,0.00011068076545136632
45,0.0017475700372340426
46,0.0017064103386744357
47,0.0016902764984617557
48,0.0001043295910533103
49,0.0017156600496806248
50,0.0017109155237619523
51,9.78288181103917e-05
52,0.001789326977546881
53,0.0017028408815719593
54,0.0017395972700318194
55,0.0017004411739879718
56,0.0017055453604580856
57,0.0017178044523054401
58,0.0017030262928271244
59,0.001697967181633906
60,0.001706076524746586
61,0.0016927622509001461
62,0.001695592765567765
63,0.0017113267644346716
64,0.001710123213042281
65,0.0016958423032958662
66,0.0017042977388175532
67,0.0017108592818188256
68,0.0017021469018353257
69,0.0017631065229691976
70,0.0016858610375291804
71,0.0016720310664770708
72,0.0017111144208615512
73,0.0016989980705131107
74,0.0017193171151350755
75,0.0016999064446489237
76,0.0018585637954535513
77,0.0017250331575843771
78,0.0016956996162734454
79,0.001710263561337754
80,0.0017049283723021584
81,0.0017202716129724317
82,0.0017486687160228897
83,0.0017039743279380715
84,0.001711337305118531
85,0.0017012539700255102
86,0.0016921574740027668
87,0.0017009679079394286
88,0.0017166312484416743
89,0.0017104508467872422
90,0.0016965281995700468
91,0.0017019130135775403
92,0.0017157503126065709
93,0.0016982573184237786
94,0.001700147072064025
95,0.0017945538678966937
96,0.0017024767476299006
97,0.0017292020362393646
98,0.0016881867560383686
99,0.0017047012612127735
100,0.0017035174828913602
101,0.001696202229656356
102,0.0017078552223553458
103,0.0017200973691565927
104,0.0016976257401315792
105,0.0017012408539023589
106,0.0016983018587257105
107,0.0017095251632141721
108,0.0017213174322021864
109,0.0017222943777606043
110,0.0017137162830575588
111,0.0017045134521038497
112,0.0017088546814394484
113,0.00170219351739109
114,0.0017014949258717894
115,0.0017224217694521012
116,0.0017068843285659601
117,0.001723865112335736
118,0.0016871677465296556
119,0.0016962661689661688
120,0.00169639353850999
121,0.0017046085586089692
122,0.0017074370172959154
123,0.0017035188653096072
124,0.0016953064315135436
125,0.0016995625739212965
126,0.0016878709229614808
127,0.0017034613451812808
128,0.00168121894971557
129,0.001694814997296263
130,0.0016935429985050188
131,0.0016914043903631126
132,0.001697790822769557
133,0.0016960522662289525
134,0.002757583704722604
135,0.001750742180351343
136,0.0017422012424006786
137,0.0017155960519199564
138,0.001692958937535355
139,0.0017049503108054983
140,0.0017033366809520436
141,0.001692508033350032
142,0.0017058538827398424
143,0.0016990472545726696
144,0.0017172716692432015
145,0.0016949173479525938
146,0.0017566776756057479
147,0.0017341025536480683
148,0.0017151841702575336
149,0.0017220013340220142
150,0.001695951705715399
151,0.0017201359417714595
152,0.001707411193454571
153,0.0020908616502588475
154,0.0016962031275486685
155,0.0016806983142709122
156,0.0017629567514025244
157,0.0017031417382965123
158,0.0017045247505971613
159,0.0017155157378777228
160,0.0017244737339685283
161,0.0017116776375269492
162,0.0017048991533546325
163,0.0016885761933216165
164,0.0017290960356860206
165,0.0016990290266614735
166,0.0016993206603057572
167,0.001703765126005742
168,0.0016806650139134835
169,0.0017468209449584677
170,0.0016903945351780575
171,0.001722541763399255
172,0.0016975133374492856
173,0.0017595182233626277
174,0.001807954736139414
175,0.0017210625926836985
176,0.0017070954231770653
177,0.0017379770477063572
178,0.001696485813725846
179,0.0017016121375721313
180,0.0016957290121516865
181,0.0017255551717402253
182,0.0017070699826836765
183,0.001699590943959088
184,0.0017084866031153085
185,0.001699326520282313
186,0.0017225225850388904
187,0.001684507212354939
188,0.0017173507751005396
189,0.0017047541433511846
190,0.001699889804732469
191,0.0017766927355794386
192,0.0017161062326319968
193,0.0016930729257030924
194,0.0017051010648734528
195,0.002147755698031024
196,0.001706100954239861
197,0.0017263017603877133
198,0.0016984365766153627
199,0.0017151876262626264
200,0.0016952883401610622
201,0.0016959850995370389
202,0.0016926438208997425
203,0.0016970845721236906
204,0.001737034494227791
205,0.0017053132178604386
206,0.0017097037279825416
207,0.0016951874012415351
208,0.0016976077128790026
209,0.001685003791286015
210,0.0017030180015520904
211,0.0016939602665809034
212,0.0016982694918228401
213,0.0017169185596881253
214,0.001724950083068222
215,0.0016961559578352065
216,0.0017039713653267219
217,0.0017292433054504148
218,0.001740590218364906
219,0.001711775667552156
220,0.0016979840628507294
221,0.0016932171737880821
222,0.0017006488458396964
223,0.001708814309340059
224,0.0017068878460007816
225,0.0016992007206794468
226,0.001691049418584226
227,0.0016997970147656749
228,0.0017122115524807137
229,0.00168341422693176
230,0.0016960788993732835
231,0.001692917085639742
232,0.0017268088866008663
233,0.001706473364751912
234,0.0017434405842554092
235,0.0016995495847787236
236,0.0017134986306204562
237,0.0017029718953768308
238,0.002138224319539721
239,0.0017236891563453594
240,0.001700422050534914
241,0.0016929364436671648
242,0.0016920435708959198
243,0.0016987762271380034
244,0.0017260438360190884
245,0.0017038219876321203
246,0.001683872880398319
247,0.0016832693319231446
248,0.0017040959651113319
249,0.001693182528712131
250,0.0017472773495925884
251,0.0017075295468353523
252,0.0016756937154932794
253,0.0017255961856340251
254,0.001748133446275305
255,0.0016948492987923643
256,0.0017763927271098369
257,0.0017227710518819216
258,0.0017001779357186607
259,0.0017318273863094155
260,0.0016954179734855201
261,0.0016906715263772423
262,0.0016998652397139011
263,0.0017061503138151208
264,0.00171256580380378
265,0.0016967858429232
266,0.001751565810768207
267,0.0017070129165291984
268,0.0017263321457082362
269,0.0017057622257777778
270,0.0017553937332224967
271,0.0017155480156368222
272,0.0017135796032445778
273,0.0016918431970627693
274,0.0017087820069628715
275,0.001687986452504073
276,0.001723217946398119
277,0.001700589329831038
278,0.001738852234580408
279,0.0017336209180305086
280,0.0016829256465974137
281,0.0017742302590659151
282,0.0017043712244252268
283,0.0016915526700983995
284,0.001726121584183581
285,0.0016970072430560412
286,0.001709742748921607
287,0.001701296007201864
288,0.001699641901517104
289,0.0017298610934830363
290,0.0016955425140494115
291,0.0017065776698515674
292,0.0017154475771550197
293,0.0017184038833392794
294,0.001697969468043756
295,0.0017057157621636991
296,0.0017049642210500053
297,0.0017075716184035054
298,0.0017625540963680558
299,0.001724484601965252
300,0.0017425456274499378
