1,0.000103670552354626
2,0.0016955937504462692
3,0.00010206496744531192
4,0.00010517219732431837
5,0.00010315308036810432
6,9.994928855393972e-05
7,0.00010680364302423092
8,0.001767635935265826
9,0.0027249105940261773
10,0.001703703334616247
11,0.003762846783990032
12,0.002067751629993591
13,0.00010220743593769559
14,0.0020314288954924034
15,0.00010225303441132757
16,0.00010469197455812606
17,9.736817149936294e-05
18,0.023700601880178456
19,0.00010199915527476487
20,0.0017001974069597984
21,0.002090587732765664
22,0.0001068203629133485
23,0.0017144681925350938
24,0.00010663488708033108
25,0.0017147121477559435
26,0.016372012799401193
27,0.002641934527987366
28,0.08194162650943396
29,0.00010034612159157451
30,9.826887841220548e-05
31,0.0018115476735230155
32,0.003266912688882893
33,0.030044779218266253
34,9.974811122813118e-05
35,0.005254937691108144
36,0.00010439849393608069
37,0.00010616666434079703
38,0.01988895678466077
39,0.00010309370366475529
40,0.00492062598044405
41,0.00010858826929604385
42,0.07536551063829787
43,0.0026404282656373366
44,0.00010181876247440084
45,0.002158974602181298
46,0.0020077229242474364
47,0.00010049377998393469
48,0.0020390274522292993
49,9.72675e-05
50,0.03141255402397261
51,0.027893041203351107
52,0.0017256227582051462
53,0.0022133537097953214
54,0.00011168575540297165
55,0.0017781671772115657
56,0.00010759089886204716
57,0.036155646227272735
58,0.06906565568910256
59,0.010333826495046595
60,0.0021290667969951237
61,0.0001033205315455952
62,0.00010340917183784534
63,0.030827805921052633
64,0.002046533660296165
65,0.00010736214627468904
66,0.00010382276301311983
67,0.0017905228704864205
68,0.0016934525089605736
69,0.002160328886790756
70,0.016422174187992127
71,0.00010330219987648743
72,0.005727878807145021
73,0.00010404581983792573
74,0.0022636124465317277
75,0.0258497585443038
76,0.004223406197239501
77,0.0662885065891473
78,0.01598770871292373
79,0.01028769139100933
80,0.002497660843373494
81,0.010817267206040992
82,0.00010485430859019742
83,0.09040792555780933
84,0.002653604891400318
85,0.003557298596802842
86,0.001693582992168636
87,0.002674684477801736
88,0.0001011575174894355
89,0.038385151313131305
90,0.00010395435202482677
91,0.032520804362703166
92,0.0017020360315262541
93,0.00011009638948237517
94,0.003876941470434764
95,9.8580785353392e-05
96,0.0017368434985516577
97,9.833958272486628e-05
98,0.003809666306976874
99,0.04254395272727273
100,0.0020358376539577113
101,0.03256371181520851
102,0.011535425225867809
103,0.021481576632004624
104,0.01718232093558282
105,0.0657843591772152
106,0.013112795822065981
107,0.0021699034364414337
108,0.00010368176071460337
109,0.02278185042125729
110,0.00010657715104584812
111,0.04756643381839348
112,0.035509796029258106
113,0.0019915233232455426
114,0.015304325296068217
115,0.002612237829605778
116,0.0037596364173994234
117,0.002660412794843664
118,0.022295993836045056
119,0.00010135678554272228
120,9.790293809107346e-05
121,0.0026689401954954287
122,0.00010292961568459852
123,0.002269756656647254
124,0.0017194367595135343
125,0.00010008804105777061
126,0.00010575352783813949
127,0.00010487309964514787
128,0.021636549572930354
129,0.0017420755850289407
130,0.024843970062370064
131,9.721002357878001e-05
132,0.00010305980951981821
133,0.001861809384971874
134,0.0001086097401738627
135,0.0001013532902591257
136,9.994221596940025e-05
137,0.004685942888313834
138,0.027271803679175862
139,0.001719659450669872
140,0.05290545590062112
141,0.001703483894247819
142,0.00011316288040576615
143,0.002394467970328455
144,0.0020516699020688488
145,0.005508782132302796
146,0.0001008177351893911
147,0.0022570641051126586
148,0.003758279386818146
149,0.00411713498354361
150,0.00010379179976136241
151,0.0001056877875447923
152,0.0029228357964392626
153,9.555006473606924e-05
154,0.0026254403465130484
155,0.0001013776372331139
156,0.002765681625461461
157,0.00010192936619812404
158,0.00010099482522360913
159,0.0022483567652224587
160,0.0016977438222633321
161,0.015052856624141313
162,0.014002938029997115
163,0.00010175829880509485
164,0.00010102794739891863
165,0.005239444107549908
166,0.0028243803553656102
167,0.0034180817705962677
168,0.0092237449448401
169,0.0043709302384489866
170,0.017723623838495576
171,0.0017148807102744324
172,0.00010014442307732308
173,0.006138997405012126
174,0.0037341873105040395
175,0.00010571754017055895
176,0.00397431060594365
177,0.0024927010816411105
178,0.0020496024575103943
179,0.015187892012956693
180,0.0026647095359242042
181,9.852624198269137e-05
182,0.004788965137750567
183,0.00010139952212653693
184,0.045113236459489454
185,0.0001044898497066402
186,0.0024798613510611943
187,0.0047826716437684
188,0.004069049179016504
189,0.058739732527624315
190,0.0036708660791448717
191,0.08361506278625955
192,0.004771713137968336
193,0.023252616892764862
194,0.0192653392281106
195,0.009453451843902439
196,0.002901249262152778
197,0.0017029613803047562
198,0.003550072222878752
199,0.0016902164256999788
200,0.00010555356496573459
201,0.0022652322680958045
202,0.00010247266691198124
203,0.004025133448333195
204,0.061879162973760934
205,0.00010056694943365035
206,0.00010367068694576621
207,0.00010538925074678036
208,0.0017692678303468973
209,0.02389248704330176
210,0.06861100763116057
211,0.02676125571837027
212,0.007487553685999979
213,0.058210141346153835
214,0.00010910891053881576
215,0.00011277519200409215
216,0.048697893735224596
217,0.003592263614063778
218,0.0017798177307647434
219,0.003538326871443163
220,0.00010153017133355833
221,0.0027649029823971294
222,0.00010109228422407773
223,0.0017056891764663444
224,0.00010527805868075638
225,0.021984477342256212
226,0.0001038762272809742
227,0.013462193319444446
228,0.003533974912549191
229,0.0017025017686762315
230,0.07314458453177257
231,0.0021690037918633397
232,0.00010442342322123547
233,0.029460545180250784
234,0.004361391466810384
235,0.0001009914980038341
236,0.003376938418858027
237,0.0031136791881769986
238,0.003063866820606475
239,0.00438951141090909
240,0.0035449581955855933
241,9.807158408998398e-05
242,0.00314821501414946
243,0.00010364243293623586
244,0.00762592273084171
245,0.04686495971428571
246,0.040584511402623605
247,0.0035601317654028433
248,0.0020045281394580304
249,0.0025633922670560126
250,0.00010585808200404403
251,0.004670042857142857
252,0.003835968129978994
253,0.004323396093193157
254,0.02745511842490842
255,0.044345927866061285
256,0.0027342431736087592
257,0.00010822670168155743
258,0.0001016488271284715
259,0.002459151622344565
260,0.0021461072360248446
261,0.002022242142262895
262,9.957860722167577e-05
263,0.04418890193156733
264,0.0017859198539176629
265,0.00010244221492836279
266,0.005788022838171711
267,0.011844129574132492
268,0.005383630021386561
269,0.002588900452379678
270,0.0036749320188078265
271,0.002103046666955429
272,0.005378755773011618
273,0.002720854501517366
274,0.0020585218505110737
275,0.017881572180881506
276,0.0017282407793127882
277,0.003911230786625747
278,0.004777448324049644
279,0.0017053012831510473
280,0.0020820102385557706
281,0.006813394104038138
282,0.0034325180314958943
283,0.00410876213857065
284,0.0017940978286343295
285,0.00010918705288412339
286,0.003040872629288533
287,0.001696761843826222
288,0.04150665656934306
289,0.00010228562148546215
290,0.002167972533806539
291,0.003468400093431077
292,0.003958269017798286
293,0.0016965263489430778
294,0.021969452621995633
295,0.02780555718907261
296,0.00010593108331368684
297,0.00010146466782721261
298,0.00010318227122181976
299,9.970371766007196e-05
300,0.03955814833501514
