1,0.00010709595468291283
2,9.928357201596773e-05
3,0.00010211842930984202
4,0.00010690848562668885
5,0.00010806361714287944
6,9.899886335437755e-05
7,0.0017756550225353348
8,0.00011717805315755183
9,0.00010805983881060026
10,0.0001055790799713854
11,0.00010034694598057658
12,0.0018740779088213147
13,9.872075233898174e-05
14,0.00010999438376870589
15,0.00010356967981598916
16,0.00010652796807449285
17,0.0018256194661095636
18,0.0016892284213696105
19,0.00010566728763595319
20,0.00010090525241850599
21,0.00011256758063095073
22,0.00010457773265263871
23,0.0018371135319541338
24,0.0017113892535679668
25,0.00010573414229458874
26,0.00010274179015886615
27,0.00010459576299367323
28,0.0017216381142659547
29,0.0016962821780966326
30,9.92981637625885e-05
31,0.001801449335381652
32,0.0016852561955688706
33,0.00010253858808944769
34,0.00010542270922931778
35,0.00010453417001544078
36,0.00010098588772623184
37,0.0017955868697763157
38,0.0016928866138683559
39,0.0017185349300751932
40,0.0017281059550561797
41,0.00010754925812985152
42,0.0017186691781312694
43,0.0017123092070563078
44,0.0017183753036364288
45,0.001694943856181216
46,0.0017002807039999998
47,0.0017061852158888617
48,0.0017077472477747965
49,0.0016979785568037359
50,0.0016980256459671662
51,0.00010678834043735449
52,0.00169265314126002
53,0.0017052170202558634
54,0.0017092783007915564
55,0.0017024728218581575
56,0.0017399400594821552
57,0.00011227088601262908
58,0.0016881685743647898
59,0.00010951297004368862
60,0.0017580191880771257
61,0.0017230159522796564
62,0.0020249136477567043
63,0.001714558506055529
64,0.0001063623271021936
65,0.0017680613883880273
66,0.0017307937782211485
67,0.002078863678416927
68,0.0021369232098601525
69,0.0016983056423641525
70,0.0016971829323905788
71,0.0016988263060826387
72,0.0027555478752633025
73,0.0017050139149641084
74,0.0021733376353750057
75,0.0017276863704873322
76,0.0017017511295020246
77,0.0017137989948736725
78,0.001709038198346516
79,0.0017094447711142652
80,0.0016820021533662352
81,0.0016955788698140202
82,0.001699963926071027
83,0.002221999183115251
84,0.001695393440207357
85,0.0017632973769326462
86,0.002099979797848905
87,0.0017225463758626792
88,0.001700589770850293
89,0.0026769092179700507
90,0.0017425167011117446
91,0.0017089873752241086
92,0.0016947814097458545
93,0.0017093827956729897
94,0.0016987309881988846
95,0.0016969448546216728
96,0.0017658930145023801
97,0.0017166663326065774
98,0.0017178621851244263
99,0.0016956744662088856
100,0.002093463675363693
101,0.0017451409999646155
102,0.001729146020791627
103,0.001702755643754672
104,0.0016922425546544424
105,0.002075648348078814
106,0.0017204912176110479
107,0.0016974529860024868
108,0.0020993930302240756
109,0.0017005452183185543
110,0.0017184664181766301
111,0.002131885790802996
112,0.0027119425184729067
113,0.0017108480361475436
114,0.001708409850651414
115,0.0017044486749594376
116,0.001702126244161135
117,0.0017043090525480577
118,0.0016995097179730635
119,0.002143691446231557
120,0.0017516207639481924
121,0.001696243567464544
122,0.001734104367702912
123,0.0017157651906735025
124,0.0017216151759922966
125,0.0017043480761763563
126,0.0026486684400556814
127,0.00175220356602869
128,0.002219326662729756
129,0.0022169441577631283
130,0.0017157671663339512
131,0.001704269984065156
132,0.0017297453606673649
133,0.002588470604883193
134,0.0016991832610565552
135,0.0017216204385375005
136,0.001702893707004956
137,0.0016956953638852345
138,0.0016985279981615044
139,0.0017023426753855994
140,0.001698556015184305
141,0.001703526277385159
142,0.002074867298244115
143,0.002209332000585111
144,0.0017188906483004865
145,0.0017398797192378324
146,0.0017047512962494005
147,0.00174372406257558
148,0.001752015938017374
149,0.0021891697835223936
150,0.0016989799474667704
151,0.0016926861234905118
152,0.0021942436811318187
153,0.0016931241364448995
154,0.001719333135404489
155,0.0017993788542536094
156,0.0016828948720224363
157,0.0017125619048469478
158,0.0017129201047027505
159,0.001790084706839815
160,0.0016912644522805399
161,0.0021299875579188915
162,0.0017030915746502177
163,0.0017124268938552452
164,0.0017311590093681483
165,0.001734860935894256
166,0.0017457330842837
167,0.0016921435387531741
168,0.0017245230224989386
169,0.0017154756083286036
170,0.0026118071242624092
171,0.0017178849653456554
172,0.0017049512100538603
173,0.0017017372394627142
174,0.002252298815492893
175,0.0017124942411613042
176,0.0017040075974816009
177,0.0021103909318637274
178,0.0017010301420475153
179,0.0017455103834463407
180,0.0017012097590616082
181,0.0017042792608419268
182,0.001697555165689587
183,0.0017101510100657065
184,0.0016977380433588008
185,0.0016972999131837751
186,0.0017242277488673172
187,0.0017117750300717329
188,0.0016954314144736842
189,0.001706369788680448
190,0.001715347370324821
191,0.0017138414750755818
192,0.0017171455989094643
193,0.00227028913908014
194,0.0016958936007778456
195,0.0017306638429296273
196,0.0016958319776513816
197,0.0017122751853964628
198,0.0017132540355677154
199,0.0017055859350603266
200,0.0016957106114773026
201,0.00214547795724989
202,0.0016929827844205463
203,0.0016889590822382365
204,0.001697698665983462
205,0.0017009355599843414
206,0.0017218564651523705
207,0.0017001349964726627
208,0.0016884726981383454
209,0.0017243858775668345
210,0.0017314397610437495
211,0.00169468903399304
212,0.001697092819429778
213,0.0016884612668351757
214,0.0022279734401043387
215,0.001695599154175589
216,0.0017010502069802298
217,0.0017076390161558312
218,0.0017353575358633028
219,0.0022041086776253033
220,0.0017133422578456924
221,0.0017009071842003717
222,0.0017182423242874572
223,0.0017000109599079674
224,0.0017476226986172546
225,0.0017315986690328309
226,0.001704783220123116
227,0.0017721882011057244
228,0.0017068319151978832
229,0.0017072462822055494
230,0.0016985824075705777
231,0.0017034522972778337
232,0.001711618681550868
233,0.0017332283090746093
234,0.002171028076318743
235,0.0017438146615588693
236,0.001704414543414773
237,0.0017059127054073033
238,0.0017200291102194081
239,0.0017124922393007838
240,0.002081543971540112
241,0.0017069840230088497
242,0.0016841180196629213
243,0.0017324983787862056
244,0.001708824936500187
245,0.0017563223733095565
246,0.0017051792574642706
247,0.002175404308675881
248,0.0021598029020397443
249,0.0016987129514431964
250,0.0017266692281351966
251,0.0017151618192517565
252,0.0017156722743898148
253,0.0017051324879564338
254,0.0017450933282029757
255,0.001701226118756095
256,0.0017671481304516916
257,0.0017186949453277408
258,0.0016954349719997168
259,0.0016961671898512688
260,0.0017153031440555499
261,0.001695235244453865
262,0.0016988454344414323
263,0.0018211699045320657
264,0.001682872667455786
265,0.0017055042452498244
266,0.0017024764595370604
267,0.00170546773413337
268,0.0017044563845895018
269,0.001883130040165447
270,0.0025202561466834065
271,0.0016859993753509264
272,0.0017045474521450144
273,0.001718014333717514
274,0.0032145260387495527
275,0.001706594967815356
276,0.0021550514490488526
277,0.0016948283456195068
278,0.001706509757896265
279,0.003262429937136361
280,0.0017165648658784868
281,0.0017037903189673566
282,0.0017105404345672023
283,0.0017158182561735312
284,0.0017292880790237834
285,0.0017051541513014217
286,0.0017061709486791657
287,0.0017525739152586233
288,0.0017076815304175794
289,0.0016994662892635315
290,0.0017008263273404027
291,0.001725300952617041
292,0.0020313969564066583
293,0.0017101761156821744
294,0.0016816706160048094
295,0.0017042765223537727
296,0.0017126939614469808
297,0.001708968196319018
298,0.001703651966033187
299,0.0017031798127725968
300,0.0017116197062853526
