1,0.00010459666186529902
2,0.00010751230940065421
3,0.00010137582553433666
4,9.863096545225487e-05
5,0.00010914010813981777
6,0.00010588817763483475
7,0.00010245419888124748
8,0.00010648590504645036
9,0.00010935111633319296
10,0.00010613560512326618
11,9.961835716902773e-05
12,0.001870013599637072
13,0.00010595486438517548
14,0.00010491092392226695
15,0.0037927495568199376
16,0.0016927163431791237
17,0.002120662004901746
18,0.00010366103911144093
19,0.0017044912312033432
20,0.011971660734832662
21,0.0021041515733356444
22,0.00010614656527767106
23,9.996085618538278e-05
24,0.001815890309750868
25,0.002088884544358831
26,0.002032622563812398
27,0.059472505374823195
28,0.0017027856487948135
29,0.0018007344462052097
30,0.003048574061294906
31,0.01928401782991202
32,0.0001142087737930872
33,0.0017749880701629546
34,0.03197800209359606
35,0.00010868515206469595
36,0.001685735069216124
37,0.00209043343770012
38,0.0017105071682169991
39,0.04308255560344828
40,0.00010090089952769769
41,0.00010144365510756146
42,0.002702147057951682
43,9.860917382174232e-05
44,0.0001034075334148528
45,0.00010750689282244598
46,9.627899442872233e-05
47,0.02172545918953414
48,0.02283037888334373
49,0.03509258340517241
50,0.0016916337361190205
51,0.001704151154604337
52,9.825447965954292e-05
53,0.00010187939657619998
54,0.0001008742047755959
55,0.00010475040089589063
56,0.013185276000085943
57,0.00010215182381578443
58,0.00010332614619136188
59,0.001838956149296824
60,0.002590653276810006
61,0.003062060939580295
62,0.003569360481377889
63,9.715838152389876e-05
64,0.0018553095580580911
65,0.0016974605138451746
66,0.002514366207943069
67,0.0017224216636553657
68,0.003419669408418658
69,9.874148812887774e-05
70,9.873105740119883e-05
71,0.002256384460476788
72,0.0016884135056657223
73,0.0020735665433313367
74,0.00010814844644417228
75,0.00010292972140749943
76,9.710664795972045e-05
77,0.0021523053303703706
78,9.962209341152088e-05
79,0.003751678152955224
80,0.00010705338401619691
81,0.002419764044593215
82,0.0016976549361124992
83,0.004072963349113259
84,0.002191612072243346
85,0.0027387034985422733
86,0.00010123240872103774
87,0.002061896870742507
88,0.00010591124377074183
89,0.00010353040033745705
90,9.96697846990136e-05
91,0.00010682194730729859
92,0.00010411847960177002
93,0.0018162367716468477
94,0.0001102281282382826
95,0.0025945961239332654
96,0.00010212822394867842
97,0.0028665383369423994
98,0.04159471766497461
99,0.003647065261693488
100,9.934119044322618e-05
101,0.00010806959289458099
102,0.002345547605073835
103,0.00011145027456853513
104,0.04398168335089568
105,0.0001072142265511159
106,0.001695184317867159
107,0.0017104903434465156
108,0.003689152506142506
109,0.0031482994246861923
110,0.0016897578991150442
111,0.00010512950606390448
112,9.885676296818581e-05
113,0.001870884757848392
114,0.00010596486948984955
115,0.002163230741717709
116,0.00010138909128951196
117,0.00010758448426849075
118,9.997022855743004e-05
119,0.0027624577363575117
120,9.957025444738173e-05
121,0.00010329372719411557
122,9.957325041759664e-05
123,0.001808080418571619
124,0.0017093254505849702
125,0.0016991428746623064
126,0.0026008973092002795
127,9.996017233851976e-05
128,0.00010101480221202506
129,0.0019025479839027898
130,0.00010002328896618662
131,0.00010034806737548221
132,0.0028797147028989424
133,0.00010444145626124332
134,0.0017033923470287427
135,0.0016844590501347326
136,0.004057670728127844
137,0.0017028377002429322
138,0.0057185917256428395
139,0.0021013276472118645
140,0.00010188655407174818
141,0.0026929981702222463
142,0.0017016334364554438
143,0.0001066611395895964
144,0.00010757288026577774
145,0.0001003591884495554
146,0.0018526608558118469
147,0.002149337608075586
148,0.0020947450874541137
149,0.002174334385821784
150,0.0020816054973710084
151,0.0017161941194592438
152,0.00010598043217208707
153,0.003642389063864097
154,0.0001003477205499438
155,0.0017707159376749394
156,0.01800674895670318
157,0.00010742313342564476
158,9.729620907041065e-05
159,0.00010332885732130391
160,0.00010729978507011012
161,0.00010147343642275272
162,0.00010517242147264375
163,0.010147506977841062
164,0.00011909966858074183
165,0.010897628857178336
166,0.0016859895094791738
167,0.00010426867720118068
168,9.86438552235769e-05
169,0.01731317661390374
170,0.00010725563850116041
171,0.00010030719841436994
172,0.004048349055963822
173,0.00011174359759515816
174,0.004720982126213592
175,0.0001034858553970705
176,0.00010283413892185778
177,0.004178826796705545
178,0.002216037511993505
179,0.00010176978244644498
180,9.790688085526546e-05
181,0.023234566191108166
182,0.003295153561658825
183,0.00010088848490528732
184,0.0001008967940892033
185,0.0026885139748697513
186,0.004466701340433346
187,0.00010486942385386694
188,0.00010163590207348249
189,0.00010153802850269364
190,0.002945401524628616
191,0.0017055008053595611
192,0.00010305887019524721
193,0.00401465885447729
194,0.006103886943676138
195,0.00010433196242391812
196,0.0019747352720908464
197,9.954583612193396e-05
198,0.00010137770878943978
199,0.0018153299647251455
200,0.002800055374819103
201,0.003999240691689911
202,0.0017249740867702195
203,0.00010560335716668055
204,0.0017023624281099603
205,0.0033491871260168207
206,0.026298850145666425
207,0.0037130389464594122
208,0.0313734769137792
209,0.00010078364770248384
210,0.007930443885891775
211,0.0017251573597719754
212,0.0028725415967777736
213,0.00010183466974272745
214,0.00010425682308682194
215,0.002480544399253259
216,0.003084077105798575
217,0.0016973868468107198
218,0.01890273653516295
219,0.002219558489640796
220,0.003115988503673153
221,0.0017085432309220567
222,0.00010319561315016468
223,9.693649387456574e-05
224,0.00010509048521986525
225,0.0062823173600250245
226,0.002706956671895132
227,0.00010164400604048872
228,0.00010877030760279454
229,0.0017882714147239318
230,0.0030833063610223644
231,0.000108269089231195
232,0.00010303891407349933
233,0.00010558472630164773
234,0.0032444665862692746
235,9.964557644065454e-05
236,0.0017042500539116519
237,0.00010195168571099404
238,0.0018042804859298182
239,0.0001061668590629543
240,0.0001025866916193954
241,0.036900998153409095
242,0.0016996158584945042
243,0.023542095144976398
244,0.0025450162925206
245,0.021421832407985026
246,0.002537627738283307
247,9.950053251023586e-05
248,0.0001047930431834427
249,0.00399619079016222
250,0.012943853210747073
251,0.0017018300638977637
252,0.00010847424063680687
253,0.0025319416876376215
254,0.002604817757260186
255,0.00010407975648305739
256,0.005337669342226154
257,0.0033090288626845938
258,0.00010703431981092626
259,0.0023199397013574665
260,0.00010682252066524391
261,0.00010258365300637161
262,0.0018162461005239486
263,0.0037778335496481625
264,0.0017102114408594478
265,0.002129415575694354
266,0.00010064261179453295
267,0.001797763281564056
268,0.003042928983599919
269,0.010070473321554772
270,0.02480851942719117
271,0.004007411420647406
272,0.002587113025591708
273,0.00010311034417155568
274,0.003787203899100509
275,0.00010474109338915495
276,0.00010736029701007306
277,9.989004435131328e-05
278,0.004307526175798777
279,0.0017055935324360024
280,0.0017127602979482607
281,0.002170634098360656
282,0.017704533779169036
283,9.994726130810024e-05
284,0.0017795502277688146
285,0.015973189563708478
286,0.005671073623103852
287,0.0017068800788412866
288,0.00010772273383046244
289,0.004206311736881787
290,0.0021186798504390777
291,0.0036966203507692312
292,0.003840416410944893
293,0.0017006631013016416
294,0.00010970597880831845
295,0.0050869078205262605
296,0.00010396942166823694
297,9.980573770243962e-05
298,0.00010252161869948003
299,0.0001029174793888704
300,0.0018829711712020883
