1,9.783500673347025e-05
2,0.00010072039337002385
3,0.00010361004817446426
4,0.00010503427974370366
5,0.00010760830972076742
6,0.00010178512533938158
7,0.00010235466973473378
8,0.0001066959218332002
9,0.00010699710851002084
10,9.615738294090817e-05
11,9.549339167434312e-05
12,0.00010548630796083588
13,0.00011062041039659257
14,0.00010849635580177842
15,9.657634384627859e-05
16,0.00010371806765646277
17,0.0001051094910881387
18,0.00011152221138861502
19,0.00010230009899577122
20,0.00010165684374297863
21,9.934060347261905e-05
22,0.00010183667117466872
23,0.00010354947269175615
24,0.00010376715315731896
25,0.0018383040635731192
26,0.0017438333233236764
27,9.719030065590067e-05
28,0.00175775650774626
29,0.00010111216486705884
30,0.0001076574996490674
31,0.00010045308542225298
32,0.00010344425842340566
33,0.0001004565068162664
34,0.00010570863729704813
35,0.003108917774329799
36,9.969068244704781e-05
37,9.921413504312107e-05
38,0.00010596201038909941
39,0.00010306717942868038
40,0.00010267255381077294
41,0.0017757399453951592
42,0.00010736498925724028
43,0.000103558471402997
44,0.0018436694823848819
45,0.001724094742620894
46,0.0017197086530631844
47,0.00010479592172896174
48,0.0001078099708523135
49,0.0034254145611079916
50,0.00011064345142414789
51,0.00010069403540020815
52,9.836472296647989e-05
53,0.0022004955367932416
54,0.0001020018917747598
55,0.00011262135052988254
56,0.001837264631138003
57,0.00010392632500791641
58,0.0026245323540581597
59,0.0001074439816277209
60,0.001691952216520562
61,9.621329500575115e-05
62,9.876730513524494e-05
63,0.0001036589234546755
64,0.004906405031727145
65,0.0029196203921924104
66,0.00010590917711796242
67,0.00011030110633647213
68,0.00010298981594599126
69,0.0018009379302082425
70,9.985278377125687e-05
71,0.00010600275974418558
72,0.002270240232702451
73,0.00010472627165928429
74,0.001690730128592235
75,0.00010326838730334917
76,0.0001000706682342301
77,9.722529785400844e-05
78,0.0017427546266413191
79,0.0017316803244747858
80,0.001707717852800229
81,0.00011069158933306775
82,0.0034810782835552356
83,0.0017005022138056119
84,0.00010183173762403737
85,0.001772631677337712
86,0.002627586467615736
87,0.0001029118100884251
88,0.002482311600132242
89,0.00010982142490749454
90,0.00010414003177678127
91,0.00010034215314856563
92,0.001758328380079889
93,0.0016901842260725478
94,0.00010777115483967642
95,0.00010794684559546996
96,0.004087136105496374
97,0.0021020270845064316
98,0.00010087048373955234
99,0.0016962309051315374
100,0.001838753962755989
101,0.0017167454551920338
102,0.001685568451061134
103,0.00010333672673922346
104,0.002044445918754746
105,0.0016976949959330906
106,0.003456795743461124
107,0.001709142766222222
108,0.0001007911851039959
109,0.0020800757980316644
110,0.00011067930943619309
111,0.0022770208142455194
112,0.0036680885061683164
113,0.002581084334078569
114,9.875270187626652e-05
115,0.002879705148046487
116,9.735627039062772e-05
117,0.0017211118295288427
118,0.0017101655075655322
119,0.0026458061053451845
120,0.0023129594030563516
121,0.001697819266365287
122,0.00010441633238788273
123,0.00010517526430393149
124,9.823079241997935e-05
125,9.657434238481619e-05
126,0.0018004278897912928
127,9.872118073568024e-05
128,0.002264113000584296
129,0.0017161893774791837
130,9.851936501853407e-05
131,0.0026329479289683914
132,0.00010001577030858807
133,0.00010590016299421482
134,0.00011384527422957627
135,9.597113411898676e-05
136,0.0028918060199439326
137,0.00010746545252079354
138,0.0027663631158151222
139,0.0051274968367289505
140,9.609914273075347e-05
141,0.003093412488026055
142,9.740640688993754e-05
143,0.00011056470425725572
144,0.0017789684698746818
145,0.00010387278111972124
146,0.0018163426485892475
147,0.00010201278892889662
148,0.0001057208531117875
149,0.0023712974102924685
150,0.0017067329668659817
151,0.00010607827748512125
152,0.0001008063355221083
153,0.00010019406832607205
154,0.00010454763608691429
155,0.0022023535722833893
156,0.001800740720856151
157,9.943991360740603e-05
158,0.00010617706043476364
159,0.00010342038529934795
160,0.00010489258036467
161,9.91393340602924e-05
162,0.0017938248987275412
163,0.0017110941489739404
164,0.0001107977497552308
165,0.0017096507147440468
166,9.684409209494171e-05
167,0.00010215678024883309
168,0.00010162743071451212
169,0.0042363515468997305
170,0.0001025325834444053
171,0.0022759786166025486
172,0.0017105469192355352
173,0.0017078544631444399
174,0.00010900559327934952
175,9.899862734708746e-05
176,0.00010845563449602255
177,0.0041196084051489034
178,0.0019358523115618012
179,0.00010514715846485884
180,0.00010029134451903436
181,0.00010415290213581083
182,0.00010265450593083033
183,0.0001027571739606057
184,0.0017968864386762207
185,0.00010383308727242231
186,0.003916712470351044
187,0.0021299593202044227
188,0.0017159856517581288
189,0.00010732635944846362
190,0.004960383980899856
191,0.002008970171745523
192,0.00010560681951658294
193,0.0001056181207037984
194,0.0017454607924713003
195,9.911844060071944e-05
196,0.00010187404679220017
197,0.00011010348650510953
198,0.0001001188871146703
199,0.0017442739556194412
200,0.00010490959489475421
201,0.001698772177173875
202,0.00010954775480062406
203,0.00010171619298325903
204,0.00010246689592836578
205,9.986474840106514e-05
206,0.0001037810029405515
207,0.00010189295812668757
208,0.00010112565900133329
209,9.931810515323477e-05
210,0.001738917802202702
211,0.00010340046463486499
212,0.0017137829352255165
213,0.0020236628488044307
214,0.0001000932488414767
215,0.0017147064772175672
216,0.0027295673008725023
217,0.0016826524524017465
218,0.0017462156910742156
219,0.00010173502479479618
220,0.0024633474364109758
221,0.0031587994119500157
222,0.0017114169015084296
223,0.00010284651454434127
224,0.00177489715580032
225,0.00010039260205264379
226,0.00011104872092970397
227,0.0017594177755265515
228,0.00010147372237371825
229,0.0018010746320827773
230,0.00010249198088368191
231,0.00010139160194895583
232,0.003842299474882987
233,0.00010958451401366253
234,9.837704805121142e-05
235,0.00010167126487715719
236,0.00010312368488453927
237,0.00010019115767336138
238,0.00010358482194104117
239,0.0001056244797592998
240,0.0017877091466175581
241,0.001709035574196867
242,0.002549545925063505
243,0.00010565295036309605
244,9.925382670169359e-05
245,0.0021966394107575133
246,0.0017070257087121487
247,9.643351548991927e-05
248,9.977754597391811e-05
249,9.96162067403497e-05
250,0.00010259834615510403
251,0.00010893707797700055
252,0.00010619677375643113
253,0.003977300346347606
254,0.0001007882961164944
255,0.001692519859646623
256,0.0017173909968924363
257,0.00010090430246423394
258,9.984165953442383e-05
259,0.002269981912415511
260,0.00010502473517314796
261,0.00010180604097597707
262,0.003609666078325002
263,0.0001038880080819271
264,9.873384049638596e-05
265,0.00011097939579151539
266,0.002295483885920623
267,0.00010321639554465997
268,0.00010570198542211296
269,0.001848450449387902
270,0.0020340360848739086
271,0.00010353887039882372
272,0.004406989242120606
273,0.0025785086243683324
274,0.004008898161186118
275,0.0017176803135888503
276,0.0038920202332127065
277,0.00010549202126106401
278,0.00011267631903340789
279,0.00010004604889986735
280,0.00010371283834957764
281,0.002968947602711002
282,0.0044074262836853615
283,0.00011138580881130505
284,9.982052762539946e-05
285,0.0001037157115043482
286,0.004017707864636145
287,0.00010319722083149904
288,0.00010752428046164066
289,0.0019178028794297668
290,0.00306115692493485
291,0.0017196987598049611
292,0.00010723551758242256
293,0.00010726471611658127
294,0.00010105315066044129
295,0.002331313310569513
296,0.00010531621787495207
297,0.003432643305884858
298,0.0001048413177101251
299,0.001703647064269183
300,0.002086950380674963
