1,0.0018215987623837364
2,0.00010862945321491561
3,0.00010542655412612799
4,0.00010641594439436764
5,0.00010786571612940236
6,9.740907442061613e-05
7,0.00010604931378249123
8,0.0001049484984562026
9,0.0001032296460176991
10,0.00010866862963916863
11,0.00010684828020493794
12,9.770167873385558e-05
13,0.0001004959969225728
14,0.00010620631729149162
15,9.844254890855524e-05
16,9.769691311854842e-05
17,0.0018890790297742704
18,0.00010111225853978527
19,0.0017957587271792237
20,9.935706467487614e-05
21,9.852612858062005e-05
22,0.00010310819956853125
23,9.6658303736312e-05
24,0.0036194231913504607
25,0.00010305730211037739
26,0.00010159385503565961
27,0.0018393027561242638
28,0.0020843555215829877
29,0.0017006435895334864
30,0.001720223619853825
31,0.0017023055251979495
32,0.00010681626319767203
33,0.0023176870440051018
34,0.002599729856301939
35,0.0017338946441566
36,0.002183571073670897
37,0.002527297225261842
38,0.00168878245370864
39,0.001703697859797056
40,0.00010664562680426224
41,0.0031414639193565234
42,0.0016933020484728926
43,0.002206159184740599
44,0.011224215209267563
45,0.001701726533726005
46,0.0021422382016493755
47,0.0031197379638291233
48,0.0036391508260738966
49,0.0030827359910628794
50,0.0016943453055141577
51,0.0017010055639308632
52,0.0021905308889993676
53,0.004493164663706171
54,0.0016990099727251294
55,0.003332778210787695
56,0.00010767774556506608
57,0.0016915199653391806
58,0.0017199751268136031
59,0.002133466457412835
60,0.004055066797593179
61,0.0017045325670907731
62,0.00010221681567858259
63,0.0017306629698747
64,0.00010157112382154631
65,0.00010215798836634396
66,0.00834962034492531
67,0.0017973776298942834
68,0.0017219293861043409
69,0.003006204904509549
70,0.001716777065725188
71,0.0021383822823487736
72,0.002224481490366871
73,0.0037868059606526653
74,0.004913020175527597
75,0.001700234020252265
76,0.00010774416523835806
77,0.0026650017433866796
78,0.006571628723404256
79,0.0017070050116715003
80,0.00010560633889919602
81,0.0017963048990095789
82,0.0034500459008697695
83,0.0025718125439531166
84,0.003036447864499192
85,0.0033800972429678233
86,0.00010727086690384013
87,0.00400811055849306
88,0.0017059078105540336
89,0.00010038901502339041
90,0.00010737425958650562
91,9.932383116564218e-05
92,0.004624405394115511
93,0.00011037913723094962
94,0.0022366661347999277
95,0.004828467222917519
96,0.0001025019684341008
97,0.002297897911871067
98,0.00382331723108184
99,0.00170559531789234
100,0.001701439529745653
101,0.0022753142231443056
102,0.001703224147334868
103,0.0016996555405594893
104,0.0017059052936851395
105,0.0017023646696113076
106,0.0022311754360573002
107,0.005006795409684383
108,0.002045705374503339
109,0.004062114283312317
110,0.01074493777314296
111,0.002641234569147069
112,0.0018290730095990965
113,0.0033210829844662337
114,0.00010854662721344297
115,0.0037061908635689766
116,0.0017447747736992155
117,0.0017153169459054654
118,0.0016905657884992782
119,0.003588921067016249
120,0.00010198933582826638
121,0.0018364166577056979
122,0.003964770350940027
123,0.0020469078574450084
124,0.0017302353074924207
125,0.004025223966976436
126,0.00010269139123922684
127,0.003945568568221288
128,0.003120031250402421
129,0.0022312736276748485
130,0.004740583921070626
131,0.003375469170098415
132,0.0017060657306061631
133,0.00010591785255404546
134,0.001779273202827118
135,0.002081101353150909
136,0.0025747047729576863
137,0.0017092811749631399
138,0.002175771486304445
139,0.01957270944156592
140,0.0017002237562894196
141,0.00010858112547122162
142,0.0001100446032640574
143,0.00010461820158286838
144,0.0028738112158522506
145,0.0017314700653781572
146,0.0017025408241142697
147,0.005320853237291849
148,0.017397686990508098
149,0.0036644586247350885
150,0.001725152558279814
151,0.0017583583713719894
152,0.0001036428155302513
153,0.00010195770215117658
154,0.001759187145957947
155,0.0033056842986126413
156,0.016648071739130434
157,0.003056115312778455
158,0.0027495616922936115
159,0.0001010616572464897
160,0.001807163385055049
161,0.0033109063788730837
162,0.0026605406920077973
163,0.017661878004073317
164,0.0016886108915216329
165,0.0027024688241736082
166,0.0017005559001029497
167,0.00011006670769994731
168,0.0018898126046549394
169,0.0016987537123724352
170,0.0018060612101413254
171,0.001698567996140238
172,0.0017264884287489777
173,0.0016908804486958579
174,9.950857181916672e-05
175,0.0021969486947836753
176,0.0022251632076771203
177,0.0017027716188054115
178,0.002700113443356643
179,0.002245355269057837
180,0.0017055672808289426
181,0.0026054262240953504
182,0.0017177686467164822
183,0.00010556956365628174
184,0.002230510036360939
185,0.0035455250646358443
186,0.002733297803653998
187,0.00011028423979164431
188,0.003758088572873706
189,0.0020701828490856267
190,0.00169148596087049
191,0.00010071780051831241
192,0.001770539639818865
193,0.0017390451592310219
194,0.0017003230364471887
195,0.0027693449239280772
196,0.00010482317569820938
197,0.0017218679714540587
198,0.0016897839653707244
199,0.0017061119392185239
200,0.0022169869839493792
201,0.0051787368732664815
202,0.003455454563725399
203,0.0017309588030839332
204,0.001696771673177771
205,0.00010509324276832163
206,0.0029073258546255505
207,0.0017211656853007948
208,0.0021660210231348636
209,0.0027541721249082904
210,9.917658414773764e-05
211,0.001701820361951371
212,0.0017026334103840684
213,0.0017001492284940485
214,0.0001006646918467816
215,0.0022781659853032253
216,0.001687611357827476
217,0.003629118731174699
218,0.00218162405553684
219,0.004071713522937321
220,0.002269922017696681
221,0.0016999683375044687
222,0.003085993964027396
223,0.0001052835897346665
224,0.0020386230176072614
225,0.0043723398033503275
226,0.002116189294143357
227,0.0037385913582462724
228,0.00010196388503196468
229,0.00010224519023043688
230,0.0018391773522602644
231,0.0048905223883612845
232,0.0021102974698275863
233,0.016936096042421106
234,0.00010026671919498374
235,0.0027257457754010688
236,0.0017076541845531625
237,0.0021501248355993955
238,0.0017028300538510593
239,0.0017191579245608149
240,0.0017188778055040638
241,0.0017159514111715903
242,0.00011473836925401364
243,9.674657012911046e-05
244,0.00010739781151001278
245,0.003321843668699655
246,0.002129554169654748
247,0.003033983859737639
248,0.0016938104334442894
249,0.00271697099191647
250,0.003138880400930391
251,0.002026712680509614
252,0.00010135249185729194
253,0.0022742263073639276
254,0.0026442287157413917
255,0.001700320276852988
256,0.0020870101333620135
257,0.0001006104502378098
258,0.0017697724969097653
259,0.0016879033643102895
260,0.0017044920303842719
261,0.00011213738837958262
262,0.004897373822825219
263,9.935215637734312e-05
264,0.0017798835891447004
265,0.0017068179396617718
266,0.0017104957265108383
267,0.0017943384553208094
268,0.004056785765259004
269,0.0017058146041674241
270,0.0017258636794747083
271,0.02371394295774648
272,0.0017566140485181841
273,0.002014013893413523
274,0.00010115892292201883
275,0.0017189986624677118
276,0.00010423806419955342
277,0.00010049908389766598
278,0.001830124475903853
279,0.001713691568755747
280,0.0017046877359490986
281,0.0017322584769758963
282,0.0016993968005530346
283,0.0033280701618709223
284,0.0022215859457974728
285,0.0016959238497753048
286,0.0017298340814233164
287,0.005268386919937623
288,0.0017034608472562293
289,0.004264305354781842
290,0.0031559502414191245
291,0.0017287378762362046
292,9.98209319115735e-05
293,0.0017703032775379865
294,9.783011475367832e-05
295,0.00010547708930397802
296,0.001817939247166005
297,0.0033888835844428874
298,0.001743771488641328
299,0.0020723567474048446
300,0.0032567914432574075
