1,0.00010256176483591075
2,9.731057626860728e-05
3,0.0001020520309633978
4,0.00010873687832837913
5,9.779355495086922e-05
6,9.927768292582377e-05
7,0.0018682701276811987
8,0.00010201805009728666
9,0.002181332268285064
10,9.850822417531679e-05
11,0.00010459556259578555
12,0.00010612459214474471
13,0.0018399556652768287
14,0.00010214774762623186
15,9.864120360482344e-05
16,9.951783578664306e-05
17,9.672288203184162e-05
18,0.00285870623240538
19,0.0001144771784243873
20,0.000108075036296516
21,0.0038162834527257633
22,0.00010775408829436521
23,0.0018099653371590535
24,0.00010575209952141032
25,0.0025258892191172633
26,0.00010236771663814865
27,9.918937344926025e-05
28,0.0018607500806412198
29,0.031155272461413478
30,0.0017706098164045592
31,0.00011048332103976287
32,0.0418585270212766
33,0.00010314153210878957
34,0.002796976681744375
35,0.0017084532001282174
36,9.933488876386418e-05
37,0.0017208675605292795
38,0.001700257095126474
39,0.001710007042529678
40,0.002065170998124787
41,9.792111805076811e-05
42,0.0018182537762444465
43,0.00010439115937811499
44,0.002313305913211904
45,0.0021852900407331975
46,0.0022131940099416273
47,0.0026238768212788264
48,0.003652915421195653
49,0.004197949033209051
50,0.0017118362198303514
51,0.0021545825502911594
52,0.00010810924205185129
53,0.0016825178129381134
54,9.922817000500026e-05
55,0.003209423045759447
56,0.00010189963366375055
57,0.0017725298813836212
58,0.10299567835294117
59,0.001698879895073804
60,0.003668566880066672
61,0.004890146009484412
62,0.0022561406389925366
63,0.00417806569601659
64,0.03238135605680869
65,0.001718443152922793
66,0.00010836032173692058
67,0.013544040364956924
68,0.0016927450635978196
69,0.011626232140092879
70,0.004863917645396463
71,0.0017073849574990219
72,0.003862880831473214
73,0.0038143825265225936
74,0.0033424933347161725
75,0.0021404448610127472
76,0.04533628154960981
77,0.0017047100915982313
78,0.0017028599150598525
79,0.003089732337878497
80,0.04570040579302587
81,0.002603440038006531
82,0.0017468406246267762
83,0.008689414560439562
84,0.0017452611649117864
85,0.0017041951134628363
86,0.001974111480799579
87,0.0022598226492537314
88,0.0017332540259880494
89,0.0035678629890547164
90,0.009238534837235865
91,0.007620501048390088
92,0.043753234440928275
93,0.0026589619938633497
94,0.00010147017166483926
95,0.002376499287858203
96,0.005820672612074119
97,0.002113601683310802
98,0.00207350949800831
99,0.02865955214067278
100,0.0017098805940311296
101,0.01094058198265173
102,0.004298302189359622
103,0.0017581893710981837
104,0.02292555251031637
105,0.0021532332895205846
106,0.002750611401740724
107,0.002737172461728951
108,0.0017193298187633264
109,0.0017118988250465685
110,0.03548952882241216
111,0.0027272097748381645
112,0.0017175916945275382
113,0.002626538070910838
114,0.003751345055710306
115,0.0038085298045986036
116,0.002186083510445871
117,0.0020859771077333792
118,0.0035195660572799304
119,0.02340635275689223
120,0.004134888467343578
121,0.03257353429040197
122,0.0017086921745299755
123,0.002738384946631276
124,0.0017525545789570665
125,0.022196968206707735
126,0.0017047524064360646
127,0.001697706158942756
128,0.00010579288497469965
129,0.00010545240241444331
130,0.001818987043001106
131,0.004266754179407952
132,0.0020774756452097737
133,0.044218771106337276
134,0.0020821736842105264
135,0.005203100812305564
136,0.04998156913357401
137,0.004151774587853421
138,0.0016966681477268686
139,9.546972186973944e-05
140,0.029141137886996904
141,0.003949537454234806
142,0.0016993965592004634
143,0.0021841816711833783
144,0.012790285954230903
145,0.004646604575566169
146,0.00010641046276603885
147,0.001704503607415191
148,0.002590063944212443
149,0.022231642583586626
150,0.0027948541568107075
151,0.0016919105830008126
152,0.004884242299174552
153,0.002596260403926618
154,0.0021377969574439878
155,0.0016958492499111269
156,0.0017075792181922712
157,0.0027129171073313123
158,0.025867984352773828
159,0.0017040391947950647
160,0.004213327548627996
161,0.0033401120200622614
162,0.0031523203206874867
163,0.0017054430648210908
164,0.00010153116434413993
165,0.004993919409756097
166,0.0022493674160890187
167,0.0017712231670420613
168,0.0021425002304249568
169,0.0027335939465674675
170,0.002215142936395599
171,0.003801986468375264
172,0.002656480548978339
173,0.0065725896666585775
174,0.0030527254650876854
175,0.005082954633104025
176,0.0017020271303974832
177,0.010535895601650738
178,0.00010434671424856762
179,0.0017535812445849906
180,0.00010119973675690015
181,0.0016910449566294923
182,0.001740903546274898
183,0.001705925425290615
184,0.0017018589259337412
185,0.034530468548387094
186,0.0016896501761127119
187,0.0017068413385087303
188,0.001703371985252611
189,0.0017122016347177846
190,0.0033574759780036203
191,0.0020791888016475735
192,0.001710722480907934
193,0.005106097833368222
194,0.003138167053712569
195,0.0017165961230472238
196,0.0031847849957346284
197,0.0016978344344131706
198,0.0016917000689272712
199,0.0026933095383121467
200,0.0017051812162310477
201,0.01714124108280255
202,0.0017128853584985986
203,0.0016934088369583925
204,0.00010195469355456066
205,0.001823543475254523
206,0.0021181428324433165
207,0.005090715242819842
208,0.0017743890590965897
209,0.0016982715026368298
210,0.003250941239789297
211,0.0017250247464356612
212,0.00010615313729833253
213,0.006441195434388229
214,0.0017009689243452615
215,0.0022253797645765583
216,0.02698133612334801
217,0.0017223443518967546
218,0.014320837794533458
219,0.002231309998515439
220,0.0017361418822623605
221,0.01436082618364419
222,0.002200075795903538
223,0.003346466910085139
224,0.0017191853476468076
225,0.0017554328392489892
226,0.0027038423981191224
227,0.04591623398617512
228,0.010039601965246172
229,0.006362711265072985
230,0.0016922948475780813
231,0.002068950290250982
232,0.0017051004635263798
233,0.001696441131073764
234,0.00010585022759194263
235,0.0044761247951762865
236,0.0020880357151888563
237,0.00010917238765790486
238,0.002310568495188655
239,0.020238920126509487
240,0.003329070284422886
241,0.002500770110685753
242,0.0017300890652017288
243,0.002125651249451032
244,0.0017016293599392141
245,0.0034338254656610667
246,0.0021094025116644138
247,0.02204932788018433
248,0.0039242753448555665
249,0.004572790486976217
250,0.0030889740352670583
251,0.0017390856562731732
252,0.0017074278834573148
253,0.002214214679276316
254,0.004903951542959234
255,0.001692408609661974
256,0.002638432891502809
257,0.0022184463657142855
258,0.002131763381952377
259,0.004663207194725778
260,0.0020899939991381165
261,0.004120503753613332
262,0.003051041253422574
263,0.003636653799563614
264,0.0473205718384075
265,0.045303271098265895
266,0.0033587878623566212
267,0.00441561494564447
268,0.0021953391493094608
269,0.002694142281035157
270,0.003555719269848771
271,0.0017049515644018043
272,0.0033263656272365543
273,0.005801141392330383
274,0.0021528993391776432
275,0.0016932262934446283
276,0.010862434440100663
277,0.0031039028111546616
278,0.0017100309513544587
279,0.0001058528393442311
280,0.002188775848060729
281,0.0017091800211169513
282,0.004197182912435996
283,0.0025340305720439145
284,0.0017316324876062326
285,0.0016833025124211563
286,0.0017486893483709275
287,0.0017284865196438026
288,0.0016897606414300738
289,0.0026189587933135995
290,0.0016946802214242967
291,0.003335322442221456
292,0.024393020027816414
293,0.0034916897434973692
294,0.002173268208157398
295,0.0017070530280387135
296,0.0016893249440128768
297,0.003503997680487098
298,0.004079623008663471
299,0.004111094182389937
300,0.00214787004403327
