1,0.00010281746589328333
2,9.904055003314007e-05
3,0.0001015625518485797
4,0.00010323234279871631
5,0.0017503296205711263
6,0.0017048939647151444
7,0.0017140743303571432
8,0.0001044441210314516
9,0.0017337703115552871
10,0.00011960556555745606
11,0.0001010820203558013
12,0.0001040893667100047
13,0.00010234653545047378
14,0.001867251590069293
15,0.0017072099309245485
16,0.0001075540932392935
17,9.908111874300287e-05
18,0.0018270451859360645
19,9.982763801318612e-05
20,0.00010613838427620926
21,0.001795016986416159
22,0.00010400519892689756
23,0.00010372285790750478
24,0.0018347120589513215
25,0.0021608881370277977
26,0.00010446064685968933
27,0.00010173157720749775
28,0.0017774924232958728
29,0.00010551282892707646
30,0.0017094863152460299
31,0.00011075624277016912
32,0.001745007374518454
33,0.00010003131304780937
34,0.00010590737190290196
35,0.0001052601584362596
36,0.00010731480390656027
37,0.0018275039914034186
38,0.00010784982235074488
39,0.0017522357379128426
40,0.00010508512300845027
41,9.969744516382368e-05
42,0.0017987268408868311
43,0.0017076640874355785
44,0.00010288306038055022
45,0.0017059209421382837
46,0.00011285234096650238
47,0.0016887490743347886
48,0.00010779344372327934
49,0.0018129603182160054
50,0.00010316679850990407
51,0.0017843921070412512
52,0.0017059860629295512
53,0.0001084100537102897
54,0.00010007547250955643
55,0.00010219606020422588
56,0.0017862390652598308
57,9.665997995076692e-05
58,0.0017768140128472008
59,9.935358185585337e-05
60,0.0018410470434986313
61,0.00010485116743353676
62,0.0017128481103403886
63,0.0024760326124567476
64,0.001695591612196523
65,0.0017623407308096739
66,0.00010034357932645955
67,0.001708076154913048
68,0.001716491482423765
69,0.001716641568627451
70,0.0017091172211699966
71,0.0017090867742390078
72,0.0017146256274289035
73,0.0017628583006258616
74,0.0017124337045285821
75,0.0017255382388918872
76,0.0016969650064084308
77,0.0017176519041301832
78,0.0016994901758032694
79,0.00010649651003971756
80,0.0017068629899611558
81,0.00010013585684215044
82,0.00010389912279185351
83,0.00010074199970687744
84,0.00010200826562602527
85,0.00010398823472520144
86,0.00010570168688564307
87,0.0017632976649943049
88,0.00010436617218524861
89,0.0020661528808427155
90,0.0017100719741459571
91,0.0017179431041292642
92,0.00010574232142167791
93,0.001825645256784157
94,0.0017061123307058404
95,0.00010797029357063086
96,0.002281919457184843
97,0.0017107709407840465
98,0.0017152933101941578
99,9.748555311356787e-05
100,0.0023094786285677723
101,9.900701382193684e-05
102,0.001720898465768003
103,0.00010752334109954614
104,0.0017298047213040865
105,0.0001006212365569219
106,0.0017103162557602584
107,9.674970573293541e-05
108,0.0018305941528835065
109,0.0017084518324046295
110,0.001693939262360875
111,9.725190349052074e-05
112,0.00010378376846811609
113,0.00010023045521312939
114,0.0018291718114250256
115,0.00010473273437537296
116,0.00010891840509489599
117,0.000110791533975744
118,0.0017631059658337236
119,0.0017247687457187153
120,0.0017816437782924523
121,0.0017098146531315012
122,0.00010248512770863396
123,0.00010253203321552812
124,0.0018050385456399392
125,0.0016996331359058023
126,0.00010082615611192929
127,0.0017884457521461902
128,0.00010196151484640704
129,0.00010383766685963541
130,0.001847677330881513
131,9.74259032907316e-05
132,0.0017322207777974187
133,0.00010429082586483091
134,0.00010950731014142079
135,0.00010568271685198793
136,0.001768955113459745
137,0.0017138074858508807
138,0.0017207005274827453
139,0.00011327661268383858
140,0.00010685085496217886
141,0.00010143794782987075
142,0.00010390885297834623
143,0.001781400906894148
144,0.0001029698789363356
145,0.00010552901120338282
146,9.860116211255241e-05
147,0.0024436475828264717
148,0.0017071947454755211
149,0.00010230606809630666
150,0.0017045307754413664
151,0.00010495096904178372
152,0.00010210050682158974
153,0.0018894180611502061
154,0.00010528250787673597
155,0.0017025213812713821
156,0.0017156542627582553
157,0.0017212301770404852
158,0.0017092226844276875
159,0.0018592329560279332
160,0.00010214465299195515
161,0.00010325851522222824
162,0.0018541575040041261
163,0.00010085292685739359
164,0.0016922746752788367
165,0.001743343608448705
166,0.000108226407519146
167,0.0017686428471753324
168,0.00011245953113670768
169,0.00010251002036923217
170,0.00010564605785067912
171,0.001819956930202282
172,0.001750929924202362
173,0.0001075340017458202
174,0.0018658635585310692
175,9.828036155816615e-05
176,0.0017949974714634063
177,0.0017409177213857003
178,9.666543491109443e-05
179,0.0018245953641744625
180,0.0017107296582541732
181,0.0017331738583863815
182,0.001749574097641645
183,0.00010197497194672525
184,0.0018222615648992328
185,0.001706404618408714
186,0.0016958118404345373
187,0.00010761327204696616
188,0.001843805082116667
189,0.00010097169777805638
190,0.00011211372190575307
191,0.0017662635081187761
192,0.0001040270770895505
193,0.00010382247029227163
194,0.0018522138041952793
195,0.00010247226754488797
196,0.00010187036126413087
197,0.00010661288120143523
198,0.00010142168937369397
199,9.981848941531285e-05
200,0.0018164717798825909
201,0.00010691635837345014
202,0.0017454936826781355
203,0.00010313987111259469
204,0.00010442250259541205
205,0.0018353507397863215
206,0.0017246589631373893
207,0.0017114971359811883
208,9.864995600890356e-05
209,0.00011295161918308622
210,0.00010479182937484592
211,0.00010569431972000486
212,0.00010903415941269467
213,0.0018187303825102162
214,0.00010128314825297184
215,0.0017170999118641627
216,9.981684592239522e-05
217,0.0001053629144065889
218,0.0019047429365239607
219,0.0017149180544134997
220,0.00010999398987289912
221,0.00010875845266373345
222,0.0018506400498257123
223,0.0016959112472718163
224,0.001797060781791746
225,0.0016977565665676289
226,0.0016966120524852368
227,0.0017220002022975218
228,0.0020838759736356224
229,0.0017859407838215896
230,0.00010280663917228806
231,0.00010335584699951859
232,0.00010132879391438396
233,0.0018460605250650928
234,0.0017199276226508935
235,0.00010579279469704967
236,9.854184866607032e-05
237,0.00010656199933818341
238,9.832925680573493e-05
239,0.0018380711911883394
240,0.0017422552333604619
241,0.0016951951696065153
242,0.0017461174632142453
243,0.00010036535086454406
244,0.00010451693129859982
245,0.0017937487848023383
246,0.00010261054608571717
247,0.0017055956859224842
248,9.604516122139362e-05
249,0.00010413206147111545
250,0.001801699168646081
251,0.001705905139193135
252,9.808743365559307e-05
253,0.0017030579778002746
254,0.00010531804518255526
255,0.0016933862456961976
256,0.00010468336994627942
257,0.0017074037093385494
258,0.0001009472084531018
259,0.00010488235750390512
260,9.882164866212058e-05
261,9.863546557645031e-05
262,0.00010433665476272829
263,0.00010286170054444521
264,9.900003988027983e-05
265,0.0018247056738835965
266,0.00010448536829046089
267,0.00010028086298518881
268,0.0017875862353542863
269,0.001714104967976154
270,0.00010848213369648274
271,9.608478283963227e-05
272,0.0017410456883208774
273,0.00010896040751933162
274,0.0017012102690966042
275,0.001708033489041242
276,0.001711695244630599
277,9.891512976136762e-05
278,0.001811312440832521
279,0.00010272476304136175
280,9.994074852288294e-05
281,0.0018137349656626763
282,0.0017174709814173678
283,0.00010692132485637551
284,0.0017128784039837485
285,0.0017037532704513398
286,0.00010516593038375262
287,0.00010456757663137507
288,0.00010557741785065965
289,0.0018068269918631648
290,0.0001029913647061798
291,0.0017653973542561968
292,0.00010456492615703715
293,0.0017442807534836949
294,0.00010658644310062905
295,0.0001019231460584014
296,0.00010073529363153848
297,0.0018114076870738415
298,0.0017111634793248647
299,0.0001067060347956167
300,0.001852795515242256
