1,0.00010479183176557371
2,0.00010320086581475044
3,0.00010045883721025923
4,0.00010479552432350577
5,0.00010694145538879622
6,0.0018133602504014233
7,0.00010563601075802082
8,0.00010114946298009159
9,0.00010356549184430605
10,0.00010321712128045973
11,9.995549119727353e-05
12,0.00010025945845891827
13,9.863673819681858e-05
14,0.0018561268794516756
15,9.76484637263959e-05
16,0.0001055895430749429
17,0.0018586760296866493
18,0.00010799174027729867
19,0.00010562563070749393
20,0.00174764581839111
21,9.864045661508406e-05
22,0.0017055404331245822
23,0.0017044419036264637
24,0.00010994394085338615
25,0.00010899663395651682
26,0.00010257476896799832
27,0.0017762284120430504
28,0.00010338410108474868
29,0.001825639047276294
30,0.00010775424398690524
31,0.00010247435323604814
32,0.00010069517100730125
33,0.00010081852923676095
34,0.00010266233364037734
35,0.00010701464988271257
36,0.001790459201719782
37,0.00010193264114917626
38,0.00010196101801708309
39,0.0017747439617175347
40,0.00010643532724810842
41,0.00010412352999512547
42,0.00010953842148633937
43,0.00010597209753826353
44,0.0018095028339515885
45,0.00011592261706595955
46,0.00010118170885796898
47,0.000101118154504484
48,0.001747299608412531
49,0.00010062918153007153
50,9.941682476588151e-05
51,0.00010328785648098575
52,0.00010922507895408134
53,0.00010224040496912144
54,0.00010555495003398304
55,0.00011107237717602434
56,0.0018279267240179937
57,0.00010336855170480252
58,0.00010968349911752621
59,0.0001059770031331454
60,9.643288542460786e-05
61,0.00010245735550835974
62,0.00010340111622666555
63,0.0017831887231583158
64,0.001697317805838329
65,0.00010259124524012506
66,0.0001022249560583776
67,0.00010541174838003473
68,0.00010833544677584103
69,9.618797578148578e-05
70,0.00010140182483277989
71,0.0017977827810984064
72,0.0017105777341760748
73,0.0016959988071815052
74,0.0017375933210396907
75,0.0021194772964440744
76,0.0001012375341674112
77,0.001703682461002736
78,0.00010671226100148226
79,0.0018565733863643674
80,0.00010646807577934952
81,0.0001050718910840409
82,0.0018601214113909148
83,0.00010333943479746182
84,0.0020461828655490644
85,0.0017195184838008342
86,0.00169860210985426
87,0.00010507859010653925
88,0.0017788278223373674
89,0.00010839282044291151
90,0.00010234570982198508
91,0.0001005835027548665
92,0.00010048989862965813
93,0.00010525287812886868
94,0.0017624122358228939
95,0.001683350073728189
96,0.00010210736591651451
97,9.678865873613149e-05
98,9.973299586687873e-05
99,0.0001117781861976275
100,0.002309854876920229
101,9.564253159984821e-05
102,0.00010035910565103452
103,9.611906150106914e-05
104,0.000104030100706809
105,0.00010576189172689977
106,0.0018842716139838853
107,0.0017071642160167478
108,0.0024888241801739055
109,0.00010457193575437012
110,0.00010441809328615254
111,0.00011090109041048723
112,0.00010670375602754245
113,0.00010840368299120309
114,0.0001062796791391782
115,0.0018941682212172343
116,9.79970398416389e-05
117,0.00010239796588017486
118,0.00010324264999882794
119,0.002198903568041726
120,9.6289630048032e-05
121,0.00010397662084986022
122,0.00010265010115533923
123,0.00010034087619016777
124,0.00010255533842414655
125,0.00010555781678853541
126,0.00010845939389914655
127,0.00011303537279532758
128,0.00010150744218371089
129,0.0018014890537480048
130,0.00010465666226955791
131,9.882282821124947e-05
132,0.00011035008683707786
133,0.00010911713473070993
134,9.752281917025754e-05
135,0.00010145281755657058
136,0.0017967421801218834
137,9.885311102344137e-05
138,0.00010466639660643822
139,0.00010112294136456896
140,0.0001032265096737416
141,9.548811585396065e-05
142,0.00010757531895631592
143,0.0018161764168310327
144,0.00010753810218961796
145,0.00010278116624272283
146,9.594780499859084e-05
147,0.00010519957952922561
148,0.00010642346389316746
149,0.00010563618540687566
150,0.00010184302625914767
151,0.00010843855348876695
152,9.996110826479475e-05
153,0.00010684776404595201
154,9.91382023612504e-05
155,0.0019249401427516495
156,0.00011004128062713512
157,0.00010471253014922207
158,0.00010370160106569296
159,9.710344994075828e-05
160,0.0001002221224595522
161,0.00010548517991528139
162,0.00010183557408727464
163,0.0018487828391327372
164,0.00010713622859976147
165,9.657802254151169e-05
166,0.0001006224830257247
167,0.00010869081717425546
168,9.927351713092719e-05
169,0.0017665873982339005
170,0.0017195513632396577
171,0.00010176233635460853
172,0.0017298606046452117
173,0.00010133429521694037
174,0.00010103013490776482
175,0.00010802034412410284
176,0.00010527398389252166
177,9.687363098948426e-05
178,0.00010334592190645488
179,9.932462833361365e-05
180,0.001771833917497231
181,0.00010196165549373197
182,0.00011115875990716818
183,0.0018349185576226142
184,0.00010198295641526038
185,0.00010753644192186672
186,0.00010119824292137409
187,0.00010351822621186323
188,0.0017878919779889088
189,0.00010305204910637519
190,0.001833197506035692
191,0.00010570667827421104
192,0.0019954508419285
193,0.00010610522583951224
194,0.00010189274983331579
195,0.00010332488379376101
196,0.001811017814471741
197,0.00010903126841414479
198,0.001705126287553648
199,0.00010773229384853542
200,0.00010869223384725502
201,0.0018704764141747917
202,0.00010260454384223971
203,0.001697324759581637
204,0.00011087285336478569
205,0.002161552851151169
206,0.00010557646340775333
207,9.931007699466962e-05
208,0.00010545951150097295
209,0.00010474050737923108
210,0.0018130506236260042
211,0.00011079999569866265
212,0.00010371793027355283
213,0.0018104595560654872
214,9.798691393808767e-05
215,0.001799043904388259
216,0.00010729222579313662
217,0.0017851356317370563
218,0.00010776806009599497
219,0.00010140798622379012
220,0.001798281448120561
221,0.00010740933760849326
222,0.0017716383849791767
223,0.00010279646019773289
224,0.00010205546335823363
225,9.8120864827882e-05
226,0.00010701208911805182
227,0.00010989207910262295
228,0.001790400243535246
229,0.0017126960958109105
230,9.890576093191636e-05
231,0.001683592520749258
232,9.918944152950419e-05
233,0.00010103037796479214
234,9.897520478645383e-05
235,0.0001013127381670051
236,0.00010378585536000962
237,0.0017731230947127285
238,0.00011073987386919871
239,0.0018271784660165522
240,0.00010567140436165477
241,0.0016979239961595436
242,0.00010943196643598537
243,0.00010211406636964526
244,0.001720584974863388
245,0.0021580525561921554
246,0.0017025432369038311
247,0.0021192931810216425
248,0.00010650252673913998
249,9.905774098767036e-05
250,0.00010181975006143963
251,0.00011094000796054416
252,0.00010436586624449975
253,0.0001050633374074949
254,9.903816635374853e-05
255,0.00010015049830024432
256,0.0017278598036247243
257,0.00010432389728252309
258,0.0025868293535621896
259,0.00010922119619093736
260,0.00010447326172214603
261,0.00010068507107170354
262,0.00010527189255074877
263,0.00010208121208998135
264,0.001796087457473098
265,0.00010710267318004362
266,0.00010335398447970256
267,0.00011071187382798986
268,0.001868016422908826
269,0.0017086039558508951
270,0.00010316081292496658
271,0.0016868266010890566
272,0.0001011370369984106
273,0.00010127456265679115
274,9.956846968069686e-05
275,0.0001086204093444261
276,0.0017178395853196574
277,0.00010432305685891402
278,0.00010922408052083098
279,0.00010340071186972652
280,0.00010014030074059425
281,0.00010075589372398395
282,0.0018381417969447918
283,0.000105247168946712
284,0.0001080989506287802
285,0.00010418627661916076
286,0.00010727279539772355
287,0.00010317732571118485
288,0.00010739406725883122
289,9.849020659713507e-05
290,0.00010297891298667362
291,0.00010295058394423972
292,0.00010237745076336977
293,0.0001020615963776017
294,0.00010072226412317505
295,0.00010356599732646459
296,9.883739509946298e-05
297,0.00010281776928216168
298,9.67163391429979e-05
299,0.00010247259993672918
300,0.00010168390872126936
