1,0.00010490575015465676
2,0.0001040316567403888
3,0.0017451538716105395
4,0.00010273095153750293
5,0.00010071032189169234
6,0.00010016042111426084
7,0.00174563117313563
8,0.00010227891039016
9,0.00010355105352432425
10,0.00010405715393455721
11,0.0018293587067890235
12,0.00010114882228927763
13,9.934600510888389e-05
14,0.00010403056719956999
15,0.0018359510582915035
16,0.0001035138486427767
17,0.0016972555817081373
18,0.00011144600917097465
19,0.00010232804016301963
20,0.0017102912593798389
21,0.0001051790463575304
22,0.00010662447791682131
23,0.0018911898025761504
24,9.98082095592077e-05
25,0.00010479414486190658
26,0.00010074701053314531
27,0.00010280528288433856
28,0.001754279879527313
29,0.0017570582174440167
30,0.0017289594425074582
31,0.00010664346896031449
32,0.0001025269771660486
33,9.841624286871959e-05
34,0.00010451809000247367
35,0.00010496316100803671
36,0.00010379805028860292
37,9.958231179591669e-05
38,0.00010860999300920079
39,0.00010155222586925592
40,0.00010749745412468629
41,0.00010605548723003883
42,0.0017421889810754214
43,9.914493843977467e-05
44,0.00010285119090990917
45,0.001744474585025605
46,0.00010876421925311385
47,0.00010526271508599127
48,0.00010648346120231336
49,0.00010770412211917604
50,0.00010208675473402368
51,0.00010842606433076353
52,0.00010361779401908854
53,0.001791493743349369
54,0.00010306722474000006
55,0.0018392420102850754
56,0.001706177150909284
57,0.000100030240968861
58,0.00010390451212863956
59,0.001805018168642951
60,9.930969679811546e-05
61,0.0001074089312975398
62,0.001779147214357465
63,0.00010449606409381599
64,9.992499200411727e-05
65,0.00010221659147726914
66,0.00010844934076473031
67,0.0017809551229833744
68,0.00010396187582213511
69,0.0001062690475513307
70,0.00010393048866424513
71,0.00010495856573877189
72,0.00011002096438386897
73,0.0017957396693230637
74,9.794403938735606e-05
75,9.930357943705942e-05
76,0.00010432424918828577
77,0.0017905787873319712
78,0.001695184180184106
79,0.00011137390225543269
80,0.00010265291684717861
81,0.001813808353943998
82,0.00010514650914729874
83,0.00010505036963869554
84,0.00010414071010297883
85,0.0019066914937845366
86,9.96341005278966e-05
87,0.00010359735183631223
88,0.00010207179524706487
89,0.001865164610755362
90,9.834980952284202e-05
91,9.727877810012467e-05
92,9.990817667348246e-05
93,0.0017711289128073467
94,0.0001113689823152242
95,0.0017958502029907526
96,0.00010705644640160714
97,9.909572609572322e-05
98,0.0018228944053344995
99,0.001699841869918699
100,0.001687119707525817
101,0.0001056776798404949
102,0.00010463862957221898
103,9.885860394618634e-05
104,0.00010459437698767888
105,0.0017936745028987585
106,0.0017961865717476269
107,0.0016987970886120614
108,0.0017012472302522222
109,0.00010027344624318324
110,0.00010380783790922692
111,9.820023071502211e-05
112,0.00010617764142556519
113,0.00010057442915149996
114,0.00010126307929119105
115,0.00010049390165878465
116,0.00010605572723194654
117,0.0001045947952910596
118,9.970030854309416e-05
119,0.00010199942719541591
120,0.00010020640020785519
121,0.00010099024050072786
122,0.0018172612037126552
123,0.0017454976020942407
124,0.00010725624253746139
125,0.00010502243763338042
126,0.002047318308976568
127,0.0016966043221110102
128,0.0017112734131636243
129,0.0001099672865906342
130,0.00010335843057977071
131,0.0019002836223669184
132,9.799280662408139e-05
133,0.0018408458843551263
134,9.801536834180236e-05
135,9.981694321549947e-05
136,0.001780289402188994
137,0.001686934620491656
138,0.0016987222540592165
139,0.0016881979738263978
140,0.0016905228741675431
141,0.00010106059900966198
142,0.00010456670611554104
143,9.818489677239395e-05
144,0.00011061236316919776
145,0.00010171839027830409
146,0.00010463205344545886
147,0.00010890472272489915
148,0.00010433751131481292
149,0.0017095971823582663
150,0.00010883452171865822
151,9.761850075207334e-05
152,0.00010455241343180337
153,0.00011129467475012286
154,0.0018210491096925662
155,0.00011226601933127885
156,0.0018255734558372113
157,0.00010345701280304909
158,0.0017021304994738037
159,0.00010909919491506378
160,0.0018406354239026233
161,9.542481058874504e-05
162,0.0017590039853036523
163,9.884067867611964e-05
164,0.00010343599051372592
165,9.946131160960711e-05
166,0.0001032928257545788
167,0.0018801874063467227
168,9.974385229561861e-05
169,0.0017140254774717736
170,0.00010453872839560174
171,0.00010031686945414043
172,0.001778241626213592
173,0.0001040562841267828
174,0.00010253515510342933
175,9.545286458463752e-05
176,0.0001073818528544933
177,0.00010137595885652666
178,0.0017727952507885735
179,0.00010457782538898539
180,9.5686899169281e-05
181,0.0018116281294241238
182,0.0016849174635212205
183,0.00010541698701764646
184,0.0018755163402913002
185,9.886568234201641e-05
186,0.0016896077444062266
187,0.00010629982591437871
188,0.00011475830620618649
189,0.0001109007075018967
190,0.00010019548769374738
191,9.992945305442817e-05
192,0.001789873115655233
193,0.0017045285195807663
194,0.0017015276630357899
195,9.973676743740525e-05
196,0.0001079978790986557
197,0.0018575557938676631
198,0.00010883608409069124
199,0.00010225504429825115
200,0.0019285208382232497
201,9.616299699670007e-05
202,0.000106111052289043
203,0.0018250159137607783
204,0.00010511024675870375
205,0.00010298875117366965
206,0.0017516859953917048
207,9.725871367344637e-05
208,0.00010654357887408299
209,0.0001008146514389713
210,0.00010448675238508683
211,9.968694705745162e-05
212,0.00010439831453391779
213,0.0001006663089963979
214,0.00010371258413913282
215,0.0001016843455007354
216,0.0017495914621880495
217,9.947309382119834e-05
218,0.00010330618628321981
219,0.00010212253054854493
220,0.00181447843782531
221,9.881568513125508e-05
222,0.00010719479553364915
223,0.00010753114896876946
224,0.0017937640534539953
225,0.0017059976764810217
226,9.966012274955355e-05
227,0.00010183041838046811
228,0.0001029419819919846
229,0.00010222723985307938
230,0.0017377822945561722
231,0.0016947285859777014
232,9.831655475412767e-05
233,0.0017026363183865508
234,0.00010073822413968378
235,0.0017587720987317119
236,0.0017304821907786734
237,0.00010207712341128944
238,0.0017091793726065638
239,0.00010871884774161658
240,0.00010198371050649304
241,0.001851336132256268
242,0.0017024844180313437
243,0.00010397696849828122
244,9.938375867840888e-05
245,9.805462774729762e-05
246,9.990121867172487e-05
247,0.00010472265240804594
248,0.00010673429627781982
249,0.001809317738784843
250,0.0017199037174982432
251,0.00010697520237994013
252,0.00010531693088557158
253,0.00010363971220422534
254,0.00010348410532418403
255,0.00010246140810374006
256,0.00010604376523597843
257,0.001795096910779296
258,9.860511307242284e-05
259,9.899660920382074e-05
260,0.00010351408535224793
261,0.0017996655731556655
262,0.0016988834373466097
263,0.00010411304761106885
264,0.0016908400517620362
265,0.001712715349092325
266,0.000103118144670915
267,9.868791598026389e-05
268,0.0017961432976756468
269,0.00010360967063964527
270,0.00010263925081916801
271,0.00010257254912371615
272,0.0001063984831508069
273,0.0017948378318649923
274,0.00010156779374849344
275,9.922289154898703e-05
276,0.001766148717492776
277,0.00010165306723626478
278,0.00010177040422566207
279,0.001766966039706871
280,0.00010387812572785652
281,0.00010296701422543446
282,0.0001027054227412039
283,0.00010612079009512776
284,0.00010638551215615655
285,0.0001030469906636441
286,0.00181641980372754
287,0.0016875407719236827
288,0.00010123938013825839
289,0.00010092591905678014
290,9.919632103317214e-05
291,0.000103616268428534
292,0.00010554418383417137
293,9.943397528245844e-05
294,0.0017764927838892052
295,0.00010702243269325942
296,0.0018033014218960608
297,0.0017267726471530819
298,0.0017079403713843161
299,0.0016921886101345833
300,0.00010615319420981667
