1,0.00010492437765428855
2,0.00010777486231514533
3,0.00010087016319827029
4,0.00010452157205647337
5,0.00010403169797955945
6,0.00010862212057959116
7,0.00010344895071026293
8,0.002360981099018621
9,0.00010538879926485188
10,0.00010645691365946477
11,0.027898937949921748
12,0.00010718734357739089
13,9.937468635422388e-05
14,0.00010084625754187588
15,0.0001019106599506901
16,9.993718388772722e-05
17,0.00011146009165959584
18,9.9165253320549e-05
19,0.00010224774544005186
20,0.007875448805710585
21,0.00010461439493989884
22,0.011850507533577533
23,0.00010367032639711099
24,0.00010407192194436768
25,0.03334778410652921
26,0.022847342647058826
27,0.033507534937238494
28,0.02770852794226499
29,0.02850067156177156
30,0.04746375915254238
31,0.09132717658898307
32,0.04574071857619578
33,0.0024868252069879123
34,0.0021273746186217775
35,0.10058345253863134
36,0.04483961251360175
37,0.08758926107899807
38,0.00010443239933954008
39,0.013303396559612901
40,0.022776232824675325
41,0.07342250569306932
42,0.00010962636922859042
43,0.004931054094807338
44,0.0041368769331495536
45,0.003954760718069932
46,0.0021560028751283545
47,0.1786585353053435
48,0.186406920242915
49,0.0500089649817296
50,0.00010382859835745253
51,0.08750841996124031
52,0.015020449504490557
53,0.0021013628335065835
54,0.0025748148907249464
55,0.020801119442780104
56,0.004127041408934709
57,0.22265253591549297
58,0.004021616972743893
59,0.04756501420454545
60,0.005984423408055179
61,0.027168855687544992
62,0.004120663289401428
63,0.004829105232038159
64,0.003101245411930906
65,0.0030582429239528267
66,0.00010284215369975215
67,0.019674905303476722
68,0.0031479284821174483
69,0.004804188958714291
70,9.799692254312741e-05
71,0.0040138587137703696
72,0.08583370910852714
73,0.0181994973955352
74,0.01400970627937303
75,0.004136853410970231
76,0.00411435268168421
77,0.034936665687160945
78,0.0016939592195087622
79,0.15331310150000002
80,0.011414862043795623
81,0.2300036866336633
82,0.04139375634171907
83,0.019000173438429507
84,0.044378887691466085
85,0.11222635982587063
86,0.20925296838565022
87,0.002110751959121548
88,0.30760284096774193
89,0.0233855290625
90,0.09389902425531912
91,0.0031410848798808524
92,0.018350547513513518
93,0.19318014359504132
94,0.18527918734939758
95,0.4429510342592592
96,0.08128664934579441
97,0.031475178045789046
98,0.029001558183943878
99,0.003107315091061201
100,0.04473293632478632
101,0.06964019712918659
102,0.02170064581234257
103,0.018167630972456435
104,0.003941349735492796
105,0.04496396986681464
106,0.0034135455791179364
107,0.004560585408249553
108,0.09872081291390727
109,0.0020942762939200822
110,0.0017294020587054464
111,0.31261373256578956
112,0.0022091497877584554
113,0.012265743731041457
114,0.06657095775193798
115,0.13332803569321536
116,0.012556708287818737
117,0.0035933900609974884
118,0.10623800517647057
119,0.011254690881670533
120,0.04879354448955916
121,0.02966430881195909
122,0.046137797919010126
123,0.012732736579190431
124,0.23033891487804878
125,0.003958820519406394
126,0.002433085362472273
127,0.004364981241565453
128,0.2641879715469613
129,0.04232604581589958
130,0.026060509343065693
131,0.005962777619451856
132,0.007976247506566066
133,0.01952244498542274
134,0.006191090902972566
135,0.0027202714632357087
136,0.2653426604519774
137,0.005304124098218166
138,0.1883664870445344
139,0.0043942847055640725
140,0.12433806839237059
141,0.03635263883272059
142,0.004756168907071887
143,0.047564513606194694
144,0.13029133833333334
145,0.0017224501928165222
146,0.07387278484087104
147,0.0017082171759576234
148,0.021784394135248353
149,0.0035082736144214097
150,0.010181021496748845
151,0.2143119076190476
152,0.009778327116082225
153,0.0017071030866228072
154,0.03856151142156863
155,0.026317730574980578
156,0.017969526215469617
157,0.06186327450832072
158,0.005425511669268511
159,0.05830150669014086
160,0.017624648691860464
161,0.2656008611731843
162,0.03758258648269411
163,0.05265343992297816
164,0.07218264668325042
165,0.002546511349709456
166,0.0036948747580214923
167,0.0036462607664508348
168,0.024211420844875348
169,0.002170982375022478
170,0.1511997949180328
171,0.0016900098478261486
172,0.0020890476524101065
173,0.03647476904545455
174,0.0017022409250187715
175,0.050500791615667076
176,0.012591455680933852
177,0.0037514299863303092
178,0.027234988328530257
179,0.11684989046391751
180,0.47241944752475235
181,0.1152390666243655
182,0.008356671219741948
183,0.0032062867441552422
184,0.004808532705951912
185,0.17890651076923075
186,0.003178694657451319
187,0.0030960491734478126
188,0.16866404257246376
189,0.08289432073170731
190,0.003064280259806418
191,0.0021442432038619955
192,0.10135471828193834
193,0.22715810585365853
194,0.16102763391003463
195,0.032358079141886154
196,0.00516442879091869
197,0.08344955971698113
198,0.002592429213241616
199,0.07689283189045935
200,0.013883674336380466
201,0.22342332559241704
202,0.022123964489795922
203,0.003097198069894198
204,0.0026117598028123482
205,0.0017154644373070232
206,0.02724975309869931
207,0.06189966573116691
208,0.020434911414881626
209,0.07101669659090909
210,0.012240446314992428
211,0.0020407548303091397
212,0.01497213841554559
213,0.12738591414565825
214,0.07802119359205775
215,0.016754025839793282
216,0.02457279653284672
217,0.0017085255100592553
218,0.08500634013671873
219,0.04850129588719154
220,0.04446379775219298
221,0.011365329594659697
222,0.004407623812316715
223,0.0037054483774682377
224,0.01055630155570061
225,0.0020509634772090655
226,0.009263041364503819
227,0.10471638287671232
228,0.10577228464285714
229,0.044787932474226806
230,0.002634435247880784
231,0.0192458044239905
232,0.04220642038043478
233,0.00905251225110931
234,0.003703901130979673
235,0.11644639262086513
236,0.002640958543663706
237,0.03906896701081613
238,0.19661716160337556
239,0.19790388080168775
240,0.07370294810017272
241,0.0021132640792805375
242,0.020480964497385238
243,0.004123344251461494
244,0.0016902372552190007
245,0.0020521454558916855
246,0.004688068815640041
247,0.07496865086355786
248,0.050771455222088833
249,0.02829649329085458
250,0.0017090153996064579
251,0.023437995719973456
252,0.030408602272727275
253,0.07171084502487562
254,0.2531084328877006
255,0.0274807269751693
256,0.0022359800806823426
257,0.0027267180798286167
258,0.007401112578407687
259,0.003588963172043011
260,0.051082615017878426
261,0.0021971291080773612
262,0.0017349830755711776
263,0.041101921809045226
264,0.03402448908695652
265,0.005730582192507068
266,0.035476580733944954
267,0.13287154149855906
268,0.026027064369806088
269,0.10560614168618268
270,0.07751704733570161
271,0.021930835752688175
272,0.06352741218424962
273,0.02313344522756005
274,0.10339701620370369
275,0.0551536406374502
276,0.05070937119565218
277,0.0016972648185873346
278,0.22179893714285714
279,0.13730035694864048
280,0.002060324231668438
281,0.002711691306668165
282,0.13604188693693695
283,0.0723791337815126
284,0.0016952170255027843
285,0.002663527394110885
286,0.04203644272445821
287,0.00010802206600492602
288,0.051532196266829866
289,0.0017063267716085227
290,0.034125782585751975
291,0.0033326068803302194
292,0.003408108605403884
293,0.002016134427953064
294,0.17482917366412212
295,0.0017053864768347064
296,0.006088334291133154
297,0.0049995259486492055
298,0.18854904176706827
299,0.003718216960494226
300,0.0021041580118050436
