1,0.00010947856539965332
2,0.00010175059543109802
3,0.00010203167125389913
4,0.00010469319905300129
5,9.901859157962041e-05
6,0.00011380321876510059
7,0.0017694318438091878
8,0.000107963895363129
9,9.863796410162485e-05
10,0.00010151468161189719
11,0.00010599086704347259
12,0.00011395343017614019
13,0.00010841561609420365
14,0.002873241539102962
15,9.580091259226587e-05
16,0.002070077839000134
17,0.0001021864877786537
18,0.0001016614666221743
19,0.0022587940133248726
20,0.0016992786720867207
21,0.00213168809555233
22,0.00011408106423451485
23,0.00010552594938358769
24,9.974091026877618e-05
25,0.00010558111089894783
26,0.00010757875584514443
27,9.594985218085778e-05
28,9.643362092322782e-05
29,0.00010721842020241632
30,0.00010136521358451077
31,9.842080115706706e-05
32,0.00010388061983715768
33,0.00010071904512536907
34,0.00010057872271517488
35,0.00010231346159581129
36,0.00010909574263538544
37,0.0020176178054235393
38,0.00010226641324821367
39,0.0001049809957686212
40,0.00010618895617166078
41,0.00010487657303389906
42,0.00010789666754877678
43,0.0001029029873335097
44,0.00010325145122330073
45,0.0001055960095086943
46,9.767228154626595e-05
47,9.869547304849796e-05
48,0.00010992839712114537
49,9.738060458507614e-05
50,0.00010531718590812637
51,9.665605675603641e-05
52,0.00010097000350712436
53,0.00010666183842085251
54,0.002345512883388138
55,0.00010402071505885091
56,0.00010730497431021397
57,0.0017559936092829925
58,9.77804032524785e-05
59,9.968040040660965e-05
60,0.00010441715892256621
61,0.0001087756449979749
62,0.0001074696436595915
63,0.00010282024337411887
64,0.00010297085472520217
65,0.001787674769278552
66,0.00010235688971986267
67,0.00010445365253164516
68,0.002226002428164332
69,0.0001023220012365371
70,9.796472026426784e-05
71,0.00010565347836158641
72,0.00010747875125541766
73,0.00010495189987811975
74,0.001797525395599251
75,0.0016933853625720988
76,0.00010868686048243114
77,0.0017667715920938313
78,0.00010354859714395258
79,0.0018490512859899834
80,0.00010640835295972753
81,0.00010049476229176834
82,0.0017991040120624098
83,0.001976070533931119
84,0.0001021882085112949
85,0.00011100725745994075
86,9.939840916397881e-05
87,0.00011777335740688913
88,0.00010017606563474568
89,0.00010213872946752668
90,9.93148318175084e-05
91,9.831558837741916e-05
92,0.0018115643998968675
93,0.0019681149805131537
94,0.00010540293222889613
95,9.878192845687235e-05
96,0.00010346729043330569
97,0.0018199340880879424
98,0.0017036982945432514
99,0.001734779212022812
100,0.0017002583727616827
101,0.0017060795038934496
102,0.00010314856325533556
103,0.0016955815428395958
104,0.00010428993471564774
105,9.957102930343477e-05
106,0.0022376924159231296
107,0.0017154780494915997
108,0.002730136817231664
109,0.001708367220382438
110,0.0017173176997167135
111,0.0017632350249557995
112,0.00010195680796089094
113,0.00010576074706286154
114,0.00010534853614949667
115,0.00010683578492760881
116,0.00011092134986479492
117,0.0017686029300140846
118,0.001701899769101082
119,0.00169404344119632
120,0.00010042694118795593
121,0.00010711974271915375
122,0.00010189927230917486
123,0.00010339973982442141
124,9.986644284738452e-05
125,0.0018126139414012994
126,0.000100505002051344
127,9.704818105738326e-05
128,0.0018736475432639364
129,0.001774421481274455
130,0.00010372899635671245
131,9.805664732953786e-05
132,0.00176497647702407
133,0.001721130939772647
134,0.001736503527699897
135,0.0017192796975512667
136,0.00010689539486091728
137,0.00010096880105314345
138,9.590038214677396e-05
139,0.0001059072392847289
140,0.00010671726404964394
141,0.0017540068350515106
142,0.0001003528125348798
143,0.001765088785250403
144,0.00010402008942625949
145,0.00010306565034636314
146,0.0017464318087952316
147,0.00010154322314569952
148,0.0017903779940927646
149,0.00010923633282750503
150,0.00010344837102724205
151,9.734467784458788e-05
152,0.00010286772184562756
153,0.00010215117473553578
154,0.00010468763445644438
155,0.0017912115330643743
156,0.0001013130980546355
157,0.0017010593146461602
158,0.00010373719844060054
159,0.00010246823660235401
160,0.00010492916034251175
161,0.00010587316374153684
162,9.633199401450871e-05
163,0.00010162659867517654
164,0.00010399682636294376
165,0.00010928042085410026
166,0.0017802348719820724
167,0.0001047277280210593
168,0.0018897694346221882
169,0.00010123012455779122
170,0.00010678458309242226
171,0.0018102704071525746
172,0.00010377360718012372
173,0.00011009617692423877
174,9.801851011946171e-05
175,9.994812486156676e-05
176,9.883207358524198e-05
177,0.00010869843858472334
178,0.00010556192622986619
179,0.0017538568682163732
180,9.817114962192038e-05
181,0.0016897213433573347
182,0.0001021169296401294
183,0.00010405118111829919
184,0.00010113011262677058
185,0.00010607601533739538
186,0.00011251079937685539
187,0.00010031311114508802
188,0.00010138783516518124
189,0.0001009870481952395
190,0.000106149648359453
191,0.00010309251223997939
192,0.00010165455180543572
193,0.00010859698365233915
194,0.0018353661349891513
195,0.00010010344042499366
196,0.00010282590076282068
197,0.00010834903045480972
198,0.00010328802096796242
199,0.00010472865394767119
200,0.00010553176863768292
201,0.0017875297306102027
202,0.0020961016248537633
203,0.00010530761521425504
204,0.0018058817941952506
205,0.00011055143393876396
206,0.000104380349822891
207,0.00010862916941601967
208,9.657889482778263e-05
209,0.00010813849491771113
210,0.00010660529043022239
211,0.00010575871978004614
212,0.0017436400750893374
213,0.0016978676733344282
214,9.81086185105869e-05
215,0.0017039358244296035
216,0.00010398808644969119
217,0.0018313623395821066
218,0.00010471792291799628
219,0.0020951373837234453
220,0.002056801558320241
221,0.0016969775950907077
222,0.00010654973403666352
223,0.0017350250100833411
224,0.00010187447050260673
225,9.810181248848327e-05
226,0.00010194165197063527
227,0.002203500674189849
228,9.566701840576388e-05
229,0.0001133365486281963
230,0.001737185589567665
231,9.84779759740601e-05
232,0.0016955552840605523
233,9.976493945498508e-05
234,0.00010986081789012308
235,0.00010162893103037821
236,0.0018272216978703728
237,9.590566721828927e-05
238,0.0017545279619873978
239,0.00010318666221564876
240,0.00010414367029157635
241,0.00010320192882682271
242,0.00010481366583963011
243,9.7113981084685e-05
244,0.00010022512153432442
245,0.0001095835280573277
246,0.0017184462652538326
247,0.00010251204147361233
248,0.00010095708716968372
249,0.0018793996280631888
250,0.001709936285683852
251,0.0001095884484013853
252,0.00010816920295511883
253,0.00010033913604628821
254,0.00010149438633296477
255,0.00010683128627974068
256,0.001927263807596399
257,0.0020277745226429784
258,0.00010304252348700024
259,0.00010445323633206167
260,0.00010421687888439165
261,0.00010084070595575077
262,0.00010363378236023657
263,0.00010954133244701332
264,0.00011044557618866449
265,0.00010660503353360345
266,0.0018177804425357305
267,0.00010281592296521185
268,0.00010913474261015726
269,0.0018070328000177522
270,0.00010618283711446676
271,0.0001089894051517629
272,0.00010620525797774868
273,0.00010763205174508848
274,0.00010477426833959798
275,0.00010180219978412956
276,0.00010419742158939961
277,0.00010515816251318005
278,0.0018941782668830476
279,0.00010154020921821775
280,0.00010290609377569693
281,0.0017719890503645115
282,0.00010507557193120215
283,0.00010375924220701178
284,0.00010384400950543218
285,0.0001020742137917116
286,9.566073722125652e-05
287,9.989369773442707e-05
288,0.00010356991867478275
289,0.00010329941056957351
290,0.00010004175753274404
291,0.0017394937528157383
292,0.0017181493248785613
293,0.00010351359388902176
294,0.00010344577781453967
295,0.001869117950426668
296,0.0001008640699760142
297,0.00010338564950897293
298,0.00010115772936892173
299,0.00011080416604343316
300,0.00010018268437734864
