1,0.00011143898298157378
2,0.00010358521090121565
3,0.00010209221049089302
4,0.00010990115102260347
5,0.00010982290796078298
6,0.0019057601834471033
7,0.00010334094665461499
8,0.00010920302516978431
9,0.001748006450823653
10,0.0017090340650579357
11,0.00010069834318153041
12,0.00010485104396990265
13,0.00010509832636991252
14,0.0017749930416569703
15,0.0017050982276318597
16,9.688971197575544e-05
17,0.00010627134851015667
18,0.00010233469662295236
19,0.0023547224681548743
20,0.0016979528570921232
21,9.799060565622008e-05
22,0.0022346041928394556
23,0.0001051219745234799
24,0.0027342645942592904
25,0.0016892843835860836
26,0.000102164800756195
27,0.001695113466323966
28,0.0017420721341380192
29,0.0017578427519297501
30,0.002123531034067943
31,0.00010810817605967976
32,9.715003954371397e-05
33,0.002606296913623844
34,0.00011186157532666004
35,0.00010260382134600294
36,0.0022142772231346784
37,0.001726328968131529
38,0.0017070361681518792
39,0.0017394657308690469
40,0.0017175012106666666
41,0.0021563295278758886
42,0.003610960580664472
43,0.0017293079996446971
44,0.002816585637212015
45,0.0017026597683356462
46,0.0016948009891704415
47,0.002815697183139704
48,0.001741006430460657
49,0.00267076667310878
50,0.0021625219000134146
51,0.0001025479091377868
52,0.0020842214716396057
53,0.00011473523301846579
54,0.0016884866880926166
55,0.0017671012484470363
56,0.0017045810716335313
57,0.0016996503582195426
58,0.0016979825127899644
59,0.004488337587767924
60,0.00010193434906203902
61,0.0017691354688991064
62,0.002072540983922005
63,0.0016996731378872726
64,0.0034335570392038054
65,0.0016918186370896184
66,0.0020985381916825176
67,0.001706626461368575
68,0.0017079550411995615
69,0.001717864556096877
70,0.0029357870913841295
71,0.0017280371541646814
72,0.00010550655368829141
73,0.002644131001689465
74,0.0016960747779878028
75,0.00010587116733710332
76,0.003911337356905866
77,0.0022307205453808835
78,0.0017212670709285058
79,0.0017010909499403214
80,0.001720082952560858
81,0.001690255364046392
82,0.001682639689621387
83,0.001707432583760416
84,0.0016914203238115619
85,0.0017098340254177284
86,0.00010413374188786024
87,0.0017231901232492997
88,0.001681833791566398
89,0.0021412623636847244
90,0.001687585758574263
91,0.0017265323235199886
92,0.0017131361884816
93,0.0016896432551575134
94,9.856487586946193e-05
95,0.0017343859974241554
96,0.00010187498167752015
97,0.0022294348236423607
98,0.0022397612249565454
99,0.0017142914167175545
100,0.0022508799323039826
101,0.0017158172860057995
102,0.0034795447685683524
103,0.001719036780533458
104,0.0022065848179144993
105,9.909292358565165e-05
106,0.001717172248168984
107,0.0017056978005316975
108,0.001702011521566933
109,0.00010244793842592177
110,0.0018200551951839524
111,0.0017416709169206775
112,0.0026345954947848194
113,0.0017378906912647216
114,0.00010065008310389892
115,0.0018196161868028393
116,0.00010598688607947014
117,0.0018216236738054497
118,0.0001015100050083229
119,0.0025647991786774058
120,0.0016995445646757312
121,0.0017071371303224658
122,0.0016930150419174547
123,0.0016953089253509668
124,0.00010544421713170841
125,0.002215417341014036
126,0.0034629117834394903
127,0.0037056385805894682
128,0.0017457710856470753
129,0.0016931831607744105
130,0.0026678237197474575
131,0.00260391237990446
132,0.001731524292163236
133,0.0017407429661016952
134,0.0016917807862660338
135,0.0017697154928331268
136,0.002031716840408608
137,0.002215799753142857
138,0.0017063330688299268
139,0.001704214655417243
140,0.0017500824104469536
141,0.0017223206411678418
142,0.0017024434662925338
143,0.001727883346325562
144,0.0025774591107910597
145,0.0017323682223020292
146,0.0016871130381413222
147,0.0017003085449553879
148,0.0021413991222324117
149,0.0021098095159468146
150,0.002178610609908224
151,0.0017177556911302841
152,0.0017069671738432451
153,0.0017289147389643461
154,0.00010255994289358801
155,0.0018518014264040223
156,0.0016962849312191538
157,0.00010778721429626543
158,0.0017965734975701295
159,0.00010650656137043995
160,9.982527332200109e-05
161,0.0018090695689938494
162,0.0017263668397786082
163,0.002739039990957387
164,0.0021015584159269156
165,0.0016988187277156067
166,0.0017013320425516899
167,0.0026123618343195268
168,0.0027937872166975027
169,0.00011107916140557948
170,0.0016969897196926582
171,0.001718778863910789
172,0.0017118833427832313
173,0.0017103581212442559
174,0.002060586591966173
175,0.0017511489628996046
176,0.0016943258054797432
177,0.0020916601392721628
178,0.00010504278006559644
179,0.002058224513806203
180,0.0016974532250026697
181,0.002721342848696435
182,0.0016950815252550384
183,0.0017055535860269362
184,0.002613569739705754
185,0.002230205932975724
186,0.0017159547120139456
187,0.0030532477840736617
188,0.00010354723360392253
189,0.0018301230606499153
190,0.002120910262927257
191,0.00010781803615025754
192,0.002195485564833478
193,0.0020779811646775993
194,0.00010898045028878539
195,0.0022457583251165756
196,0.002128155946148093
197,0.0026709717531750417
198,0.0021593076251845886
199,0.0017138332556754484
200,0.0017331794352417615
201,0.0016907626084032422
202,0.0017006383106257332
203,0.0017178228566327443
204,0.0021182313661202187
205,0.0016956612032755641
206,0.0016953760546347015
207,0.0027078662713765065
208,0.001693732675531915
209,0.0020824769539121114
210,0.001696947488295139
211,0.003641192737430168
212,9.831374923355255e-05
213,0.0020817499852470067
214,0.00010558890839698259
215,0.001692397660367887
216,0.001696344385557841
217,0.002104267399342646
218,0.0020718942419700216
219,0.0034495051026513204
220,0.0020967776044592316
221,0.003436876573746145
222,0.0021161928655583193
223,0.001725929610158242
224,0.001712718494520984
225,0.0017108690441120934
226,0.001742713354930295
227,0.0017003283977339936
228,0.0017060857639755985
229,0.0017157411835960813
230,0.001748638972326498
231,0.0032353572785656947
232,0.0021215930178602694
233,0.0016928262126068377
234,0.0025097519985096493
235,0.001695982078960344
236,0.00010561879741853549
237,0.0023111966297645744
238,0.0017244363396278523
239,0.001703552838789159
240,0.001705398210053415
241,0.0026338881548974946
242,0.0022347022102078133
243,0.0037755116899867115
244,0.00010244244842545158
245,0.00011037652370127851
246,0.0001105734801698171
247,0.0018727120373034658
248,0.0016907746591635305
249,0.00010875952439254521
250,0.0001023861901010033
251,0.00010517696659023912
252,0.003504048843441467
253,0.001719535163113928
254,0.0017028828202387313
255,0.0017284096244804359
256,0.0017104928821439682
257,0.0017098985206364993
258,0.001756877771752266
259,0.00010368702808889682
260,0.0018261306017553216
261,0.0017007054229703816
262,0.001732610272480537
263,0.002651440536847673
264,0.0016960856629658254
265,0.002171514871115502
266,9.82996382899946e-05
267,9.850684769895547e-05
268,0.0018546268346553935
269,0.0026632617005193857
270,0.00010757436220141815
271,0.0037278553440116486
272,0.0017012248289989314
273,0.0022352477859183487
274,0.001710750072137378
275,0.0017125929477346702
276,0.0016880979218498464
277,0.0017110793580870783
278,0.0017052167321463213
279,0.0017215982853416984
280,0.00404743567961165
281,0.00010625220569243158
282,0.0017154406976332196
283,0.00010760738279227158
284,0.00010559170201727961
285,0.001804619455354401
286,0.00010087023757584955
287,0.001818069962176435
288,0.00010454256878137216
289,0.001691911268351214
290,0.0021079972227055245
291,0.000104385859512637
292,0.0016917121826059162
293,0.00010855142667775058
294,0.004000650960285447
295,9.957120787472e-05
296,0.001762199777029271
297,0.002145982901450947
298,0.00010124847735841067
299,9.722247937722537e-05
300,0.00010375215638042396
