1,0.00010490784698463436
2,0.00010345231088036384
3,0.00010473466631097462
4,0.00010217027224836722
5,0.00010128722965687828
6,0.00010628600188683522
7,0.0019422239893691063
8,0.0001058578584786588
9,0.00010174135237648968
10,0.0001030235670478279
11,0.0026774546308775083
12,0.002150835119152304
13,0.00010088949603157213
14,0.0027652724500091728
15,0.00010351961536700745
16,0.002151667538557269
17,9.926972413243891e-05
18,0.0017114732501683388
19,0.0016965002058416437
20,0.0019604453508098724
21,0.0016916345674383728
22,0.0017040325891903437
23,0.001763071499473869
24,0.0016902809470992505
25,0.0017175983926736233
26,9.567407794781459e-05
27,0.0017102050368996982
28,0.0016964426281371508
29,0.0030028979012592443
30,0.0020684219520533307
31,0.0017219752750010965
32,0.0016985727404021937
33,0.0016963577783078543
34,0.001692405408033378
35,0.002131258985303177
36,0.0017066422658367896
37,0.0017010034855726678
38,0.0017576439196447754
39,0.0016935932147516127
40,0.00520708127479361
41,0.003159635508511724
42,9.554931989767269e-05
43,0.002783152489104928
44,0.002681741729657625
45,0.00171007469781291
46,0.00010329064989167401
47,0.0018298160624620789
48,0.00010399450707916999
49,0.00010785601563305578
50,0.0022643009694774097
51,0.0017220316378181303
52,0.001993476868445506
53,0.0017174558590292777
54,0.0020814829767162647
55,0.0030924307295568656
56,0.001694088749779269
57,0.004101607760381211
58,0.00010382980537276559
59,0.00010380089039999015
60,0.0018166766864218945
61,0.003455001524718376
62,0.001711563059965977
63,0.002057330696834502
64,0.0016991571888601864
65,0.001691965251250969
66,0.001707259432805493
67,0.0017579118288116435
68,0.00010282678027679594
69,0.002137341780155642
70,0.0020584517080943277
71,9.816196471913383e-05
72,0.00011030808910272502
73,0.001787379712271071
74,0.001697597732277312
75,0.0017340846479820629
76,0.0026258924694589885
77,0.0017039943305887048
78,0.00011059322649744488
79,0.005867130231297434
80,0.0017388219200567853
81,0.00010137656019599085
82,0.0017719753557224921
83,0.0001002769984444262
84,0.00010947863743289154
85,0.0018843305029461162
86,0.0017047415289550539
87,0.0017034175699736861
88,0.001708314559959944
89,0.0016848200989541152
90,0.0017167356847890365
91,9.790259766323134e-05
92,0.0018075280451827563
93,9.594568919796949e-05
94,0.002074148765247165
95,0.0020116963035185505
96,0.0016909604696638716
97,9.986941766780358e-05
98,9.810211249780189e-05
99,0.001798282660647902
100,0.0026062986463072043
101,0.0016917743667518093
102,0.0017034077670944495
103,0.0017083120540018406
104,9.785392234360076e-05
105,0.0021300778817906784
106,0.00010148357451780188
107,0.0016852098640409278
108,0.0017794175340746102
109,0.0019236286395044077
110,0.0016934550466858379
111,0.0017031563348255526
112,0.0016948668625862212
113,0.001707348721430587
114,0.0017080512889894718
115,0.0017105510667953254
116,0.0021946525164997983
117,0.0017681418695853685
118,0.0031991899774401165
119,0.0034037267743764173
120,0.0017116896405308297
121,0.0033244726425476307
122,0.0019742195478020413
123,0.002106659395460498
124,0.0016977456466955346
125,9.949124921994665e-05
126,0.0016941085475057293
127,0.0017243577652522246
128,0.00010173230771567847
129,0.00010168932995501364
130,0.002299717220439243
131,0.0017042111682991988
132,0.0020828626880384006
133,0.0017130021925304715
134,0.002126242809739375
135,0.0016978177102274386
136,0.0027028733115468406
137,0.0031594203767480694
138,0.001681713594675612
139,0.00170894989442196
140,0.0017016755537195894
141,0.0024763100255375233
142,0.00010456559214965552
143,0.0026233479114814414
144,0.0017059567796015712
145,0.0016950472882799744
146,0.00298744139013729
147,0.0036049897810218976
148,0.0016954931315186974
149,0.0020660443807779152
150,0.0017283362523641298
151,0.0017069108803723161
152,9.94206629915971e-05
153,0.0017112154374297314
154,0.00010768250352673343
155,0.0017247024756156235
156,0.0017008172214467228
157,0.0017195684274291252
158,0.001716760855736055
159,0.00010092354122905448
160,0.0017159764111099177
161,0.0017001384157120632
162,0.002082858719006489
163,0.0017457722151065572
164,0.0017188180263437432
165,0.003782342074363992
166,0.0017109810457631913
167,0.0016980406721865866
168,0.0017200705103014651
169,0.002196281322242872
170,0.0001065877986027726
171,0.0001008655403930131
172,0.0018110866595612935
173,0.0016881174943206023
174,0.0017141350573356418
175,0.0017018688413746174
176,0.0017145834641892849
177,0.0021733417948372013
178,0.001701948832574032
179,0.00169717791146867
180,0.0016984360928976976
181,0.0022216617844500733
182,0.0035560802651829052
183,0.0001015270881516867
184,0.002381406430545089
185,0.0017253041278884604
186,0.00010155195421215621
187,0.0017037707765134205
188,0.00010803921663050454
189,0.0016980228094013955
190,0.0016923916014184893
191,0.001703981144535422
192,0.00010475954799857996
193,0.0022960173136216226
194,0.001729545045588392
195,0.0020662741551199727
196,0.0016890268685176605
197,0.0017422443956994975
198,0.0017596320139494329
199,0.0016882491834111862
200,0.0016900437856963253
201,0.0017053481925999572
202,9.9125893638407e-05
203,0.00010686512361664451
204,0.00010789905590297007
205,0.0017578900901099872
206,0.00010635886227225546
207,0.002881984462326848
208,0.00010897934188171752
209,0.0021821416711797098
210,0.0016949009842730288
211,0.0017025733893409418
212,0.0017095721745989945
213,9.996001942571704e-05
214,0.00010135395003332545
215,0.000106210153133575
216,0.001813820890776483
217,0.00010065542633329535
218,0.0018338281979337465
219,0.0021802934160176477
220,0.0016820314620340372
221,0.0016828573951634942
222,0.0017020185026569708
223,0.0017031587045381292
224,0.0017215542064118199
225,0.0016963254181485265
226,0.002068178393587995
227,0.00010479270069635048
228,0.0017175119657813728
229,0.0017106112296892814
230,0.0017287751097621502
231,0.0017105912959483889
232,0.0027585372624621316
233,0.00010617893113722281
234,0.0016989085863929742
235,0.0017113706315997584
236,0.001694599544198816
237,0.0017095808608290268
238,0.0018621867502217292
239,0.00010187948424817833
240,0.0035749036325671436
241,0.0034431205852214503
242,0.0017206067990927457
243,0.00010180739755002205
244,0.0016885850653987871
245,0.00010153729639906405
246,0.003506533306939807
247,0.0017139110319462705
248,0.0017201767497433357
249,0.002144852716476114
250,0.0022185719997278664
251,0.00010242891659444694
252,0.00010182140016972514
253,9.983944265964012e-05
254,0.007116648546637415
255,0.0001073747209655785
256,0.00340818177548942
257,0.004232887429498025
258,0.0017146452428041675
259,0.00010783159916757454
260,0.00010555932195759823
261,0.002265164274865474
262,0.0020960058162267834
263,0.0017252469141703843
264,0.001699566271183152
265,0.003796685035422825
266,0.0020785147906301825
267,0.0017486881450193591
268,0.0017057273046625508
269,0.0017573145796576004
270,0.0017068634274729616
271,0.00010876227219104009
272,0.00010520237085205242
273,0.00010691431357882716
274,0.0038096755960126487
275,0.0017173238368774083
276,0.001710892638751132
277,0.00010771235236144349
278,0.001803205887884572
279,9.796181227629659e-05
280,0.00010661122665666109
281,0.002177826751020723
282,0.002030583479152713
283,0.0017028337262629883
284,0.0017899602374484354
285,0.0016983769733891132
286,0.0017053240561243012
287,0.0016976637501315978
288,0.0017125597242431771
289,0.00010575025724328582
290,9.711897130150467e-05
291,0.0017674001192815043
292,0.00010069631891086199
293,0.0024096863063583457
294,0.0030441713944873486
295,0.0021237236945855966
296,0.0016989220676193546
297,0.00010473305725527108
298,0.0017007277433085638
299,0.001696899710160021
300,0.00010799605734208789
