1,9.913141127242098e-05
2,0.00010498159733433209
3,0.000101698326451362
4,0.00010123390884941059
5,0.0001104081261277486
6,9.998629905973134e-05
7,0.00010044107602552338
8,0.00010343134618541911
9,0.00010319630749869001
10,9.636586413171226e-05
11,0.00010167039596041126
12,0.0018074338676066326
13,0.00010215602751711061
14,0.00010111309631077594
15,0.00010180279967242244
16,0.001762696923076923
17,0.00011069248426754514
18,0.0017611134374056663
19,0.00010083596201868237
20,0.00010326443953698684
21,0.0017991867794958133
22,0.00010422874126884515
23,9.989497933727206e-05
24,9.77269523840528e-05
25,0.00010393473302505312
26,0.0018104600541280938
27,0.00010731500621822946
28,0.0017194042282249278
29,0.0017699547088616562
30,0.0016871702358156027
31,0.00010046802568428055
32,0.00010461984409984214
33,0.00010528139577113452
34,0.0001027294913406057
35,0.0017860722847667667
36,0.00010350352941579954
37,0.0001000405958228034
38,0.0017873025458158532
39,0.00010252387010021733
40,0.00010753202900136365
41,0.00010645453893101354
42,0.0018349904772455353
43,0.00010348216890213612
44,0.0001047276043540842
45,0.00010410452668934812
46,0.0018197234244154308
47,9.862534270801072e-05
48,0.0017533800995355006
49,0.00010227120604653839
50,0.00010864974645847501
51,0.00010211477902772199
52,0.00011446574345870617
53,0.00010617768025789587
54,9.848874382412811e-05
55,0.0018435684200567644
56,0.00010463043454233581
57,0.0016984261878437482
58,0.0016940792274737905
59,0.0016913796113306985
60,0.00010782760744822601
61,0.0018358780927695594
62,0.00011060650218086588
63,0.0001062976758110421
64,0.00011080976803377565
65,0.00010076161622393769
66,0.00010793051349628158
67,0.00010418451230119951
68,0.00010592847398272677
69,9.760277551938107e-05
70,0.001789171688034188
71,0.0001014833836171624
72,9.9867810780197e-05
73,0.00010677204654675878
74,0.001760099467822357
75,0.00010379553055671115
76,9.986694908294268e-05
77,0.00010478225742125425
78,0.00010175944260701416
79,0.0017295372385671066
80,0.00010507506436335001
81,9.806530443155099e-05
82,0.0017905553470859963
83,9.784498183451361e-05
84,0.00010366129445907455
85,0.001774426717289207
86,0.0017301379211519645
87,0.001690626859634377
88,0.00011139939556401355
89,0.00010408159777765082
90,0.00011104117730167997
91,9.909569533015822e-05
92,0.0017776573553647326
93,0.00010268927146769055
94,0.0018290870082259066
95,0.00010629333635573223
96,0.0017005202041175432
97,9.908822327169228e-05
98,0.001686276114075697
99,9.985320970116326e-05
100,9.973136643970945e-05
101,0.00010327233401196029
102,0.00010816171103635356
103,0.00010414623327416714
104,0.00010067924493225124
105,9.821116201582674e-05
106,0.00010165116181281485
107,0.0017917208540495326
108,0.00010863990960792434
109,0.00010072515410815783
110,0.00010396463284900478
111,0.0017317976925791936
112,0.0016841012573568753
113,0.00010188825475302831
114,0.00010068400792835979
115,0.00010297959308062199
116,0.0017486591271682985
117,0.00010978913204047137
118,9.79985598586214e-05
119,0.00010107482962891865
120,0.00010526943145927606
121,0.00010299989132025761
122,0.00010780700835238338
123,9.926635763138827e-05
124,0.00010291348648683554
125,0.00010172118837828083
126,0.0001084083488186687
127,0.00010935649416347769
128,0.001843316002998633
129,0.0001033533360455655
130,0.00010240996615324973
131,0.00010163930377820002
132,0.00010542988659034439
133,0.00010839011961402849
134,0.0018352411635205394
135,0.0017478961153537679
136,0.00010032682007805142
137,0.0016987086435654047
138,0.0017329001495992877
139,0.00010095944076455432
140,0.0018185626481724256
141,0.00010051513409370194
142,0.00010609255518421243
143,0.0018047878001465707
144,0.0016739288733468006
145,0.0016764881459119497
146,9.830492646147293e-05
147,0.001673133256861868
148,0.0016672879993719686
149,0.00010206627731907675
150,9.88537088969537e-05
151,0.00010345830507008758
152,0.0017341503384672215
153,9.974751063362694e-05
154,0.0001004232447236807
155,0.0018411524701957814
156,9.852561167912916e-05
157,0.001720447182687395
158,0.00010005557747776742
159,0.00010199514887721832
160,9.885175724486194e-05
161,0.00010522645378002266
162,0.001735994838944242
163,0.00010089788190248192
164,0.001658986523176479
165,0.0017061669412574236
166,0.0001052918293954287
167,0.0016606841573191743
168,0.001728920735944409
169,0.00010794164031725872
170,9.857854604246919e-05
171,9.897048811009678e-05
172,0.00010222987978831785
173,0.00010503992301885226
174,0.00010153436898228135
175,0.00010588175832223556
176,0.0018237160410310054
177,0.00010141981560614576
178,0.0017438183807083826
179,0.0001012161784771499
180,9.883003727978489e-05
181,0.00010405922700321762
182,0.0018067616750374479
183,0.00170343505185764
184,0.00010695441146875023
185,0.0016993128430546783
186,0.00010649803657266908
187,0.00010039749181507796
188,0.00010596440176572336
189,9.88745776398402e-05
190,0.00010029732150578191
191,9.888886519341285e-05
192,0.00011110596544805024
193,9.874410877545296e-05
194,0.00010540244283958917
195,0.001763615810310377
196,0.00010404128594037243
197,0.00010505699096087092
198,0.0018504221926625185
199,9.94964320175257e-05
200,0.0017553273189838201
201,0.0017164662453904263
202,0.00010157635583966754
203,0.00010248661546096065
204,0.00010025596102572549
205,0.0017567467774115197
206,9.759842969551144e-05
207,0.00010221819958827039
208,0.00010596177555828808
209,0.0018333280612902896
210,0.00010868654301749872
211,0.00010454585211001126
212,0.00010220043143889227
213,0.00010102768609351353
214,0.0018078462292108984
215,0.00010474085656767701
216,0.0017850469474103938
217,0.0001042698852563109
218,0.0018514820817762516
219,0.00010252860217000505
220,0.00010735332321968157
221,0.00010722984629253685
222,0.00010020851940449031
223,0.00011374224682310752
224,0.00010651209975765386
225,0.00010159993184894904
226,9.970118394851934e-05
227,0.00010855069379343847
228,0.00010417408680481648
229,0.00010026126736640458
230,9.918676450776674e-05
231,9.972483075559462e-05
232,9.942583070679604e-05
233,0.00010473684384758425
234,0.00010331670286213352
235,0.0017783981381525509
236,0.00010173553361630772
237,0.00010328428105842969
238,0.0017672543937511322
239,0.00010020968804523459
240,0.00010300253354252556
241,0.0017492578370786513
242,0.0016935001310848154
243,0.00010504360847948447
244,0.0016844134419835635
245,0.00010160089852625435
246,0.001840151796154998
247,0.0017286913426966294
248,0.0017119001240167248
249,0.00010486742035310197
250,0.00010626281030186877
251,0.00010959572785391648
252,9.744382305034452e-05
253,0.00010551317179276794
254,0.0017481588482713057
255,0.0016973995457586538
256,0.00010768375769007032
257,0.00010762249470895394
258,9.55273291962599e-05
259,0.0017544121431708392
260,9.991492544518342e-05
261,0.00010452452582767172
262,0.0017398962228165552
263,0.0017345273742735918
264,9.984336523467918e-05
265,0.00011474882334869434
266,0.00010256331950311701
267,0.00010280082834767904
268,0.0001006705585068677
269,9.924159320354273e-05
270,0.0017294510419408615
271,0.00010690774241183859
272,0.00010517715219265737
273,0.0001073429547771783
274,0.001864806281125922
275,0.00010247733067933342
276,0.001690155220161606
277,0.00010593506010720005
278,0.00010074881382960044
279,0.0018384468779862034
280,0.0016958629610528187
281,0.000104936336229176
282,9.732386399569946e-05
283,0.00010695164134156618
284,0.0017932225216750637
285,0.001696517712307475
286,0.001703660571795977
287,0.00010094521636808494
288,0.00011283313566405696
289,0.001807524298104341
290,0.0017014521201165363
291,0.00010573468259071542
292,0.00010533679518950869
293,0.0018118840102753493
294,0.00011245874975971979
295,0.0017017873945946998
296,0.0017295366712161485
297,0.0016964643532002557
298,0.0016955973646278768
299,0.00010685103075754073
300,0.0018243938526963557
