1,9.870225297971068e-05
2,9.860678368188147e-05
3,9.841475972855122e-05
4,9.903800623308455e-05
5,0.00010053529877434313
6,9.892940352816451e-05
7,0.00010724872647450378
8,0.0043095552932840096
9,0.00010636366482409546
10,0.00010564814375024818
11,0.00010177907607448002
12,0.0018473658103776655
13,0.00010024451222794025
14,9.732909737925288e-05
15,9.688052354346372e-05
16,0.0018099821612175837
17,9.868932308290367e-05
18,0.0017794061184709235
19,0.00010294915030083828
20,0.012900470767252462
21,0.00010848015110996523
22,9.930521638422626e-05
23,0.00010017569267134663
24,0.0018044945461624965
25,0.00010084217099874321
26,0.00010534609479414545
27,0.003791884739278293
28,0.00010165886905315097
29,0.0049877772070734345
30,0.00010070445080238766
31,0.0018035518187608365
32,0.0016845637984278495
33,0.005439570324245483
34,0.03598199291443851
35,0.00010521649035660301
36,0.00010239881129469708
37,0.00010088565970902632
38,0.0017941407571801565
39,0.001717480701598263
40,0.004319581166339461
41,0.022221826591052297
42,0.06433214118086697
43,0.00010157346321931226
44,0.0038174739936507936
45,0.0037809063056694317
46,0.0032256566387002263
47,0.0016877779664373944
48,0.005486920850408098
49,0.003404697169403007
50,0.000105905973906323
51,0.045577441758849556
52,0.02359171705685619
53,0.0047867703439101305
54,0.0026458985321262197
55,0.0017053166206114716
56,0.004016054650103519
57,0.003070033282578353
58,0.0034980959442836475
59,0.0001016594931543335
60,0.003913263478818999
61,0.003712516275768423
62,0.003121987177092057
63,0.0017153895254211507
64,0.0026696915263994736
65,9.762076206077947e-05
66,0.003218894003739317
67,0.009177728607366068
68,0.021670219141104292
69,0.017856641643139468
70,0.002628526275331935
71,0.04041109473429952
72,0.005558440613944996
73,0.028962966077302626
74,0.002618365763428204
75,0.09830490497835499
76,0.0017363663569102236
77,0.02876484776407093
78,0.004589522770595451
79,0.02204467909860859
80,0.0017009219652971963
81,0.0037925635666196966
82,9.68005264962923e-05
83,0.027883380690440066
84,0.006748786339596382
85,0.01836104888707926
86,0.0020792839861850008
87,0.00010893123187182687
88,0.0017150951314111647
89,0.002241618152652391
90,0.0017050608117564728
91,0.002170473299357909
92,0.0016987958399971566
93,0.03012520436
94,0.00689709099801531
95,0.0035905416400623656
96,0.003521292226661824
97,0.0021084904787765564
98,0.004086503154706824
99,0.011649655373887954
100,0.0035252750509535595
101,0.0001026543777553756
102,0.002159222445198447
103,0.0020865148567248944
104,0.0035309700199963145
105,0.0016961613025608597
106,0.007224566872847065
107,0.003512164919677255
108,0.00459256378350321
109,0.003067320947809213
110,0.0017091801909562008
111,0.0017279366050891316
112,0.004641623415794481
113,0.04630667803297997
114,0.0017102338863671939
115,0.002117826069104093
116,0.0022368620972938145
117,0.002792338291844697
118,0.003950011438708098
119,0.004091022708087118
120,0.0037006446435437976
121,0.004327593848468757
122,0.0357872395890411
123,0.0026537857962064403
124,0.03215479343393148
125,0.0030416470737140546
126,0.020212023641304346
127,0.012993995571001116
128,0.0284012756870229
129,0.0035491087671833867
130,0.0017039929960881936
131,0.07449522928082192
132,0.04073817344862665
133,0.00010891295543751145
134,0.02367594000684463
135,0.002218502414818203
136,0.03872949580777095
137,0.08964664180327868
138,0.002657390275326509
139,0.0038550897214526206
140,0.0035974646084628997
141,0.0029824478706282883
142,0.022644080980012898
143,0.002123966313049565
144,0.001719263739167955
145,0.0001108914817089762
146,0.0001088447373601937
147,0.005419915470723353
148,0.02199605387096774
149,0.001727003264025811
150,0.0045903725352775164
151,0.036906394666002
152,0.03494081527531083
153,0.00311519474813882
154,0.0016855652878733356
155,0.016872224180734856
156,0.005786472245918317
157,0.022175719440954773
158,0.0017011374647233235
159,0.02128532266824085
160,0.002683037535360679
161,0.005013218438914027
162,0.01347371438108484
163,0.03450278541666666
164,0.0017136478245411318
165,0.004063500142737196
166,0.0025936602393474297
167,0.0016865099844076685
168,0.10893403997584543
169,0.001695058288704108
170,0.003391606662458797
171,0.0016904865915053533
172,0.00010435334140994579
173,0.004181192743881421
174,0.00010635851131451816
175,0.003735850713595679
176,0.05215407062500001
177,0.002092283835722923
178,0.13988438808049536
179,0.007106813523391812
180,0.029670472222222213
181,0.0017518633995731727
182,0.021159138229981937
183,0.0031062675419965247
184,0.01763092822857143
185,0.0022146370746432492
186,0.0033698122094240842
187,0.004690238476750916
188,0.0017026746001848033
189,0.06094716160436136
190,0.011309732282913165
191,0.014114867088423503
192,0.0017253231930824421
193,0.05760608950276242
194,0.004152216167540712
195,0.06929329917081262
196,0.00010102204642618788
197,0.021834463563004346
198,0.019034841255205232
199,0.0017220887843327902
200,0.0036212077438431017
201,0.0016744623417053607
202,0.003923275188702215
203,0.03137350278900565
204,0.05415161746134022
205,0.02872119244525547
206,0.0017018791308993767
207,0.0016938402933427015
208,0.014942217429139731
209,0.00010658664074859136
210,0.021576398026315786
211,0.001707203897806598
212,0.0962807006451613
213,0.00010626455327585379
214,0.008605032279804742
215,0.0036643224442590634
216,0.008587597353982299
217,0.0017031718414313153
218,0.021504458328075706
219,0.002933194809391441
220,0.0033804410880358023
221,0.0051792442570068745
222,0.0025862079936800385
223,0.03411739070284697
224,0.004420008607890034
225,0.00643365455407537
226,0.04956145211515864
227,0.002122304618050985
228,0.004289952301601114
229,0.0471234153436019
230,0.029472164223107576
231,0.002207155029910041
232,0.0021781856582114008
233,0.0019466167209096755
234,0.016200170588235294
235,0.004789140245218244
236,0.017467700490998363
237,0.0027665277530271874
238,0.003288332253044655
239,0.05829916727272727
240,0.003469509645335503
241,0.0033810613287009097
242,0.0016964317278800947
243,0.0345612567834681
244,0.004898275224014336
245,0.00169303827074888
246,0.003218443154286475
247,0.0016904513810597518
248,0.0017561097103428447
249,0.00211789468790921
250,0.0022378524872448983
251,0.0017287077098312807
252,0.0022683402621109286
253,0.001753247997440444
254,0.005676981513232467
255,0.021402050208706024
256,0.06453766417682927
257,0.007126914924134661
258,0.0037279676747681767
259,0.02842171619771863
260,0.07495300754884547
261,0.00010016272173857473
262,0.0018459423099081924
263,0.0021004402388279655
264,0.0001049810201171734
265,0.021382758550185874
266,0.0017266548708355601
267,0.0017111665882056995
268,9.909961939946939e-05
269,0.05405935195822454
270,0.0027230445114391974
271,0.005798596438883542
272,9.935853806307484e-05
273,0.0020134955504812063
274,0.0017085681672768635
275,0.09228947154811715
276,0.003101228992163412
277,0.0038620389167631545
278,0.03879808515779092
279,0.0016935977310187618
280,0.011706175773320445
281,0.016377769473409805
282,0.019912437126099705
283,0.01856203861330327
284,0.0038091691006373438
285,0.004360232027525412
286,0.005799943654920084
287,0.0017384084213821962
288,0.0026024131282962005
289,0.0017110480741110597
290,0.004681165438141855
291,0.001700635028605394
292,0.0036129853593015447
293,0.0001000984427650295
294,0.002941524826923264
295,0.02223062167741936
296,0.012392492848020433
297,0.015707026625386995
298,0.0017356835440074905
299,0.002194519249284708
300,0.0038945703198002253
