1,0.00010217047960900668
2,0.00010731338781847381
3,0.00010922811571099011
4,0.00010424798580826374
5,0.000110390652742361
6,0.00010729477785371
7,9.667970150043447e-05
8,0.00011088846153432108
9,0.00010324598895614386
10,0.00010452197676704534
11,0.00010381835732200024
12,0.00010402973046117365
13,0.00010662748142222959
14,0.0052694944893846565
15,0.00010212225876136464
16,0.00010988323930734315
17,0.006551955891141153
18,0.0017497740125899282
19,0.00010044950288348252
20,0.0001037900105048263
21,0.004188465081323612
22,0.019944835533294045
23,0.0026739542240283077
24,0.00010283338926068331
25,0.014231445924170616
26,0.00010287682410805737
27,0.00010385561769627246
28,0.022133275602605862
29,9.99450534029689e-05
30,0.00010301145995220669
31,0.004082388508543623
32,0.0031129222969927227
33,0.001984342930703166
34,0.0022505368623810633
35,0.0033600374573675785
36,9.997465131671771e-05
37,0.014687216674816624
38,0.0044240184359325115
39,0.0026811485684105187
40,0.07751594077757686
41,0.0001046687468978456
42,0.00010985862688065202
43,0.00010751879173034994
44,0.02198776305774278
45,0.03690865149953139
46,0.0017043510780562806
47,0.031064879348722173
48,0.08005629646182495
49,0.02776339562157936
50,0.002094421323426817
51,0.002768542610497237
52,0.00010300426581280317
53,0.022053270369149634
54,0.0021885705745201016
55,0.00010927725271429839
56,0.018690805830489193
57,0.0141794804624823
58,0.0020654487892739905
59,0.008465081293544329
60,0.006768213460085333
61,0.0016900718381940546
62,0.003660059074423876
63,0.003694905131676101
64,0.022283307040882543
65,0.02060151401699029
66,0.0035261379983993024
67,0.059104608087201124
68,0.004916607961686601
69,0.0017165338577414928
70,9.998379004920078e-05
71,0.042428412886597947
72,0.04519411227168949
73,0.015300834895568006
74,0.003593307489830103
75,0.002691689281530652
76,0.0027522985307414107
77,0.0032523342336894445
78,0.0020287593723874744
79,0.003649660307761937
80,0.017100292860976918
81,0.00502509394944053
82,0.023491588396756084
83,0.001793778571936183
84,0.0017095925234813043
85,0.0037579403832698442
86,0.002735128873914515
87,0.0026613177459257234
88,0.0026052866459127257
89,0.004875062842705624
90,0.08967751434343432
91,0.03200447912937348
92,0.021714376176115806
93,0.06682196661514685
94,0.027539230319563523
95,0.05452747270375161
96,0.0017369770019693565
97,0.0016994584565586531
98,0.033308919818652846
99,0.0017248192280212914
100,0.004098780166271866
101,0.008500343897741201
102,0.0031304113010385084
103,0.12613940465753426
104,0.003392790873909372
105,0.01969458689613527
106,0.0030712616907026696
107,0.026496935190839694
108,0.002237388095910952
109,0.001716635441171245
110,0.0428981153764581
111,0.09692304610389611
112,0.0017318158724484323
113,0.0017150296011456453
114,0.05356788201388889
115,0.003737432249440439
116,0.0017181270230704107
117,0.12098811357526881
118,0.02842961885625966
119,0.002668070704200337
120,0.0021080007138815126
121,0.10246061415525114
122,0.0034735028873972913
123,0.0036353090222456027
124,0.003318270376089114
125,0.0017421109974014874
126,0.020855230564263322
127,0.09189589178498984
128,0.03282622102321582
129,0.07349635324459233
130,0.03232518520833333
131,0.0027919143234642267
132,0.02217452768466791
133,0.005914877486879043
134,0.001701226762938702
135,0.11871615577956988
136,0.018888130513856814
137,0.0031274610938310005
138,0.03204975261044177
139,0.07031699847020932
140,0.007255838420738085
141,0.0030615371396670726
142,0.005344319948328936
143,0.003925714636030906
144,0.02871627813194959
145,0.00367167648084945
146,0.004809140919881305
147,0.025111934929577466
148,0.004140538721804511
149,0.24848950543478263
150,0.0017033099883778126
151,0.06967881674757281
152,0.15564701972789113
153,0.004330751832367365
154,0.02649110894557823
155,0.06329278309248555
156,0.003460759375360147
157,0.019335045300642152
158,0.002276624182487957
159,0.0021180372086425144
160,0.0524949751584284
161,0.0017143555753559117
162,0.004926474056078551
163,0.04094539305555556
164,0.04262702244680851
165,0.003185145917617719
166,0.0035250666107627246
167,0.0032281128789399716
168,0.004509261716797779
169,0.046454778548212346
170,0.14416926466876967
171,0.035989930350553506
172,0.04850580740049751
173,0.03325882222689076
174,0.007631380009407339
175,0.036418004549718566
176,0.0022317443869096934
177,0.03419541533882784
178,0.0020811401584098907
179,0.0016919951599222477
180,0.007185032625187764
181,0.023771447318397827
182,0.0017053402986323143
183,0.001710429326923077
184,0.11188196296758104
185,0.0033888470573758965
186,0.024549592539902843
187,0.0021904636363636364
188,0.0026583736530648295
189,0.004120765008231206
190,0.036937964001848435
191,0.020308614462299132
192,0.035950921948998175
193,0.0036896992697772113
194,0.0017003463670651863
195,0.0016951461367406728
196,0.12592201588397794
197,0.07075532741407528
198,0.001711076440666033
199,0.002620794925397734
200,0.0017270096805043918
201,0.04118545733197556
202,0.0044777799159120306
203,0.06991518827470687
204,0.0017091111240556383
205,0.03931823763987793
206,0.004098707356418919
207,0.002129275815006011
208,0.003814554515037002
209,0.0034912067806391112
210,0.05055955893285371
211,0.08565270759615384
212,0.004093402770972375
213,0.005155612236465735
214,0.055373543227091634
215,0.0017446097859116023
216,0.003824341419650621
217,0.002091548688920516
218,0.0017454777627792975
219,0.0016994494549118324
220,0.0030736464576565686
221,0.11717977796391751
222,0.015231751989924436
223,0.004542668581132076
224,0.0017189870084645881
225,0.0033858934250228048
226,0.04160744889779559
227,0.002549288684433164
228,0.03276424429622815
229,0.04060778798370673
230,0.003978059298104548
231,0.012815814713485635
232,0.03800305404624277
233,0.0017230243100649352
234,0.047683856815511155
235,0.0016909669902395738
236,0.002518287253668763
237,0.0032355240856318367
238,0.003596168400804816
239,0.002626993870318516
240,0.0022217203819864086
241,0.04735722051428571
242,0.0026911963009352033
243,0.002517187916003017
244,0.06826642508090615
245,0.011976637830165391
246,0.09659643596491228
247,0.0658077308681672
248,0.0016944904715020558
249,0.029671458735632192
250,0.022617234026888602
251,0.004642929007085407
252,0.003178641442775545
253,0.01616948898761443
254,0.0016943613158734098
255,0.0037846797287763583
256,0.0016935870994760668
257,0.1283487411764706
258,0.018821248457655638
259,0.001710528365748926
260,0.004303843635799184
261,0.0036164375046638312
262,0.001716868890703785
263,0.01550304858728557
264,0.0031777338159146144
265,0.004967885502811777
266,0.02310309755639098
267,0.028979762415349886
268,0.024901559057164065
269,0.0026714422711111114
270,0.06336399031065088
271,0.10506784637002342
272,0.027791867164179106
273,0.02092406787709497
274,0.019161989732386676
275,0.032234032148972594
276,0.0016896651425030978
277,0.00257591676987135
278,0.07602290298372513
279,0.11863057579365077
280,0.00657932364394791
281,0.003355061430262517
282,0.016722054536187563
283,0.002036327120100608
284,0.032214482284482766
285,0.003372667136379491
286,0.03293019587581095
287,0.004774023872327908
288,0.001688164817134269
289,0.11148276633906634
290,0.05148050504987531
291,0.13365849482248518
292,0.01756959210106383
293,0.003160812832783495
294,0.20658382120535712
295,0.00985800232863234
296,0.004546801075498509
297,0.08055591181818181
298,0.006949045231481483
299,0.0036651313346447753
300,0.0031754222533276993
