1,0.00010014430382389327
2,0.00010714788877282803
3,0.00010425854242965506
4,0.00010897526476797022
5,0.00010900806586703329
6,9.833994358840939e-05
7,0.00010855232784684261
8,0.00010811384035370845
9,0.0001015409152475198
10,9.934733624625069e-05
11,0.00011439661086050888
12,0.00010618026081838898
13,0.00010066948335875558
14,0.00010801559864385254
15,0.001811624877967869
16,0.0017065193824077653
17,0.0016891219699891314
18,0.00010209426763137141
19,0.00010573399407366572
20,0.00010192221948141212
21,0.00010610618193542224
22,0.00010153074958991732
23,0.00010630901598629237
24,0.00010126522436663915
25,9.888844336316448e-05
26,9.845625294077761e-05
27,0.00010702988565454175
28,0.00010352022407261037
29,9.842260502456761e-05
30,9.771224484028864e-05
31,0.00010215988887248409
32,0.0017691698103065362
33,0.003175758991371421
34,0.00010689259141038054
35,0.00010320069790585983
36,0.00010879734850223008
37,0.0034074012527847493
38,0.0017277924193091732
39,0.00010625814616893276
40,0.00010243004958196536
41,0.0018120506540968346
42,9.635503276399185e-05
43,0.001722875407496365
44,9.899339472462601e-05
45,9.982685833348753e-05
46,0.004486577810295201
47,0.00010362802228658606
48,0.00010410794188617878
49,0.006615860332405436
50,0.00010461345409848335
51,0.00210390575554097
52,0.0040578251609128145
53,0.00010471642478678296
54,0.00010431067047299292
55,9.747320073342318e-05
56,0.00454627049241218
57,0.00010993408691626773
58,0.0028612569055846615
59,0.00010422358947932203
60,0.00010265684306631538
61,0.0038774002580849254
62,0.00010126551407633677
63,0.00010751984315542254
64,0.0017955838366657771
65,0.003071071518584521
66,0.00010292168408495905
67,0.00010529349930646602
68,9.934921127088097e-05
69,0.0018289816497136545
70,0.00010650601869575545
71,0.00010258836299898149
72,0.00010155748661294757
73,0.00010098393704607454
74,0.0001092294798430075
75,0.00010560371961798324
76,0.00010901267367834074
77,0.0017738131495025579
78,0.0001005312908946063
79,0.00010236172795001593
80,0.0019076909124101944
81,0.0026772771637150945
82,0.003995161051457833
83,0.00010177343789526942
84,0.00010320257827859536
85,0.0001043378379783875
86,0.0017634854586526104
87,0.0017133168688457355
88,0.00010467505493212429
89,0.00010422472500073848
90,0.00011075905347705838
91,0.0017606704737748564
92,0.0020964286591164515
93,9.76844036608862e-05
94,0.00010095525735925474
95,0.00010160658448375629
96,0.013874947075485134
97,0.001686813770916052
98,0.00010464906969404137
99,0.00010804178982319973
100,9.990894159378278e-05
101,0.00010953039490232624
102,0.00010692096069930662
103,0.00010247553995427472
104,0.0001047237896944473
105,0.0018326205412034116
106,0.00010121242032920698
107,9.959226260101539e-05
108,9.750451396980557e-05
109,0.0024821550188741342
110,0.001738622383401312
111,9.643864442389935e-05
112,0.00010594566175439929
113,0.0018082574237368923
114,0.0017346122809491907
115,0.00010371982865573912
116,0.003469489376426941
117,9.946723721755696e-05
118,0.00010572753582105499
119,0.002573689501573994
120,0.00010051622146572142
121,0.0018188739724729775
122,0.0034479599091689316
123,9.981715040431026e-05
124,0.00010266512222874494
125,0.0001109609156678936
126,0.0021449341416474206
127,0.00010742118038891554
128,0.00010446719232456697
129,0.001756291369970731
130,0.00010508899938707377
131,0.00010527432718113597
132,0.0001022854529769818
133,0.00010212054562446392
134,0.00010111383637651007
135,0.00010298971652173539
136,0.0001021718026772236
137,0.0017844468747231332
138,0.00010619696520137389
139,0.0018029698482834036
140,0.00010270523622820396
141,0.0017706685886160558
142,0.0034187870577396164
143,0.00011523477440446795
144,0.001704735439775313
145,9.868329607274789e-05
146,0.000101778718944656
147,0.0022052863668935866
148,0.0017086593172996698
149,0.00010127173723805771
150,0.0021776308071398526
151,0.0017106162117477303
152,9.85401478208407e-05
153,0.0020784690353070827
154,0.00010058247805783965
155,0.00010520655735233302
156,0.0021628376784679
157,0.0001109714531453132
158,0.00010424470979893655
159,0.00010206699875073622
160,0.002400880276422606
161,0.0016738901153899627
162,0.00011450363172666093
163,0.00010059081234487878
164,0.0029555277836149684
165,0.0001075968385264378
166,0.00011197262755919335
167,0.00010576361834359212
168,0.00011161133451137352
169,0.001802878348834134
170,0.00010587930324053287
171,0.00010394711679273567
172,0.00010563715120300489
173,0.001747902558350231
174,0.0017070705475362624
175,0.0016962366322343595
176,9.708973328997622e-05
177,0.00010095724307301086
178,0.000108684142331671
179,0.001771171727188082
180,0.001703936439923033
181,0.00010216876061673786
182,0.0017167060011396827
183,0.0001098147967262699
184,9.539442606789127e-05
185,0.00010601267502353798
186,0.00010760060879732291
187,9.756143752516956e-05
188,0.0021990905992598777
189,0.0016883906253258717
190,9.954145792623578e-05
191,0.00010449484572997433
192,0.001739465608057478
193,0.003990929088804366
194,0.00010497543847862605
195,0.00010847055455608035
196,9.764897448989154e-05
197,0.0017397505225444651
198,0.00010671912688413369
199,9.821427474329046e-05
200,0.00010151193969296397
201,0.00010489343473689655
202,0.00010901781314903671
203,0.019610671927207633
204,0.00010126262936573219
205,0.0020933911235712747
206,9.768499216148925e-05
207,0.00012013422735387272
208,0.0018374658410951173
209,0.0033152989809922466
210,9.966909465731069e-05
211,0.00010467361758237869
212,0.001847169977298079
213,0.0017104446062163226
214,0.0001001547365470852
215,0.00011121985860074244
216,0.00010657726220023869
217,0.002303983678560152
218,0.001729255110177253
219,0.00010303487963612013
220,0.00010363330958722856
221,0.00010439701532628004
222,0.001759325871464406
223,0.0019332115132102497
224,0.001699041866337166
225,0.0017132638343870354
226,0.00010568109587002249
227,0.0001055875367908697
228,9.808554003217525e-05
229,0.0022535186643835615
230,0.003062081077996196
231,0.001694088924231594
232,0.00010123886576592089
233,0.0027214863863190353
234,9.917984517910207e-05
235,0.00010677150649904113
236,0.00010256289264211066
237,0.001796447748755182
238,0.00010374989295385097
239,9.921559977720287e-05
240,0.00010038871999201176
241,9.942000871510024e-05
242,0.001853348813380672
243,0.003714557802425545
244,0.0016988121897681006
245,0.00010657674750278653
246,0.0001033845513017967
247,0.00010956673697378004
248,0.003409439317187251
249,0.003560170375414495
250,0.0017099247941124935
251,0.00010181463841417974
252,0.004273437775856901
253,0.002056328168655259
254,0.00010986822313917119
255,0.0017336625525472035
256,0.00010698334133783075
257,0.0017955554876413016
258,0.0017372194682675815
259,0.0001009078483490036
260,0.00010383895108070369
261,0.0017616261525475086
262,0.0001050150004464548
263,0.00010058355449926105
264,9.544897475436411e-05
265,0.00010469937698527288
266,0.00010477563758259593
267,0.002402653355747272
268,0.00010005431976680313
269,0.00010138008249705516
270,0.00011487283219905112
271,0.0017716330402709473
272,0.0020776376881835724
273,9.920799279114178e-05
274,0.0017037650494182985
275,0.00010876101488206202
276,0.00010907763001366849
277,0.00010307132159178093
278,9.81181210918134e-05
279,0.004443361477164605
280,0.0024789531121017
281,0.00010722614366218248
282,9.920793037011229e-05
283,0.00010636956788407676
284,9.843731136681042e-05
285,0.0018136965522613966
286,0.001714928589313864
287,0.0001023099167444884
288,9.994036316577678e-05
289,9.879680240777432e-05
290,0.00010524252902623128
291,0.00010339584672718545
292,0.0021936325533598996
293,0.00010841477339873025
294,0.00010167324625555815
295,0.0020345597655164753
296,0.00010508458441749197
297,0.00010237182884600297
298,0.00011071493229462648
299,0.0001014607516088109
300,0.00011036348216709132
