1,0.006884222865483436
2,0.007144137313774925
3,0.007128507696918314
4,0.0071249081255565444
5,0.007134314175677678
6,0.007095558026032335
7,0.00704390464918735
8,0.007042249674390158
9,0.006953305690583611
10,0.006942128161998266
11,0.006927793489884392
12,0.006941753862815884
13,0.006944094051423591
14,0.006938014670226584
15,0.006930800323415265
16,0.006924203099322474
17,0.0068950876604644456
18,0.0069065737189608145
19,0.006887150508377488
20,0.006894041100601893
21,0.00689254122618536
22,0.006888722529757638
23,0.006893322562349232
24,0.0068898002441476385
25,0.006896991762342135
26,0.006896134795321638
27,0.006888956880733946
28,0.0069049678469749395
29,0.006888757079200805
30,0.006887538071029644
31,0.0068918726236559145
32,0.006882725548387097
33,0.006889080453176537
34,0.006896646452168916
35,0.006889689760847773
36,0.006882419095729435
37,0.006882224494043348
38,0.006885701995422686
39,0.006896721770506705
40,0.006885419934031264
41,0.0068787361019854295
42,0.006897065984195403
43,0.006912069131556321
44,0.006900203331900259
45,0.006897521110315185
46,0.006896271252331087
47,0.00689722203961533
48,0.006899544075829384
49,0.006898607567917204
50,0.006906750976310122
51,0.0068966834051724145
52,0.006895287491018824
53,0.006899326939655173
54,0.006898365254237289
55,0.006884319777777779
56,0.006903139137440084
57,0.006888132873364957
58,0.006898337094691535
59,0.0069046991885681475
60,0.0068674018494342915
61,0.006856932476802284
62,0.006860394421570494
63,0.00684719207412687
64,0.006846101299628678
65,0.006847908841594057
66,0.006849361179326098
67,0.006853625486903963
68,0.006851886375321336
69,0.006850422177822178
70,0.006849691594120165
71,0.006846239278585685
72,0.006848754702864473
73,0.006847800271041369
74,0.006849932501070053
75,0.006845588053538375
76,0.006845949436519259
77,0.006854003683083512
78,0.00684219406405694
79,0.006842692245798919
80,0.006841853528153955
81,0.006851654164289789
82,0.006853847213138065
83,0.006840572231710787
84,0.006848374202506407
85,0.006846978822858772
86,0.0067967616951566945
87,0.006799858210436756
88,0.006805832806296086
89,0.006803511196036801
90,0.006804407542318404
91,0.0068006413517338994
92,0.006798851430189748
93,0.006808867312588402
94,0.006808049818104003
95,0.0067960835740583396
96,0.006807486847332575
97,0.006801169289450742
98,0.006794630707714084
99,0.006802204273383329
100,0.006805284900849858
