1,0.005039138154284509
2,0.005041258917835671
3,0.0050726840421030355
4,0.005100141198327914
5,0.0052908475913433645
6,0.005873465606752547
7,0.006061230748129676
8,0.0064290782227868415
9,0.006427027902621723
10,0.006432402554842162
11,0.006421149632352943
12,0.006422883101138646
13,0.006433564322113451
14,0.006367755531987785
15,0.0063120376937220906
16,0.006308865505455502
17,0.006311845213394615
18,0.0063296412297989746
19,0.006337514045618246
20,0.006321296830615465
21,0.006415025102184136
22,0.00654118578967876
23,0.006730552195876287
24,0.006999058133903133
25,0.007162468302414892
26,0.007405989291849523
27,0.0074598543303360165
28,0.007618514249123114
29,0.007624986915813061
30,0.007616139086619637
31,0.007612643890294023
32,0.007618273421368453
33,0.007638340777619726
34,0.007616320755611761
35,0.007620212933080209
36,0.007617865231474165
37,0.007619057959215934
38,0.007619655216566551
39,0.007610381394245969
40,0.00760976383180525
41,0.007622657375869512
42,0.008737011390345327
43,0.008833010089891763
44,0.008830307855902777
45,0.00882677473877177
46,0.008830826666061376
47,0.008835865799596996
48,0.008861831796473181
49,0.008844360473220837
50,0.00883221472420744
51,0.008864384960543217
52,0.008886914154580502
53,0.00886601423725706
54,0.008922100716385013
55,0.008847365246142543
56,0.008849474825239146
57,0.009085737333328599
58,0.009460641811377247
59,0.009749434566403882
60,0.009916616554123183
61,0.009917566013362307
62,0.009971622048790575
63,0.01002709973942047
64,0.010029652733556766
65,0.01010745340171656
66,0.010111450535039866
67,0.010079678234924627
68,0.010088545932950773
69,0.010124037083595225
70,0.010116548845750261
71,0.010115144580970382
72,0.010111239498102068
73,0.010084063477624425
74,0.010090753404567358
75,0.010087535796525016
76,0.010153371183868169
77,0.010430661389124213
78,0.011155854799326029
79,0.011213771088672237
80,0.011246881036088474
81,0.01129190215305406
82,0.011307266373858045
83,0.011331886754413118
84,0.011361937630402384
85,0.01135846523827115
86,0.011355608511638846
87,0.011362503708500117
88,0.011358328484422581
89,0.01136293562587576
90,0.01139276456219023
91,0.011358443945450271
92,0.01135978611764706
93,0.012272234807116426
94,0.012361310156050142
95,0.012588235068992449
96,0.01273964649076517
97,0.012819437377353488
98,0.013534487181996086
99,0.013610434109572748
100,0.013828211111111113
