1,0.00507251380097706
2,0.005072368938268986
3,0.005096518417837508
4,0.0051109466247200586
5,0.0058114432415976615
6,0.006074302219869037
7,0.0064255212792369
8,0.006428592962170833
9,0.00643560258185586
10,0.006433644411725339
11,0.0064407199757869245
12,0.0064302134025452104
13,0.006345829182337372
14,0.0063191112958338805
15,0.0063342888097123245
16,0.006316580746484427
17,0.006323110859847489
18,0.006350287858180377
19,0.006517431393931184
20,0.0068135078733927434
21,0.007030780610912261
22,0.007246098569210292
23,0.007467277238803498
24,0.007517890543451458
25,0.007605416798294108
26,0.007611020439456211
27,0.007610417838521094
28,0.007615072451799281
29,0.007610744539276117
30,0.007626876564622559
31,0.007654602706057596
32,0.007622165891980137
33,0.0076178584295429385
34,0.00762170214985773
35,0.0076210873083609925
36,0.0076240134867900655
37,0.008836061922230375
38,0.008842221313427366
39,0.008866073397790055
40,0.008846138395810364
41,0.008849393332112111
42,0.008844376790571172
43,0.008850085236332574
44,0.008847710762396101
45,0.008837245141180785
46,0.008865877328288708
47,0.008856875000000002
48,0.008867229689017452
49,0.008940895648148149
50,0.009370230514189006
51,0.009782469715224845
52,0.009945542808912348
53,0.009966730588235294
54,0.010019224579439252
55,0.0101107309903483
56,0.010116913210526315
57,0.010085423488177443
58,0.010091361094432835
59,0.010088030175658718
60,0.010097366841072599
61,0.01008957548238255
62,0.010126210325630252
63,0.010130206762165578
64,0.010133268126444024
65,0.010132335751840168
66,0.010127769249369218
67,0.010845030033557048
68,0.01114758310399278
69,0.01122181386175426
70,0.011245448831502686
71,0.011273794985941893
72,0.01132918998354103
73,0.011410698582900329
74,0.011393314107100731
75,0.011396777987718472
76,0.011362851045828438
77,0.011368292650176675
78,0.011397242607463392
79,0.011370187888418079
80,0.011370527983490569
81,0.012296539243890021
82,0.012583970747590519
83,0.012651006497777001
84,0.012722308072162233
85,0.013459348123957752
86,0.013592616746394804
87,0.013898403889899909
88,0.013972490092432118
89,0.015125769111667187
90,0.015313428172335022
91,0.01599875667327387
92,0.016391705659098612
93,0.017321206667858424
94,0.017677567475447718
95,0.017714415360673745
96,0.0183533669389301
97,0.018943781755915316
98,0.018965999745197963
99,0.019298838196656055
100,0.0194657459437751
