1,0.006006525538362347
2,0.007082350874565875
3,0.0070465239694586955
4,0.007296556860330829
5,0.007297189544895449
6,0.0073032442870201095
7,0.007296616805813236
8,0.007312213440473742
9,0.007314785445790618
10,0.007349370473208239
11,0.007319652515479877
12,0.007310249605385329
13,0.007319515418574806
14,0.007313559813156268
15,0.007308852160493827
16,0.0073142715613675755
17,0.007316092528558198
18,0.007308126044844416
19,0.0073653456498306135
20,0.00728497962934832
21,0.007307451831942282
22,0.007328091892436964
23,0.007387530225311401
24,0.007378188216632209
25,0.007127028316769205
26,0.006930891144822561
27,0.006908205725135096
28,0.006951772347243179
29,0.006986829322207583
30,0.006954374737645243
31,0.006939239548850154
32,0.006931712510987401
33,0.006931459345106696
34,0.006921191263967495
35,0.0069332770623145405
36,0.006974659420155317
37,0.006974403447508532
38,0.006980757822741523
39,0.007120415703063737
40,0.007124251247557492
41,0.007150313619177254
42,0.00723234154597611
43,0.0068057436294868
44,0.006897566972871942
45,0.007061690682603686
46,0.007151919901343914
47,0.007316972493537129
48,0.007415643330784937
49,0.007472314529456771
50,0.007611791462644134
51,0.0076230805748578635
52,0.007618406609547123
53,0.007618267880061777
54,0.007617697518844222
55,0.007618895670995673
56,0.0076132332121403735
57,0.007624274118257943
58,0.00761805274943432
59,0.0076127289677521345
60,0.007617765737861755
61,0.0076219125276352035
62,0.007616901572873853
63,0.007617314025932953
64,0.007617258831908833
65,0.007617726598607155
66,0.007617554513120455
67,0.00761901758544892
68,0.007617806093700539
69,0.007617241060701866
70,0.007616356676158835
71,0.00761771376805764
72,0.007617036440263865
73,0.007618432943223152
74,0.007620576392845836
75,0.00873932253243732
76,0.00882496142099488
77,0.00883593980003669
78,0.008842050843881857
79,0.008847480998474119
80,0.008855617348573248
81,0.008846518049944916
82,0.008849050523512125
83,0.008847764891663607
84,0.008864059447513813
85,0.00886782404608295
86,0.008871775662935712
87,0.008868265529953918
88,0.00886935110578695
89,0.008868298423381892
90,0.008868062885076555
91,0.008869925852848976
92,0.00887104265573166
93,0.008921454849714183
94,0.00887384194484324
95,0.00886844679734953
96,0.00886895871086556
97,0.00886927799188641
98,0.008869412161664519
99,0.008900810796607043
100,0.008852785464902608
