1,0.01319624450383772
2,0.014945602641392169
3,0.016474851499745806
4,0.018329988938753962
5,0.01920942658565501
6,0.021222964745145633
7,0.0237347327297116
8,0.02416796645326505
9,0.026093205403508773
10,0.030174820766283524
11,0.030989273453815254
12,0.03239706677631579
13,0.03422962070619006
14,0.035629503633854656
15,0.037833322307692305
16,0.039950858082329316
17,0.04209860594871795
18,0.04375978591772152
19,0.04578259539473684
20,0.04751526617312073
21,0.04905818468786809
22,0.05117559915458937
23,0.05283580627376425
24,0.05443631527061856
25,0.055530898002577316
26,0.05727679714095745
27,0.05892382184065935
28,0.06103666963534361
29,0.06291132030567685
30,0.06458419609609609
31,0.06570173353293413
32,0.06797334758566977
33,0.06905484692913384
34,0.07116044781553398
35,0.07254768717532467
36,0.0741724325
37,0.07585231959459458
38,0.07752299955908291
39,0.0792756972875226
40,0.08091441999999999
41,0.08264559775700935
42,0.08488477586206897
43,0.08654203832684824
44,0.08821589575757577
45,0.08992743569979716
46,0.09161576516393444
47,0.09294338216494845
48,0.09503264595744682
49,0.09618030781584583
50,0.09842815560344825
51,0.1000661302863436
52,0.10174373795045046
53,0.10343312678983832
54,0.1051271174473068
55,0.10627734801401868
56,0.1084992027251185
57,0.11022550122249389
58,0.1119154889563107
59,0.11358097200557103
60,0.11521206081424935
61,0.11700787813299232
62,0.11872976567357514
63,0.12035898459530024
64,0.12200423826666666
65,0.1232327332439678
66,0.12543375463215256
67,0.12712759433701656
68,0.1288654836619718
69,0.13056979885386819
70,0.13227624302325583
71,0.13332457182080928
72,0.13556772813411078
73,0.1372054507440476
74,0.13907736148036257
75,0.14069792712121212
76,0.14184268885448914
77,0.14403817912772585
78,0.14570732987421386
79,0.1468307111821086
80,0.14908198958333335
81,0.15021837836065574
82,0.1524908615131579
83,0.15419015433333336
84,0.15592666207482994
85,0.15758011105442177
86,0.15867512542955325
87,0.16050477629757784
88,0.16272061041666666
89,0.16384944632867132
90,0.16608578691756273
91,0.16777852634408605
92,0.16885032836363636
93,0.17119901145454544
94,0.17224654575645754
95,0.17453484850746268
96,0.1761519911320755
97,0.1772899255725191
98,0.17898797366412217
99,0.18062282344961242
100,0.18243865406976742
