1,0.011597964199176157
2,0.01255454817898023
3,0.013200894987757656
4,0.015605812751842757
5,0.01554051358851675
6,0.01715455179843305
7,0.018468840083333337
8,0.021329474379164142
9,0.022476070892169447
10,0.023575679715420253
11,0.024426582365145222
12,0.02568017461069736
13,0.026530522025495745
14,0.02797819867223065
15,0.029907215535444946
16,0.031138139334402563
17,0.03227615041390728
18,0.03326173167938932
19,0.03389002222707423
20,0.03588882259259259
21,0.03705950816135084
22,0.03835008092734225
23,0.039725766617210674
24,0.04101791724137931
25,0.04207980897849462
26,0.043297075683709864
27,0.044714500937155455
28,0.04577801814159292
29,0.04646384240867579
30,0.04758491660899654
31,0.04987954948979591
32,0.05125072374541004
33,0.051942218142144635
34,0.0538601861430396
35,0.05607694050131927
36,0.057341716239892176
37,0.058104843528610346
38,0.06011422681365576
39,0.06117834909638554
40,0.062450779078014176
41,0.0636931494845361
42,0.06512119598484849
43,0.06640507616822429
44,0.0668311168992248
45,0.06875987011128777
46,0.07028098102893891
47,0.07153337536945813
48,0.07267421196498054
49,0.07382284628378377
50,0.07509857671821306
51,0.07644467653778558
52,0.07762304818024263
53,0.07909097967914439
54,0.07965031380866427
55,0.08164901593001841
56,0.08291656519699814
57,0.083473590037594
58,0.08517237203065135
59,0.08643319530651342
60,0.08747275355731224
61,0.08902014431137725
62,0.09027120436105476
63,0.09143918809523809
64,0.09301927819706497
65,0.0939778433747412
66,0.09503780334051724
67,0.09624791946236559
68,0.09787970130151845
69,0.09831523107221009
70,0.10025573024553572
71,0.10199226192660552
72,0.10280033892694063
73,0.10342940367816093
74,0.10527960597701148
75,0.10615655953488372
76,0.10842697325301204
77,0.1095388662195122
78,0.11009470351941748
79,0.11218225173267325
80,0.11252399195544556
81,0.11389852293233081
82,0.11545981272264633
83,0.11655263286802031
84,0.11774002371134022
85,0.11959170538057742
86,0.12047105317460317
87,0.12163067840000001
88,0.12309852241847825
89,0.12432966315068496
90,0.1255379390410959
91,0.12692648000000004
92,0.12762153830083567
93,0.12933240784313726
94,0.1306224875
95,0.13199396585014408
96,0.13313933706395348
97,0.13440956814159294
98,0.1350523733038348
99,0.13693920059880238
100,0.13816140690690693
