1,0.012463396892210857
2,0.013521549688208614
3,0.013564992743065284
4,0.014249820586843348
5,0.014386312369420706
6,0.015933826167265262
7,0.016564422095435686
8,0.015958419834503513
9,0.017682433047566372
10,0.017931375448487955
11,0.018621838749999998
12,0.019436043013225993
13,0.020687891452480574
14,0.021042910271084337
15,0.021958572587719296
16,0.023215981034482757
17,0.024430805247326205
18,0.02527961699324324
19,0.025954883201722907
20,0.02608514763513514
21,0.0271957234738372
22,0.028046955677655677
23,0.028837993942731278
24,0.02985621527777778
25,0.030394302517702598
26,0.031078706077795774
27,0.030952672480314955
28,0.03206071731565866
29,0.0329537759966073
30,0.03406773206474191
31,0.03424303095854922
32,0.034878978074141045
33,0.03564485532490975
34,0.03640071645396536
35,0.03718075053022269
36,0.038577855250481685
37,0.03874001009708738
38,0.03997815819755601
39,0.04074141456422019
40,0.04157646922279793
41,0.0417882021363174
42,0.04307628915975104
43,0.043160450105932203
44,0.04449273616216217
45,0.04527935589189189
46,0.04544432974330356
47,0.046796511679644055
48,0.046846809819413096
49,0.048164047337962965
50,0.04839735227790433
51,0.049202282965116285
52,0.04991553060859188
53,0.05073373842424243
54,0.05151737854523227
55,0.05284675551330799
56,0.053100080618686867
57,0.054312974081364825
58,0.054456728112965334
59,0.05580349663072777
60,0.05669478865435357
61,0.05739487192622952
62,0.0573712249665328
63,0.05818354986263735
64,0.05888403593964335
65,0.05965417325905292
66,0.06036767998585574
67,0.06177688636363636
68,0.06268279067055395
69,0.06342448381924198
70,0.06414760944350759
71,0.06512117980332831
72,0.0658577067381317
73,0.06688983052550233
74,0.06784030718749998
75,0.06870667773375595
76,0.06910289889589905
77,0.07042426221682849
78,0.07216997298850573
79,0.07315816583333333
80,0.0735570159966499
81,0.0744006161641541
82,0.075385826779661
83,0.0766776784364261
84,0.07687330606585789
85,0.07833845061511423
86,0.07920985635593222
87,0.07986573649635038
88,0.08065829458483754
89,0.0814773561694291
90,0.08229951813186814
91,0.08306827877094972
92,0.08377307099236642
93,0.08403314841713222
94,0.08478510795019158
95,0.08620200761078997
96,0.0870366507707129
97,0.08778418553149607
98,0.0885164007014028
99,0.08931268402777777
100,0.09011224979797981
