1,0.013251179838488912
2,0.015145589392981346
3,0.01776206758565311
4,0.019438591501650167
5,0.020786364786223283
6,0.024078945348035834
7,0.026039177573794092
8,0.029477803917765704
9,0.031737387561983466
10,0.03365697701863354
11,0.03569094761045987
12,0.03828768721374046
13,0.04100159598393575
14,0.043123005415352265
15,0.045601029550691244
16,0.047820433793103446
17,0.050287685843373495
18,0.052417892195121954
19,0.05430711181001283
20,0.05723264081491712
21,0.059870823163841805
22,0.062487497312588396
23,0.0643098114008942
24,0.06659242507692309
25,0.06886550351437701
26,0.07182990619902122
27,0.07412255145299146
28,0.0763360670710572
29,0.07867120486111111
30,0.08096419989898991
31,0.0826735087962963
32,0.08559354500000001
33,0.08743015677799607
34,0.09009853706720977
35,0.0923856475409836
36,0.09473730796645702
37,0.09708678300865801
38,0.09933443779956429
39,0.10160329405829596
40,0.10396390131233596
41,0.10621854158878506
42,0.10864233042959429
43,0.11079741486486486
44,0.11307462144886363
45,0.1154373547381546
46,0.11772084677835054
47,0.12003204225721789
48,0.12175847634408601
49,0.12405934783783784
50,0.12639860319444446
51,0.12861062741477272
52,0.1309614233802817
53,0.1341705882947977
54,0.13604748592814372
55,0.13797733963963965
56,0.14014596794478526
57,0.1424342753894081
58,0.1453026686851211
59,0.14700174616613415
60,0.14986060582524274
61,0.1516098963934426
62,0.15447769768211922
63,0.15619236952861953
64,0.1589982587628866
65,0.16134873472222222
66,0.16305977640845068
67,0.16536551725978646
68,0.16826341014492752
69,0.16996346999999998
70,0.1728683583673469
71,0.17512632706766917
72,0.1774381174180328
73,0.1797002406976744
74,0.1821990719844358
75,0.18379376653696497
76,0.18667493080000003
77,0.18894711081632654
78,0.19125226475409834
79,0.19357732128099178
80,0.1958566562761506
81,0.1981662514767933
82,0.1998384700854701
83,0.20208354017094018
84,0.20445177816593887
85,0.20735294092920353
86,0.20964657466367714
87,0.21134362511312213
88,0.21423023727272728
89,0.2165143314814815
90,0.2188382183098592
91,0.221102053286385
92,0.2233345606635071
93,0.22581293000000005
94,0.22752264903381642
95,0.23029656951219513
96,0.23203687093596065
97,0.2349172708542713
98,0.2372289542713568
99,0.23946501472081214
100,0.24121709536082478
