1,0.013149377082191781
2,0.016248703404825735
3,0.019465109269988415
4,0.022498103140703513
5,0.02498458165954416
6,0.028232009073935773
7,0.03149760436
8,0.03431990269886364
9,0.037249809469696964
10,0.040186681505483546
11,0.043180810620399586
12,0.04618167233223323
13,0.04935436538004751
14,0.0525962114622057
15,0.056906517428571425
16,0.06004565619891008
17,0.06300458582966226
18,0.06555554344879519
19,0.06909756329704511
20,0.07161431489361703
21,0.07521092149805447
22,0.07822920638489209
23,0.08133593643911441
24,0.08375617807183364
25,0.0874283230919765
26,0.09035325502008032
27,0.09348377849576271
28,0.09655077521276596
29,0.09954578662280704
30,0.10264365
31,0.10565246655172411
32,0.10874045864661652
33,0.11168486150990098
34,0.11465339949109415
35,0.11778227287917739
36,0.12023404749999998
37,0.12390887907608698
38,0.12692251041666666
39,0.12997820455840456
40,0.13304632965616045
41,0.13604756726190476
42,0.13908070958083835
43,0.14209845820433437
44,0.14516282090301003
45,0.14770321634920636
46,0.1512663539473684
47,0.1543049802675585
48,0.15737128894557825
49,0.15976161903114186
50,0.1628264815140845
51,0.16640714028776976
52,0.16889306036363638
53,0.17255518185185184
54,0.17559985075471696
55,0.1779913663498099
56,0.1811290426356589
57,0.1841370029527559
58,0.18778228643724698
59,0.19018059569672133
60,0.19383143904958677
61,0.1968511732217573
62,0.19932086709401708
63,0.2023001661637931
64,0.20570354781659392
65,0.2089993639380531
66,0.2114571698660714
67,0.21508909204545454
68,0.21754337453703704
69,0.22054915069767445
70,0.22368412547619052
71,0.22727003792270534
72,0.22977450926829268
73,0.23337766732673268
74,0.23584976064356442
75,0.2394499263819096
76,0.2424732574358974
77,0.24555153151041667
78,0.24857763815789474
79,0.2510035031746032
80,0.25400252715053767
81,0.25704771983695646
82,0.26070368287292817
83,0.2636954695530726
84,0.26673655932203394
85,0.2698152400568182
86,0.2722819810344828
87,0.27593235809248556
88,0.2784327038011695
89,0.2814432107142857
90,0.28509171837349395
91,0.28814793212121215
92,0.29058709666666666
93,0.2936414453416149
94,0.29724798499999994
95,0.30034555284810127
96,0.30331834583333334
97,0.3062551632258065
98,0.308778198366013
99,0.312389933881579
100,0.315464759868421
