1,14.691234
2,16.958583
3,20.138929
4,23.02039
5,24.740297
6,29.862324
7,33.016324
8,36.85421
9,40.280851
10,41.61659
11,48.854511
12,51.586329
13,56.242143
14,58.998347
15,60.37
16,66.916834
17,70.429162
18,67.491231
19,72.346737
20,78.986736
21,86.518007
22,89.324245
23,93.901558
24,96.297466
25,97.931199
26,105.03145
27,87.235339
28,82.131969
29,90.29453
30,116.601793
31,84.739866
32,95.643601
33,120.801771
34,90.28666
35,96.497164
36,100.658124
37,93.534552
38,101.509756
39,102.991646
40,100.35667
41,134.995605
42,109.173309
43,141.942048
44,97.732686
45,123.922667
46,102.128276
47,115.154588
48,142.900396
49,140.124382
50,133.208959
51,122.358726
52,145.859415
53,145.91066
54,126.27874899999999
55,126.753017
56,122.116653
57,114.600204
58,147.793494
59,129.639269
60,112.707548
61,153.163297
62,116.268265
63,137.019895
64,146.672004
65,121.244377
66,124.932013
67,134.28809
68,150.583284
69,129.046425
70,131.007593
71,134.009446
72,135.730391
73,161.135333
74,139.24969
75,160.181245
76,153.467199
77,165.800258
78,166.619593
79,163.867203
80,150.306636
81,170.307144
82,162.307266
83,166.156468
84,173.695321
85,161.967775
86,161.687775
87,162.273892
88,165.888714
89,174.276536
90,171.181039
91,171.528683
92,183.207829
93,179.740329
94,175.892354
95,181.909002
96,180.734451
97,181.747767
98,184.812255
99,185.36995
100,191.898754
101,188.933764
102,193.071865
103,199.719644
104,195.074126
105,195.917627
106,199.132311
107,207.032254
108,207.849238
109,203.175606
110,206.094028
111,207.576878
112,211.773629
113,214.070353
114,220.529698
115,214.812395
116,223.252568
117,220.246749
118,224.278497
119,227.762188
120,227.096328
121,227.612231
122,229.26767
123,231.072388
124,232.519984
125,234.236318
126,237.705206
127,238.380839
128,242.236814
