1,23.293835
2,38.066391
3,54.744403
4,70.312524
5,83.451642
6,103.687538
7,86.883243
8,135.302896
9,94.814739
10,117.088534
11,118.572689
12,145.374663
13,128.160022
14,145.757493
15,144.688683
16,122.285152
17,130.227133
18,161.557986
19,145.509617
20,152.678529
21,170.813142
22,168.818312
23,183.533745
24,184.231769
25,190.503256
26,199.482113
27,205.982873
28,216.07176
29,222.903282
30,232.329146
31,238.489039
32,247.831388
33,254.86282300000002
34,262.855248
35,267.045225
36,277.416183
37,285.170825
38,292.816238
39,299.368111
40,308.598402
41,316.127362
42,323.442644
43,329.467868
44,339.381266
45,344.736237
46,355.173441
47,361.494516
48,370.506685
49,375.29775
50,384.894377
51,392.473579
52,400.997242
53,409.988826
54,417.464645
55,424.081441
56,434.919481
57,440.860594
58,449.736311
59,455.09685
60,464.790665
61,472.919034
62,480.246902
63,485.420613
64,497.581218
65,502.97790900000007
66,510.7500580000001
67,517.917568
68,529.227537
69,534.114904
70,543.742882
71,549.800551
72,560.98271
73,566.349883
74,579.446043
75,584.565437
76,593.130172
77,597.44649
78,606.136387
79,614.521384
80,627.420499
81,630.783404
82,641.610262
83,648.015541
84,653.744851
85,662.909412
86,671.053612
87,679.431373
88,691.078244
89,695.810999
90,702.949911
91,709.479914
92,719.645272
93,722.416039
94,734.95363
95,741.021017
96,750.468652
97,757.392383
98,763.884436
99,770.59867
100,782.281538
101,788.985794
102,797.086273
103,800.678677
104,812.843379
105,820.272932
106,830.521878
107,835.289367
108,846.966056
109,849.00004
110,858.381049
111,865.951838
112,877.813327
113,883.485032
114,890.849238
115,891.52648
116,907.302614
117,911.507737
118,923.252227
119,928.062746
120,939.676945
121,943.383774
122,952.002917
123,958.427778
124,966.563651
125,977.418159
126,983.124449
127,987.964081
128,1002.5788790000001
