1,13.335101
2,15.543487
3,18.034411
4,21.559535
5,22.940907
6,28.185878
7,32.118246
8,35.234507
9,38.955843
10,40.418023
11,46.571028
12,50.548038
13,54.129073
14,58.062208
15,59.250798
16,65.222194
17,67.00746
18,64.132461
19,76.17988
20,71.749724
21,83.795952
22,74.870899
23,79.128912
24,73.83266
25,80.370031
26,96.434349
27,90.930871
28,109.621346
29,113.01819
30,83.872346
31,114.129991
32,110.219312
33,127.739451
34,99.944421
35,96.177055
36,107.093678
37,89.557429
38,115.160407
39,88.013391
40,118.183314
41,143.457955
42,119.767327
43,127.10671
44,91.250045
45,103.200018
46,92.096171
47,135.733283
48,119.750988
49,133.663467
50,103.490287
51,124.276908
52,128.429103
53,97.044557
54,141.968411
55,120.380153
56,140.886095
57,102.105655
58,109.669717
59,104.137888
60,119.839526
61,145.36994
62,150.404222
63,133.522355
64,131.61509
65,126.66334900000001
66,147.88876
67,120.154956
68,138.471667
69,149.902593
70,125.85224600000001
71,132.149284
72,157.661372
73,130.671319
74,130.626214
75,133.393603
76,138.307782
77,137.734045
78,139.140929
79,158.42607
80,143.089907
81,144.899777
82,146.59168
83,146.8375
84,149.170322
85,150.707353
86,153.755979
87,155.383585
88,157.48385
89,158.604592
90,175.05327
91,173.633119
92,178.792989
93,166.461848
94,180.917842
95,179.890641
96,175.4119
97,173.124593
98,174.424478
99,184.900086
100,178.763264
101,181.19583
102,183.338198
103,185.343948
104,185.358059
105,195.340091
106,188.571946
107,191.029284
108,201.042275
109,198.521008
110,203.831088
111,199.907556
112,201.742617
113,202.157512
114,201.797412
115,208.259247
116,207.760621
117,212.899488
118,210.77514
119,213.829347
120,215.283225
121,217.780402
122,219.030825
123,222.85827
124,222.429669
125,222.950107
126,224.903082
127,226.955745
128,229.388977
