1,21.845509
2,23.065046
3,25.403073
4,27.698451
5,28.98938
6,33.17339
7,36.810504
8,40.732074
9,44.311085
10,45.419321
11,54.167371
12,56.12243
13,59.91211
14,63.750310000000006
15,59.711529
16,70.401416
17,73.32485
18,67.086436
19,80.744329
20,68.337397
21,92.397785
22,94.484072
23,98.814918
24,86.085204
25,102.143609
26,85.484652
27,107.415896
28,116.890576
29,83.524846
30,90.376233
31,93.29081
32,84.295645
33,93.009236
34,134.897806
35,95.456836
36,110.661061
37,86.818712
38,93.956874
39,140.31308
40,112.678461
41,93.791522
42,128.285524
43,137.134793
44,138.410198
45,99.118891
46,89.144951
47,124.619279
48,107.396489
49,103.161672
50,114.990535
51,122.455185
52,131.563097
53,112.954883
54,146.812622
55,98.044781
56,139.943073
57,102.166392
58,117.4822
59,132.418175
60,107.981298
61,146.229872
62,110.219746
63,115.269777
64,113.840014
65,115.814425
66,152.290365
67,118.865391
68,120.025196
69,147.589745
70,135.089557
71,156.465509
72,146.213175
73,156.879065
74,156.693777
75,137.591724
76,133.520493
77,134.445095
78,136.434845
79,161.214737
80,138.427012
81,164.323175
82,166.074299
83,146.367315
84,149.471564
85,150.517707
86,152.469
87,153.965373
88,155.910807
89,167.685501
90,155.891122
91,161.061985
92,161.847135
93,164.663096
94,167.471874
95,176.357609
96,179.271363
97,170.897664
98,171.923256
99,178.015636
100,175.05419
101,178.073066
102,186.854291
103,189.498715
104,190.91243
105,185.68451
106,186.503845
107,194.477607
108,189.893865
109,190.922989
110,192.624857
111,195.183263
112,196.052868
113,205.046103
114,200.369508
115,207.046109
116,203.316057
117,204.778568
118,209.031919
119,206.935214
120,209.229313
121,218.064907
122,214.942275
123,215.356146
124,218.798864
125,218.566973
126,223.39929
127,224.457091
128,228.044431
