1,80.404749
2,101.959409
3,140.745787
4,113.00195
5,159.345567
6,156.197058
7,188.278375
8,212.297132
9,235.180401
10,260.950455
11,288.946113
12,312.263645
13,341.50496
14,365.710444
15,391.754169
16,417.471202
17,442.871016
18,468.875841
19,495.343472
20,519.638969
21,546.982423
22,574.921742
23,598.175013
24,625.395929
25,650.684644
26,678.123748
27,702.466223
28,729.575847
29,758.274757
30,778.614687
31,807.817306
32,834.051064
33,861.449338
34,887.153079
35,910.48833
36,938.273871
37,965.747165
38,991.28924
39,1016.4385810000001
40,1043.884076
41,1074.743351
42,1097.631262
43,1122.961923
44,1150.667516
45,1175.757113
46,1203.794297
47,1233.408849
48,1255.885757
49,1281.729034
50,1308.004692
51,1338.522518
52,1363.106109
53,1388.385438
54,1418.623589
55,1445.045724
56,1472.549503
57,1498.577256
58,1525.923662
59,1551.481265
60,1581.269032
61,1610.77975
62,1638.070711
63,1662.791439
64,1691.802732
65,1718.749232
66,1744.087119
67,1773.456656
68,1795.931625
69,1825.105917
70,1852.611851
71,1879.693131
72,1904.822437
73,1929.528825
74,1957.764268
75,1983.415589
76,2003.9212690000002
77,2027.811496
78,2053.310921
79,2074.673446
80,2099.374872
81,2126.335225
82,2150.563044
83,2169.814823
84,2196.093156
85,2223.497957
86,2248.661942
87,2275.714651
88,2299.148397
89,2325.688763
90,2348.25038
91,2380.546443
92,2403.196614
93,2431.334489
94,2457.887017
95,2481.777509
96,2509.072491
97,2534.539458
98,2560.171367
99,2586.75847
100,2608.556629
101,2639.269798
102,2667.728197
103,2692.900797
104,2717.205085
105,2743.361386
106,2771.84778
107,2798.944037
108,2824.244385
109,2849.805296
110,2875.694667
111,2906.122435
112,2929.265254
113,2954.811244
114,2980.850157
115,3006.86187
116,3038.770505
117,3064.929801
118,3087.495427
119,3112.403888
120,3136.458933
121,3160.748532
122,3191.282323
123,3216.514313
124,3243.971374
125,3273.173508
126,3294.505392
127,3319.246489
128,3351.993697
