1,9.3696275
2,9.6111195
3,9.9499835
4,10.19166
5,10.417963
6,11.359764
7,11.771895
8,12.122972
9,12.473456
10,12.709757
11,14.059986
12,14.648167
13,15.000284
14,15.266611
15,15.603465
16,16.703975
17,17.207371
18,18.486779
19,18.72492
20,18.872555
21,22.336372
22,22.91899
23,23.269059
24,23.558424
25,23.837892
26,25.100709
27,25.463219
28,25.913941
29,26.219339
30,26.49975
31,29.033157
32,29.512118
33,29.971311
34,30.321791
35,30.580692
36,31.831410999999996
37,32.14006
38,32.558428
39,32.884145
40,33.161095
41,38.085227
42,39.006192
43,39.7632
44,40.20889
45,40.536311
46,41.996451
47,42.319612
48,42.78848
49,43.124618
50,43.388837
51,44.765719
52,45.179612
53,45.661039
54,46.020502
55,46.356334
56,47.492019
57,47.851209
58,48.362032
59,48.221445
60,49.108528
61,53.258705
62,53.950444
63,54.724669
64,55.306555
65,55.785266
66,56.291389
67,57.456507
68,58.049121
69,58.4179
70,58.685058
71,59.886121
72,57.80329
73,60.918019
74,61.246551
75,61.582197
76,62.723732000000005
77,63.100617
78,63.777969000000006
79,64.098528
80,64.433829
81,68.785023
82,69.276321
83,70.001515
84,70.7489
85,71.11113
86,72.478617
87,65.339843
88,73.525539
89,73.872961
90,66.463243
91,75.42427
92,67.718107
93,76.535832
94,76.921378
95,77.266879
96,79.436818
97,78.667507
98,69.652289
99,71.270134
100,79.996263
101,84.357613
102,84.9196
103,85.723202
104,86.196978
105,81.368014
106,88.216569
107,88.647672
108,89.299186
109,89.615726
110,90.191001
111,91.423666
112,77.148957
113,76.691799
114,92.713395
115,90.797916
116,79.835799
117,90.601936
118,94.465261
119,87.974429
120,80.481184
121,100.252123
122,82.556055
123,101.177425
124,83.414131
125,96.674505
126,104.065332
127,82.846145
128,84.982495
