1,22.503144
2,23.571996
3,25.114037
4,27.115946
5,28.218529
6,31.380977000000005
7,33.967629
8,36.995032
9,39.979212
10,41.287127
11,47.132205
12,48.96778
13,52.515087
14,55.557079
15,55.910886
16,62.057311
17,60.450931
18,68.264089
19,72.088392
20,72.517103
21,68.82888
22,81.734146
23,70.341834
24,71.450015
25,88.470562
26,94.519855
27,82.022979
28,101.340749
29,87.317982
30,104.209031
31,84.084292
32,115.536603
33,89.550531
34,113.278087
35,111.108631
36,82.984515
37,106.156234
38,106.075905
39,93.400461
40,92.034783
41,140.796608
42,102.842187
43,102.054971
44,122.79741
45,121.640768
46,142.28257
47,106.114181
48,116.914463
49,115.209291
50,111.075258
51,117.703364
52,106.343735
53,142.708535
54,115.922269
55,144.343265
56,122.628173
57,116.374681
58,91.149285
59,114.344126
60,142.929014
61,127.43917799999998
62,121.240287
63,145.602284
64,146.318431
65,96.230038
66,121.098225
67,146.964835
68,120.700094
69,105.632384
70,146.458703
71,106.232965
72,138.590731
73,125.45905500000002
74,114.322292
75,110.724121
76,147.697509
77,116.573934
78,143.537152
79,114.731521
80,115.704317
81,146.986627
82,152.831883
83,151.736728
84,145.65691
85,153.371424
86,151.368357
87,150.468427
88,129.497472
89,130.273606
90,131.42173
91,135.016558
92,136.724843
93,137.821903
94,162.076281
95,143.727883
96,157.853047
97,160.528356
98,143.570656
99,165.887692
100,152.824234
101,150.380897
102,151.438886
103,170.586208
104,153.580147
105,159.405884
106,173.360492
107,174.509767
108,159.241441
109,159.825644
110,171.07057
111,164.017383
112,165.528411
113,166.743514
114,174.67549
115,167.893017
116,180.933041
117,172.883568
118,177.267471
119,183.674484
120,174.226594
121,180.475143
122,191.327165
123,184.753077
124,184.488422
125,186.376639
126,188.27462
127,189.935337
128,196.875519
