1,14.260111
2,16.676659
3,20.747215
4,23.934444
5,25.347708
6,32.880209
7,36.132479
8,41.985706
9,45.399952
10,46.495762
11,55.3702
12,58.42797
13,64.98862
14,62.87530399999999
15,69.276049
16,77.177633
17,67.882588
18,86.762764
19,72.226657
20,91.221296
21,81.4899
22,91.221504
23,110.351274
24,113.23148
25,97.592285
26,80.652577
27,126.35029899999999
28,132.263741
29,100.174029
30,87.071982
31,113.059555
32,103.777317
33,141.992101
34,112.517534
35,142.72365
36,88.499092
37,100.274572
38,107.843721
39,95.578922
40,102.591642
41,90.392809
42,103.952611
43,91.44139
44,98.727145
45,144.876634
46,94.642534
47,135.340105
48,98.590246
49,105.073006
50,128.801785
51,141.560961
52,102.553765
53,119.77631
54,141.045305
55,107.270471
56,149.050953
57,139.168879
58,113.660263
59,120.122049
60,115.571574
61,120.307806
62,134.82856
63,123.669095
64,125.20704899999998
65,137.421591
66,129.088903
67,130.52626
68,157.075593
69,157.386038
70,134.475977
71,138.701292
72,160.663999
73,138.310427
74,144.306905
75,144.910646
76,148.373489
77,165.564933
78,162.376123
79,149.87383
80,154.423588
81,160.548837
82,162.066933
83,164.069194
84,175.266015
85,166.66541
86,167.476343
87,177.13644
88,179.710761
89,179.055545
90,174.298584
91,175.429557
92,186.924102
93,185.927839
94,181.293621
95,187.23971
96,184.755043
97,186.217502
98,186.608783
99,186.992981
100,189.412394
101,193.669005
102,195.964503
103,198.170905
104,197.939675
105,202.419234
106,204.830603
107,206.977815
108,208.44983
109,209.37829
110,211.227891
111,216.176749
112,215.610493
113,216.858574
114,218.305988
115,221.219678
116,221.123888
117,221.965241
118,226.427663
119,224.943939
120,226.238018
121,232.047667
122,233.954273
123,236.347959
124,236.674659
125,239.51151
126,241.115353
127,244.207982
128,245.15356
