1,24.237326
2,32.397703
3,40.208779
4,51.738659
5,58.30415
6,62.502321
7,83.562822
8,79.464523
9,82.0095
10,79.837288
11,125.035799
12,137.734622
13,84.679438
14,142.307737
15,87.427088
16,103.905077
17,125.647486
18,106.667215
19,133.708174
20,114.123146
21,106.226072
22,104.767905
23,130.031976
24,122.854104
25,118.731223
26,145.566892
27,128.816218
28,133.718742
29,147.406727
30,140.250729
31,160.049138
32,170.368015
33,157.774073
34,161.354669
35,166.238781
36,170.146517
37,174.878457
38,179.457167
39,185.108385
40,186.466211
41,194.97653
42,198.678524
43,208.629884
44,209.457436
45,212.619865
46,216.219468
47,221.929476
48,225.788113
49,230.065153
50,233.016193
51,241.614265
52,245.15263
53,249.51015
54,255.66284300000004
55,260.266812
56,264.094669
57,268.746388
58,273.355284
59,277.342155
60,281.468873
61,289.246527
62,292.968561
63,298.695099
64,303.037148
65,307.083082
66,309.775612
67,315.107263
68,318.94411
69,323.52277
70,327.880837
71,335.277421
72,339.144869
73,343.022714
74,348.919641
75,354.15601
76,356.926526
77,362.665307
78,368.099076
79,371.297542
80,374.169098
81,383.388091
82,385.889129
83,390.548011
84,395.434184
85,401.98205
86,404.639737
87,409.481813
88,414.245472
89,417.906758
90,422.934895
91,429.33815
92,432.403478
93,438.127711
94,444.663825
95,447.461461
96,450.104721
97,455.746883
98,460.892647
99,462.961584
100,468.039002
101,477.155147
102,479.144355
103,483.948205
104,490.114397
105,494.645249
106,496.391028
107,501.15485699999994
108,507.07484000000005
109,511.98953
110,515.924618
111,521.075437
112,525.661448
113,530.770162
114,536.874402
115,541.375127
116,546.791981
117,548.828608
118,554.08134
119,558.351215
120,562.196234
121,572.573277
122,576.663617
123,580.696809
124,585.086519
125,589.235215
126,595.088898
127,598.813956
128,605.255596
