1,19.88925
2,20.285733
3,21.980793
4,24.095321
5,24.593227
6,28.791864
7,32.000047
8,35.245455
9,37.753397
10,38.605985
11,47.598639
12,49.047086
13,52.091096
14,55.525322
15,55.784207
16,61.627267
17,62.582888000000004
18,64.74732
19,63.198505000000004
20,63.072028
21,78.110962
22,83.70457
23,86.552281
24,71.585721
25,89.667972
26,86.626742
27,79.926908
28,78.796161
29,106.270468
30,103.825726
31,86.53737
32,110.900741
33,93.935147
34,113.362638
35,91.450887
36,111.298614
37,99.00956
38,89.275195
39,135.741707
40,116.706868
41,140.173183
42,140.360689
43,93.993775
44,89.717455
45,84.939057
46,130.957228
47,108.449716
48,88.37089
49,143.620845
50,119.814307
51,141.584742
52,102.549515
53,88.783794
54,124.768595
55,143.303053
56,130.501482
57,115.238473
58,101.026121
59,131.470716
60,107.136017
61,140.166008
62,144.676262
63,93.718083
64,120.533221
65,116.145773
66,143.799526
67,101.889756
68,140.4742
69,143.537746
70,140.039642
71,148.20213
72,106.626264
73,114.097483
74,117.832734
75,110.454139
76,112.171934
77,112.928227
78,128.848481
79,149.80453
80,120.564836
81,133.95775
82,122.029542
83,123.3418
84,125.74838900000002
85,146.714333
86,127.57977099999998
87,153.250358
88,129.136743
89,155.546348
90,155.52288
91,133.863296
92,134.509982
93,135.172729
94,147.957299
95,133.27036
96,140.217898
97,140.724198
98,141.574641
99,141.751361
100,139.637798
101,150.237985
102,157.343466
103,149.678707
104,166.076486
105,152.40283
106,160.538598
107,155.830104
108,156.898782
109,157.574505
110,158.531923
111,162.77901
112,158.433068
113,164.382348
114,160.670798
115,176.584213
116,168.23458
117,178.050349
118,170.364234
119,170.410372
120,179.722407
121,177.57976
122,174.124401
123,175.770419
124,190.167048
125,182.47795
126,189.643972
127,180.563681
128,183.506556
