1,0.0017214987506176324
2,0.0017141857304964533
3,0.0017212857107044373
4,0.001720226252672844
5,0.0017328898886761683
6,0.0017248468951470066
7,0.0017167774616597394
8,0.0017141031053459117
9,0.0017215606677495035
10,0.001714947469363179
11,0.001727962649416649
12,0.0017189379366359513
13,0.001718436455834627
14,0.001715918404951622
15,0.001751157393195643
16,0.001756893654328844
17,0.001963931066466848
18,0.001983022118488253
19,0.002005846004812479
20,0.002034158572990246
21,0.0020562941206314026
22,0.0020705962594313484
23,0.002071411732652779
24,0.002085837170119488
25,0.0021007274574730552
26,0.002109480940508195
27,0.0021316120924860533
28,0.0021219590751730957
29,0.0021464271834992885
30,0.0021481018676060082
31,0.0021575462491657403
32,0.0021722010791528313
33,0.002395974756685017
34,0.002438109645780984
35,0.002453345922811994
36,0.0024755133133210175
37,0.002515104810925456
38,0.0025114889303869702
39,0.0025227191492132955
40,0.0025483961580913565
41,0.0025619682880040923
42,0.0025768996702920273
43,0.002589026433121019
44,0.0025970402606089803
45,0.0026101525834143183
46,0.0026335658396113115
47,0.0026515843285220345
48,0.002677331744977586
49,0.0028456073363644975
50,0.0028849496109136325
51,0.0029244352513628107
52,0.002941748766146722
53,0.0029499887809942586
54,0.002976229183297514
55,0.002992268530701754
56,0.003012675082541271
57,0.0030278724415793716
58,0.0030435499025402413
59,0.0030501856967290607
60,0.0030626760715191477
61,0.003190553875275247
62,0.0031790809239072917
63,0.0031773679239302695
64,0.003183597787423248
65,0.0032055410236011667
66,0.003235338383534136
67,0.003284183011310085
68,0.003337104716463749
69,0.0033215901183025988
70,0.003325744268543956
71,0.003347428062638581
72,0.0033671212529600225
73,0.0033720695709801188
74,0.0033783568137391792
75,0.0033994149940388533
76,0.0034187732126593805
77,0.0034339768971813306
78,0.0034415480841816317
79,0.0034613097906120572
80,0.0034702498117288893
81,0.003484966801210898
82,0.003490076378464203
83,0.0035021447582106865
84,0.0035331636668611433
85,0.003530853514085535
86,0.003553936026232871
87,0.003577727685901249
88,0.0035903811873508355
89,0.00361245530239269
90,0.003643001618732119
91,0.00366012949988651
92,0.0036766645130659375
93,0.003693746674285714
94,0.003696033650842033
95,0.0037057211804229977
96,0.003730617802701698
97,0.00375101939590614
98,0.0037619629740209383
99,0.0037706225346627203
100,0.0037820457306096903
101,0.0037950700769170394
102,0.0038052088811904583
103,0.0038349391870497896
104,0.003873099755249258
105,0.0038816568336983125
106,0.003882388902501935
107,0.003912740462841396
108,0.003936942253521127
109,0.003949278598871904
110,0.0039462376847692925
111,0.003961679958220694
112,0.003998995094223617
113,0.004013132999064047
114,0.00405694704689823
115,0.0040825880389019865
116,0.0041134041606521185
117,0.004135543483634504
118,0.004162328243112279
119,0.0041780743466777875
120,0.004189265662902551
121,0.004207514746203903
122,0.003784009245827483
123,0.003787482539806432
124,0.0037898498367740395
125,0.0037929679017647978
126,0.003785494160784509
127,0.00378216023241206
128,0.0038032190684931496
129,0.0038183461596029617
130,0.003869438099976121
131,0.003918352415364585
132,0.0039602249938910155
133,0.004002322249711365
134,0.0040346686524853044
135,0.004050232557442054
136,0.004093552501684636
137,0.004119113859365699
138,0.004138375695155237
139,0.004154293034400137
140,0.0041745597225800925
141,0.004192114002961155
142,0.004208413235385093
143,0.0042289806082736825
144,0.004252674371069182
145,0.00430627987605135
146,0.004478222499539509
147,0.004502929476080717
148,0.004531435266734941
149,0.004582392037316246
150,0.004629240321659688
151,0.004684307137002788
152,0.004712354833543193
153,0.004719799462528374
154,0.004720841401095542
155,0.004723838779565723
156,0.004737504834630349
157,0.004757670735753318
158,0.004773746569443085
159,0.004838297426825347
160,0.005106879516872774
161,0.005409360882385669
162,0.005482747727785295
163,0.005717482634503808
164,0.0059161158747563355
165,0.006105381382042254
166,0.006383719897422409
167,0.006609284200490329
168,0.006798580197672789
169,0.006985965119305101
170,0.0070856696947568295
171,0.00724991117642961
172,0.0074272911305147075
173,0.0075805328961748636
174,0.007853760312702528
175,0.008491443663366335
176,0.009047022268137582
177,0.009187496992980458
178,0.009439900094638418
179,0.009914842187041016
180,0.01045761858237548
181,0.010999874410698095
182,0.011000614331109989
183,0.011095719835466181
184,0.011176492140468227
185,0.011257223160197425
186,0.011331228861903096
187,0.011397236296436691
188,0.011471266544291803
189,0.01155473324202001
190,0.011617512252513049
191,0.011707424027072756
192,0.01178104740102016
193,0.01187991474760938
194,0.01196605171435619
195,0.01205962385093168
196,0.012174636540391371
197,0.012305850081634942
198,0.012430515267081806
199,0.012571077668393783
200,0.012723187869945812
201,0.012911862273056967
202,0.01312060493243243
203,0.013213487517034614
204,0.013304410870257856
205,0.013435239361252549
206,0.013586004796380087
207,0.013718514481498403
208,0.013821471660495584
209,0.01393825749767874
210,0.014052246637991572
211,0.014164642007522332
212,0.014274951486605828
213,0.014395211030923978
214,0.014526220512820515
215,0.014639639249146756
216,0.014781590935815776
217,0.01482982977283712
218,0.014988214330746851
219,0.015132119645531702
220,0.015253419711299152
221,0.01539933569230769
222,0.01548371501597444
223,0.015559424951286533
224,0.015713718314661472
225,0.01591352600647848
226,0.016053700925925927
227,0.016168088121546964
228,0.01641500781808891
229,0.016616508359375004
230,0.016692442384981493
231,0.01683326265822785
232,0.01699694281563656
233,0.01711865648403035
234,0.0172349085565883
235,0.017301943753276715
236,0.017351973501664817
237,0.017415426903695408
238,0.017483090654997174
239,0.017631455807365446
240,0.017745976211583924
241,0.017821259733257665
242,0.01788142698924731
243,0.017506403355335536
244,0.017590106221719456
245,0.017685840794520544
246,0.017770251963824295
247,0.01781569465042373
248,0.017894179524826484
249,0.017978874752186586
250,0.01805799853567625
251,0.018117076793361886
252,0.018205994577259476
253,0.018278430319436927
254,0.018332660407110093
255,0.01839980499702558
256,0.01844893446833931
257,0.018526985142697256
258,0.018588631673306773
259,0.018684205629139073
260,0.018773690151515154
261,0.018847694621621624
262,0.018923456454545455
263,0.018998774790919954
264,0.019060784142685857
265,0.019119234218377093
266,0.01918471566429743
267,0.019264519261822374
268,0.019326680295429208
269,0.019395142190060076
270,0.019477033525345622
271,0.01957296626961069
272,0.019656660103155338
273,0.01971611646875
274,0.01971665949263502
275,0.019786577952082145
276,0.019935030106323453
277,0.020013241031518626
278,0.020096611038575667
279,0.020171253587736467
280,0.020247249088235296
281,0.02031362177895981
282,0.020379012645914393
283,0.020456051772388056
284,0.020521336784660765
285,0.020589090883027527
286,0.020658499301513387
287,0.02073269224904701
288,0.020806599804177546
289,0.02088683631140144
290,0.020976449487508007
291,0.021038863299232737
292,0.021089584089496582
293,0.021145069180327866
294,0.021185420187690963
295,0.021234395074349443
296,0.021273359792027734
297,0.021328346948640484
298,0.02138440109606705
299,0.021465026081424934
300,0.021607082455638235
