1,0.0017100858454802
2,0.0017105928567434702
3,0.0017069482819524727
4,0.0017020231517298724
5,0.0017034645871462765
6,0.0017109811075535874
7,0.0016847689520305752
8,0.0016955630900681426
9,0.0017352534110611799
10,0.001727681338839951
11,0.0017262568916743678
12,0.0017453272139331707
13,0.0017136594671459723
14,0.0017317326131833712
15,0.0017169096526598753
16,0.0017128549002295606
17,0.0017384626649824156
18,0.0017214782527484257
19,0.001722193251620976
20,0.0017286107973959648
21,0.0017234349924070658
22,0.0017067472854270292
23,0.0017080760887635985
24,0.001719242762693935
25,0.0017118951501236314
26,0.001698008178432068
27,0.0017184327704260832
28,0.0017091635935918565
29,0.001748290018092998
30,0.0017233434453122211
31,0.0017208148290629307
32,0.0017239603608946122
33,0.001766187113896187
34,0.001728583779404077
35,0.001721113084931311
36,0.0017232776177363552
37,0.001723332503313766
38,0.0016983183433196677
39,0.0017259854410671951
40,0.0017141391493194556
41,0.0017496624784531921
42,0.0017356163042196637
43,0.0017018275451733107
44,0.0017009639002768142
45,0.0016839108813890247
46,0.0017160679814301647
47,0.001715750873782945
48,0.001717071787637111
49,0.0017207629424307036
50,0.0017225984636424995
51,0.001724485165978763
52,0.001728640211571037
53,0.001715323986224523
54,0.0017030863530573385
55,0.0016872755730535658
56,0.0016965248416595507
57,0.0016911762655051265
58,0.001707526688681553
59,0.0016935821044601353
60,0.001703339543953341
61,0.001704736552963563
62,0.0016875789263046548
63,0.0017629276839686266
64,0.0017379963419769117
65,0.001723325497859998
66,0.001717935690212049
67,0.001722100743343457
68,0.0017144196232283602
69,0.0017485972781612464
70,0.0017248880566084525
71,0.001721086200350771
72,0.0017020193164565898
73,0.0017310428173363621
74,0.0016911661834456686
75,0.0016899452177880732
76,0.0017045476846137809
77,0.0017127503447387949
78,0.0017050764272298806
79,0.001696978734233288
80,0.0017144077551665966
81,0.0017393400936254427
82,0.001715104911776192
83,0.0017946858586940992
84,0.0016986174604858386
85,0.00170490158935469
86,0.001703011737772414
87,0.0016984077899261359
88,0.0016956063363447818
89,0.0016881703974953874
90,0.0016790318739947768
91,0.0017040869568299426
92,0.0016975425754477778
93,0.0016951265892936722
94,0.0016901708637814825
95,0.001724196478650501
96,0.0016982450347482014
97,0.0016913296314652881
98,0.0016741585237042497
99,0.0017046025445585596
100,0.0016989099427312773
101,0.0016988432161868414
102,0.0016922639828120594
103,0.0016998282993265427
104,0.0017121871161133416
105,0.0016928903012983344
106,0.0017020738154613466
107,0.001699771501100618
108,0.0017402182647276315
109,0.0017073543031837141
110,0.0017542709578236028
111,0.0017120798220426107
112,0.00174910968866171
113,0.0017368852237966315
114,0.0017070666933148252
115,0.0017213858236342664
116,0.0016970188433624576
117,0.0016978028436951933
118,0.0016946263062117234
119,0.0017352746463419363
120,0.0017064821535534337
121,0.001706736338930762
122,0.001720611217120402
123,0.0017073826204050228
124,0.001707514122937998
125,0.001832137621836041
126,0.0018960367345741767
127,0.0019047890818128306
128,0.0018999884618401445
129,0.0018977366013071893
130,0.0019012161738175544
131,0.0019267222273016377
132,0.0019545386884781816
133,0.0019501745640348774
134,0.0019690529257516127
135,0.0020104331568659393
136,0.001960362516165535
137,0.0019715381724586963
138,0.001977501307522846
139,0.0019719418662329743
140,0.0019665370172588835
141,0.0019841821811001185
142,0.001980855040643765
143,0.0019863508298618
144,0.0019767503724196635
145,0.0019902955494911358
146,0.001984929862901576
147,0.0020381594303743576
148,0.0019926857195632546
149,0.0020418849569339655
150,0.0020008561475409834
151,0.001997180274192222
152,0.0019991017342772827
153,0.002015313560858992
154,0.0020108713028051148
155,0.002002674288718456
156,0.002001598424743131
157,0.0020133770492901147
158,0.002015770653998523
159,0.0020266847022725742
160,0.002023631757742487
161,0.0020278651877515042
162,0.0020260868222231492
163,0.0020328047731728756
164,0.0020353552665360445
165,0.0020579889662359317
166,0.002041207213700357
167,0.0020394320656961866
168,0.0020491484768352017
169,0.0020518169577536257
170,0.002069877608750846
171,0.0020448557998483693
172,0.002052764219173442
173,0.002049206060093817
174,0.0020665139730782255
175,0.002052905733372797
176,0.00206327534019391
177,0.002063221305754171
178,0.002060770295893207
179,0.0020682542161494914
180,0.002065920357675112
181,0.002073078831368529
182,0.0020735306354429297
183,0.0021291522842006453
184,0.002077456184396556
185,0.0020825508129381906
186,0.002081442456646155
187,0.0021067974894314555
188,0.0021054376384877357
189,0.0020922741579083386
190,0.0020856641568791946
191,0.0020986115600934497
192,0.0020986432032738607
193,0.002091898626824423
194,0.00210244450746833
195,0.002092503865088962
196,0.0020926706787721574
197,0.0021040435118635263
198,0.0020984529042318185
199,0.0020967957684128293
200,0.0020948566964092345
201,0.0020907361205891243
202,0.002097429807900785
203,0.0021016384185199638
204,0.0021174077454054526
205,0.0021085964189248066
206,0.002104938303750108
207,0.002101276295010846
208,0.0021182793223284103
209,0.002100836488408477
210,0.002103114491400278
211,0.002104122150495566
212,0.002124167766817313
213,0.0021085564207590744
214,0.0021103588756106076
215,0.0021241416968612215
216,0.002111193533033492
217,0.0021138447141701173
218,0.002117784439924769
219,0.002128115744438106
220,0.002129327199929602
221,0.0021211805650534804
222,0.002150607481527094
223,0.002145143639280848
224,0.0021485602879213485
225,0.002128938909162856
226,0.0021416662449392715
227,0.002143600557433174
228,0.0021879242046829407
229,0.0021309349357846587
230,0.0021609035722892434
231,0.0021324266499361598
232,0.0021392483242813616
233,0.002140226400158758
234,0.0021477590448368967
235,0.0021723963810529566
236,0.002146657960331164
237,0.002146271586359737
238,0.0021555223687710584
239,0.0021574505021999023
240,0.002157243911200518
241,0.0021604376486870445
242,0.002160673023001666
243,0.0021671101753690373
244,0.0021885784701238904
245,0.002173411990869215
246,0.0021802469774664167
247,0.00216911256139844
248,0.002171874401965744
249,0.0022648415187902986
250,0.0023430834441586176
251,0.002389225271591723
252,0.002381994217033644
253,0.0023565870811524726
254,0.002369854327111984
255,0.002376102806749975
256,0.0023911863890124004
257,0.002386958645689485
258,0.00239095036333976
259,0.0024051018013100437
260,0.0023989836449060335
261,0.0024155299578717407
262,0.0024189988726042843
263,0.0024344151131770416
264,0.00244033222933031
265,0.0024362881141238367
266,0.002463576448923425
267,0.0024317751575884915
268,0.0024298817877320424
269,0.002436869557120881
270,0.0024449360349025977
271,0.002450278375956996
272,0.0024462999227642273
273,0.002447219444218738
274,0.0024570925482341396
275,0.0024600120265862386
276,0.002463079843425224
277,0.002471168311833988
278,0.002470739518760196
279,0.0024723751581471275
280,0.0024778485164271046
281,0.002481801874421474
282,0.002494590393757751
283,0.002507202303767459
284,0.0024828368183218647
285,0.002477876018760572
286,0.002484502217306307
287,0.0024955079929777457
288,0.0024997527319294247
289,0.0024955501266411663
290,0.002508809475460919
291,0.0025074189726702278
292,0.0025016460319925455
293,0.0025012408787455365
294,0.0025078567190498424
295,0.002521019475928044
296,0.002539579883397237
297,0.0025370038073996327
298,0.0025378477726534245
299,0.0025400192853389384
300,0.0025422626078039543
