1,0.001735718958267217
2,0.001751418383288726
3,0.001748569527572884
4,0.001715509505015027
5,0.0017178552280059534
6,0.001707138463321068
7,0.0017140309524657923
8,0.0017235422144112474
9,0.001724770719892511
10,0.0017270520403377112
11,0.0017170841810035843
12,0.0016962925875169139
13,0.0017189117260643322
14,0.001686106843662843
15,0.001692013152003174
16,0.0016811271586484983
17,0.0017214329889383606
18,0.0017163319121903011
19,0.0016941758742960438
20,0.0016895713396247484
21,0.0016894599035218662
22,0.0017058064823476423
23,0.001693380303875105
24,0.0016711853588112638
25,0.0017021824310716016
26,0.001718847789131559
27,0.0018143460767483053
28,0.001738871844455383
29,0.0017147874624156112
30,0.0017328656675558054
31,0.001721252018688922
32,0.001685552650138389
33,0.001703285311321752
34,0.001688220352456998
35,0.0017580988023675203
36,0.0017666869300672567
37,0.0017354278489093808
38,0.0017281210235745225
39,0.0017184718200510495
40,0.0017380796137372668
41,0.0018046376393393722
42,0.001933133734340328
43,0.001929022206467507
44,0.001986561941700008
45,0.0019877307610300147
46,0.0019857358815568225
47,0.002029645091731341
48,0.0020111046002235927
49,0.0020149590621355985
50,0.0020197077898550728
51,0.0020285693164217838
52,0.0020363021709771164
53,0.0020457101895371248
54,0.0020619206441795587
55,0.0020578317216381208
56,0.0020693725432909663
57,0.0020726111862977297
58,0.0020821254111030012
59,0.002086224640110008
60,0.0021083855160525748
61,0.002094048597418696
62,0.0020904102809182704
63,0.002098451652015762
64,0.002105927200643031
65,0.0021087216715236397
66,0.0021719145203968828
67,0.0021798706276203294
68,0.0021172683825634187
69,0.0021185097234358613
70,0.0021422023084005613
71,0.0021296138345834117
72,0.002140215139775479
73,0.0021393551119337213
74,0.002147487502378163
75,0.002144662139252833
76,0.002151578564132173
77,0.0021536884979551922
78,0.002162278487541306
79,0.0021665830378726826
80,0.002172249633609063
81,0.0021814815032031036
82,0.0022561091691082565
83,0.002366024011852868
84,0.0023860025024654828
85,0.002429379748625929
86,0.0024372801582036234
87,0.00244542305230318
88,0.0024506571067273645
89,0.0024599696847190443
90,0.0024665016796855056
91,0.002516978184533004
92,0.0024936726390251463
93,0.0024955232858990943
94,0.0025063412546641787
95,0.002508058842127086
96,0.002513640936689154
97,0.002521500268229167
98,0.0025280881044285634
99,0.0025320896431929793
100,0.002547088504377791
101,0.0025517601010959135
102,0.0025561837304288633
103,0.002572696087142247
104,0.002575464043117461
105,0.002604863381066712
106,0.0025850983840467598
107,0.0025835680748754935
108,0.0025863536688172043
109,0.002591624036887012
110,0.0025961823800096317
111,0.00260325821104123
112,0.0026124826634932657
113,0.0026173395482368238
114,0.0026225917173582445
115,0.0026299317991061695
116,0.0026324468746588055
117,0.0026452843813387418
118,0.0026465031596269893
119,0.0026552629643877778
120,0.0026643514653225363
121,0.0026793784190160307
122,0.002678584583931926
123,0.0027338084790288976
124,0.0028217328264289456
125,0.002831325818691261
126,0.0028879117031444133
127,0.0028875778215727748
128,0.0029018331955427746
129,0.0029267639582071466
130,0.002929079323832626
131,0.002929899171270718
132,0.002938248830569224
133,0.0029479046493205777
134,0.002956550259288634
135,0.0029776195133909417
136,0.0029720961611403402
137,0.002976177395577396
138,0.0029931454998008765
139,0.0029983763401753684
140,0.003010849244244244
141,0.0030277600020004003
142,0.0030218105888844306
143,0.0030185582614798475
144,0.0030262601087394283
145,0.0030389349019976203
146,0.0030370290175219024
147,0.0030511079141685078
148,0.0030473931863979845
149,0.003060463138200038
150,0.00306277743306687
151,0.0030702357238264854
152,0.0030765038987905797
153,0.0030819576093201405
154,0.003100440446634246
155,0.0031875981014321377
156,0.0031816383507991953
157,0.0031906898434416516
158,0.003187619762248785
159,0.0031868869705996526
160,0.0031840208801696716
161,0.003189784044862518
162,0.0031857635846895696
163,0.003196355168657998
164,0.0032081729502755098
165,0.0032135597639627663
166,0.0032282696054831165
167,0.003251018189753575
168,0.003241956957396847
169,0.0032798086344285556
170,0.0032931255607295306
171,0.003284983908296943
172,0.003306967025365104
173,0.00331252073812924
174,0.0033194716076443594
175,0.0033349261440385938
176,0.003363122676264535
177,0.0033204568192705124
178,0.0033452743257261406
179,0.0033629510160762747
180,0.0033615425646551724
181,0.0033604469454494848
182,0.0033612901453508584
183,0.003361034351304348
184,0.0033808514227784384
185,0.003382741607217793
186,0.0033837016548876908
187,0.003389248960811756
188,0.0034004403905483105
189,0.0034141515836655424
190,0.0034146633333333337
191,0.003421218198906356
192,0.0034304234615823723
193,0.0034454484942998496
194,0.00345647559646708
195,0.0034502884566911087
196,0.0034404075208595277
197,0.0034593056469235184
198,0.003454338103982555
199,0.0034594430189764237
200,0.0034560261926605508
201,0.0034743564026355365
202,0.0034722948852134302
203,0.003490878038294798
204,0.0034845476341375586
205,0.0034936406817031728
206,0.003500716827306326
207,0.003499526440113035
208,0.0035108175396478974
209,0.0035143944153005462
210,0.003519004282069971
211,0.003524566280087527
212,0.0035433272827041264
213,0.003544020459694512
214,0.003547308484493856
215,0.0035470723178322957
216,0.0035652637722664864
217,0.0035639074854564878
218,0.0035797969002855775
219,0.003586757559317992
220,0.003580715421227987
221,0.0035876960066754085
222,0.00360058061895089
223,0.0036224323700256257
224,0.0036103585386371836
225,0.003633223088455772
226,0.0036364149977463943
227,0.0036408552419658316
228,0.0036644270262081494
229,0.003652953916824197
230,0.0036605227011058936
231,0.0036775422196883316
232,0.0036835471583992704
233,0.00368336092216389
234,0.003688701263510428
235,0.0037045651426697505
236,0.003704618473028021
237,0.0037074659380017293
238,0.0037150368525157625
239,0.0037123178597922852
240,0.0037299745223325063
241,0.0037281085935563815
242,0.003740088669981355
243,0.003732151246898263
244,0.0037400674437398983
245,0.0037520937765293384
246,0.0037749119805655287
247,0.0037761936397001407
248,0.003772724533073931
249,0.0037806831208945886
250,0.0037826091798403502
251,0.003792598169201819
252,0.0037914774650651593
253,0.003805149764132401
254,0.003801989379277791
255,0.003819825933086088
256,0.0038207400229086025
257,0.003825361260371395
258,0.0038289032434221425
259,0.003843215084839835
260,0.0038456346269721713
261,0.0038695389884020616
262,0.0038611331083686852
263,0.003861715246175601
264,0.0038866575757575757
265,0.0038935822563970013
266,0.003900752358123867
267,0.003907741775196988
268,0.003916201217384361
269,0.0039079197619976596
270,0.003928783271300267
271,0.003925835244704162
272,0.00393050221382728
273,0.003937901010842098
274,0.003944456399247629
275,0.003966853069851432
276,0.00397709946633826
277,0.003982593022108982
278,0.003963039931181386
279,0.003961177397260273
280,0.003967255926989336
281,0.003983398048479869
282,0.003975974396452619
283,0.004004619746530654
284,0.0040332719651240785
285,0.00402504874832664
286,0.004052411806773716
287,0.004053530557430152
288,0.004062822479906229
289,0.004081742239346472
290,0.0040783270208824525
291,0.0041079938905388205
292,0.004111841769354977
293,0.004114485922371327
294,0.004120831168610095
295,0.004120166826841299
296,0.00412710294593444
297,0.004135663979365621
298,0.004147210294320851
299,0.004155468509548852
300,0.004166637763303769
