1,0.0017566063755359964
2,0.0017304494164576368
3,0.001740278659939812
4,0.0017115628257862552
5,0.001724845128939736
6,0.0017292071810894717
7,0.0017486119172649603
8,0.001711206752148895
9,0.0017272685130483116
10,0.0017228835789713554
11,0.0017402233327658912
12,0.001687156758851778
13,0.0017141722105557889
14,0.0016929064343978249
15,0.00170687594738325
16,0.002022121909701037
17,0.002016893656638788
18,0.0020474910496424067
19,0.0021036670914706115
20,0.002070240352115689
21,0.0021000003815469996
22,0.002114631519024545
23,0.0021252133491367112
24,0.0021366233811998944
25,0.002140555729925772
26,0.002145555164558082
27,0.0021514794419286096
28,0.0021756742310290477
29,0.0021880261548913047
30,0.0022109095100009126
31,0.0024408847771372902
32,0.0024895933200784963
33,0.002515039305982194
34,0.002537868991579057
35,0.002543341507765451
36,0.002578023645636894
37,0.0025830595025345816
38,0.002606055317439057
39,0.0026120398432008655
40,0.0026261796088472436
41,0.002637426322838089
42,0.002649506403927376
43,0.0026720427574604224
44,0.002717805956014362
45,0.002750326873584051
46,0.0029184803309154133
47,0.0029463144645467836
48,0.0029724128209842496
49,0.0030071469308314207
50,0.00302768763841353
51,0.0030398107071150714
52,0.003054649070620219
53,0.0030790195207443757
54,0.003081213968385492
55,0.0031024410064789273
56,0.0031222742698147196
57,0.003056261749984161
58,0.003069178580973592
59,0.0030632744416243655
60,0.0030822691316276397
61,0.003169768217217428
62,0.003195135398405061
63,0.0032212788851126214
64,0.003225727044256058
65,0.0032481658019974527
66,0.0032437583048117572
67,0.0032647980897513645
68,0.0032867953571037957
69,0.003296216515317287
70,0.003324803859745997
71,0.0033637298009326923
72,0.0033764673603351955
73,0.0033657652078546052
74,0.0033987437583421144
75,0.0034157205745247473
76,0.003429216735112937
77,0.0034558587600459247
78,0.0034934464370889634
79,0.0034990773355525
80,0.0035137461143855057
81,0.003530444579678362
82,0.0035604911307922857
83,0.00359252218973747
84,0.0036305864514354007
85,0.0036268082441834374
86,0.0036460109344385837
87,0.0036667382207890746
88,0.0036788262523755224
89,0.003679847640398207
90,0.0037306837651872055
91,0.003728880926684034
92,0.0037381535026704757
93,0.0037729789248149596
94,0.0037878735531365025
95,0.0038109775700770664
96,0.003822276338017051
97,0.003847066518636004
98,0.0038751100669844126
99,0.0038949783937823838
100,0.0039227481721125865
101,0.0039487050686723354
102,0.003950072083708004
103,0.003948356114696511
104,0.00398141986852917
105,0.004035667230500738
106,0.004085608324898785
107,0.004114606382797891
108,0.004108622017998133
109,0.004194484905001397
110,0.004151255190752871
111,0.004217072713043478
112,0.0042289872096069854
113,0.0037688942505649005
114,0.0037630419015407734
115,0.003772833674840051
116,0.003772999805300841
117,0.0037806221782302665
118,0.0037760505341209
119,0.0038091202610536215
120,0.003829595206781809
121,0.0038482750179097357
122,0.003882966833818932
123,0.003928829882730293
124,0.003970388289289537
125,0.004004351649493103
126,0.004038513290287867
127,0.004067902620176032
128,0.004095603569319044
129,0.004111889282986848
130,0.004128918630546075
131,0.004142774507621167
132,0.004162391512107162
133,0.004184931167820069
134,0.004206426342760416
135,0.004217354295917873
136,0.004323430764075068
137,0.00434850837517934
138,0.004377951785963587
139,0.0044026476279712574
140,0.0044983126784075575
141,0.004603514875640782
142,0.004637949319081017
143,0.004652494604524965
144,0.004652095855691836
145,0.00466118397869281
146,0.00468202352897064
147,0.00471521930688674
148,0.00474137943359375
149,0.004958706408259549
150,0.0052556546259094365
151,0.005351179088797965
152,0.005566967653143316
153,0.005893732383735086
154,0.006124541954820799
155,0.006480898123163237
156,0.006653233703856181
157,0.006810993714116353
158,0.006921012737262736
159,0.007024448355467373
160,0.007183892460376241
161,0.00739584115630713
162,0.007652540993690854
163,0.00809568675170919
164,0.008755152187221438
165,0.00900487841754786
166,0.009296340528811996
167,0.009837590549150682
168,0.01037530270819953
169,0.010961549012916114
170,0.010905787810787614
171,0.010993650173834411
172,0.011087178211700046
173,0.01118009179534455
174,0.011229948878504674
175,0.011288898127471504
176,0.011378189421274602
177,0.011449281821646342
178,0.011545795780229658
179,0.011646649438745693
180,0.011738039056831922
181,0.011857263786360303
182,0.011966602162588737
183,0.012099686088257292
184,0.01224801025252525
185,0.01239870123425045
186,0.0125516066683059
187,0.012720003370049828
188,0.012995383989817791
189,0.013180400992117425
190,0.013273866365359415
191,0.013386681006896552
192,0.013554095802032701
193,0.013699100524635039
194,0.013813695130315499
195,0.013930295136298423
196,0.01405177756804214
197,0.014164113207964605
198,0.014264705459636023
199,0.014380152576512166
200,0.014507559930555554
201,0.0146511659715857
202,0.014790689901477834
203,0.01484930853115727
204,0.015011624001238772
205,0.015150576479480178
206,0.015291678155093764
207,0.015403953335043612
208,0.015494308883248733
209,0.015653003844233647
210,0.015848228340411632
211,0.016004177861312228
212,0.016140479994941833
213,0.01638976377654196
214,0.016573671992506922
215,0.016652208168184253
216,0.016867779217391306
217,0.0170162870483602
218,0.017142138223350253
219,0.017231425363773208
220,0.017279198624862484
221,0.017359616826411076
222,0.017437789448568403
223,0.017582900851648348
224,0.017774665934065938
225,0.01781413895042194
226,0.017333036337054762
227,0.01743961748400853
228,0.017543446135394453
229,0.017653505516740324
230,0.01772504201657459
231,0.017805193365061592
232,0.017896337302881996
233,0.017991630903954798
234,0.01806173018343524
235,0.018131587041095888
236,0.018190756933333333
237,0.01827932655882353
238,0.018348033594624863
239,0.018411752447552443
240,0.018483430933179723
241,0.018554973469387753
242,0.018647565599294945
243,0.0187339582704585
244,0.018798656771948606
245,0.018875301648351647
246,0.018946038873849488
247,0.01901211197698745
248,0.019087052924311926
249,0.019157628121175028
250,0.019239558187294635
251,0.019312522820204448
252,0.019412301790710688
253,0.019519009732094042
254,0.019589283353621426
255,0.019671377886377524
256,0.01971770770519263
257,0.019782754977876106
258,0.01993708242793792
259,0.020036904809907833
260,0.020121257480091016
261,0.020191726940509913
262,0.020267887245787337
263,0.020343637166666664
264,0.020412811791871925
265,0.02048150037688442
266,0.02055891470019342
267,0.02062419952437574
268,0.02070179435386473
269,0.020780767376111817
270,0.020856225485436895
271,0.020947166451612903
272,0.021003815377804012
273,0.02106879398472311
274,0.021125299344262296
275,0.02117438816105769
276,0.021222150917992656
277,0.02127745661157025
278,0.02131944115186615
279,0.021403934009009005
280,0.021573975177076623
281,0.021697550293733676
282,0.021802322894898588
283,0.021786059052007905
284,0.021872344612196566
285,0.021954950703363913
286,0.022030280203201972
287,0.022096902943143815
288,0.02216278235657002
289,0.022257217841945287
290,0.022315499520460354
291,0.022384331884057973
292,0.02244627849596022
293,0.022520250247985117
294,0.022584252427511803
295,0.022640492251461985
296,0.022703196426389738
297,0.022772119215017064
298,0.022840005273189325
299,0.022898184195583593
300,0.02295035783532537
