1,0.0017075141072688776
2,0.0017081695598634911
3,0.0017137291577389885
4,0.00173396984454484
5,0.00170176404191964
6,0.0017081463495262341
7,0.001722947524904804
8,0.0017076988379206167
9,0.0017376028326529605
10,0.00172991403817977
11,0.0017110940066128917
12,0.001712966444096028
13,0.0017156922311515896
14,0.0017122541700461966
15,0.001704860734443347
16,0.0017133306006091086
17,0.0017690537735849056
18,0.0016893224945800408
19,0.0017068495066853387
20,0.001739519873040065
21,0.0017168721590497572
22,0.0017396539452694353
23,0.0017732092124601209
24,0.0017244221649208628
25,0.0017159784097815593
26,0.0017244856475206298
27,0.0017329551828192279
28,0.0017241805537024683
29,0.00172508555666287
30,0.001717059588433236
31,0.0017015274928229665
32,0.0017049659704471449
33,0.0016891288443108877
34,0.0017404933219725208
35,0.0017079542672964912
36,0.0017128654521842647
37,0.0017170936615712763
38,0.0017114288726119188
39,0.0017137528097563974
40,0.0017069705280830284
41,0.0017076888991052802
42,0.0017165129608520645
43,0.0016923622115719767
44,0.0017240705284814702
45,0.0016898683580246915
46,0.0017216355180630018
47,0.0017189934549964772
48,0.0017210359058613392
49,0.0017275526233581822
50,0.0017568559504663884
51,0.0017363851927346848
52,0.0017704585549560819
53,0.0017191335731073286
54,0.0017193561233606117
55,0.0017157762044694705
56,0.0017093207719771062
57,0.001733604772164171
58,0.0017163163720521088
59,0.00171772449445419
60,0.0017116704579103214
61,0.001720266491547836
62,0.0017244686955739472
63,0.0017176001546024844
64,0.0017285491939798138
65,0.0017225600137789712
66,0.0017208746307960572
67,0.0017222453782261514
68,0.0017270228461400679
69,0.0017254271157320484
70,0.0017204982491798601
71,0.001726571910474485
72,0.0017124831553346725
73,0.0018517748451598105
74,0.0019426319263376789
75,0.0019413270139067124
76,0.0019524541639858448
77,0.0019756411049678835
78,0.001974608678899083
79,0.001984043644484511
80,0.0019973777611327725
81,0.001995967794553233
82,0.0019919437556449623
83,0.0019996383320028577
84,0.0020110196838791783
85,0.002006532938072015
86,0.0020237869119420987
87,0.002023562644276845
88,0.002055913186281993
89,0.002053075759143661
90,0.0020371651905753164
91,0.002047976507624201
92,0.0020670030578456545
93,0.002035899636720621
94,0.0020497195267524548
95,0.00206200055572116
96,0.002062297909296279
97,0.002082355254295093
98,0.0020801708199253443
99,0.0020611596234867318
100,0.0020721179041916166
101,0.0020760315466746703
102,0.0020832252518945913
103,0.002087185218365061
104,0.0020906467924365394
105,0.002094204695332757
106,0.0021291694275006397
107,0.002113949504006931
108,0.0021262764488206016
109,0.0020989432807009935
110,0.0021033499500065214
111,0.002107544157117337
112,0.002106562414078135
113,0.002107450649718746
114,0.00211309780027933
115,0.002109414550529943
116,0.0021119748035963687
117,0.002111087346823078
118,0.0021209661418011634
119,0.0021157615559341285
120,0.002119604581306691
121,0.00211610207741089
122,0.0021224943816029345
123,0.0021207036604600224
124,0.0021197267034265455
125,0.0021273294227474415
126,0.0021536063538826833
127,0.002133906792378102
128,0.0021385958559153994
129,0.0021380598341984103
130,0.002137429098523253
131,0.002140830724592913
132,0.0021497933802502233
133,0.0021424697643163244
134,0.002146935027686181
135,0.002162503576054108
136,0.0021541414007210575
137,0.0021596875907685673
138,0.002159069265475546
139,0.0021654602023984666
140,0.002212924141020472
141,0.00220002554688252
142,0.0021772593344450085
143,0.002174002270386458
144,0.0021882639710197266
145,0.0022765802594077295
146,0.0023830486185119396
147,0.00238628538446343
148,0.002393120594914835
149,0.0024061465018841727
150,0.0024180227035070787
151,0.002445688053025374
152,0.002442931299196624
153,0.0024482920376712332
154,0.0024615576405464428
155,0.0024620681555025136
156,0.002467142354498701
157,0.0024739862218813905
158,0.002488195212108731
159,0.0025112469238709675
160,0.0024929443930785124
161,0.0025062532740564077
162,0.002506047712655602
163,0.002505851489980272
164,0.0025174833663057054
165,0.00253710830597676
166,0.002518721572097866
167,0.002526413287442636
168,0.002523903277021743
169,0.00253314231411863
170,0.0025312679671565296
171,0.0025314922194943582
172,0.002531258786000129
173,0.002538912577973476
174,0.002546490052011497
175,0.0025429032285984054
176,0.0025456757984102137
177,0.002558728899974113
178,0.0025827804914402524
179,0.0025603450178997614
180,0.0025576156673196497
181,0.0025692441973830496
182,0.00256775306523224
183,0.0025727761597055805
184,0.002579071684418485
185,0.0025787582234095894
186,0.0025818114318392252
187,0.002584435222400222
188,0.002584605858298898
189,0.0025891162688240943
190,0.002588815591483913
191,0.0025982334897313524
192,0.0025988305970949237
193,0.0026004270678912874
194,0.0026020402636807907
195,0.0026138131945945948
196,0.002615193297855098
197,0.0026241241116061725
198,0.0026236535937415113
199,0.0026355641722862733
200,0.0026303338518962513
201,0.0026305677364864863
202,0.002627921498530852
203,0.002642692338400963
204,0.0026463404241926654
205,0.0026647140309221428
206,0.0026661096122021187
207,0.0026713658706467663
208,0.0026755398777587257
209,0.0026997066050782766
210,0.0026796745335252756
211,0.0026920999333851447
212,0.00268811534620506
213,0.0026931879345773626
214,0.002691853223475796
215,0.002703011764848827
216,0.0027106886658103428
217,0.002710052089727387
218,0.0027908181841831423
219,0.002844166753505116
220,0.002892322815302423
221,0.002882821470390633
222,0.0028840586892824997
223,0.0029040792296616265
224,0.002921100931132475
225,0.002928569205819945
226,0.0029435267005663477
227,0.0029538131966062387
228,0.0029570565347502137
229,0.002965434770361298
230,0.002967712160588416
231,0.0029720832097782134
232,0.0029706369160595113
233,0.0029858716706420195
234,0.0029874949487409177
235,0.0029824857749077495
236,0.0029930359826589588
237,0.0030071893767423335
238,0.0029981729986025157
239,0.002999829835411471
240,0.003010904292296905
241,0.003013879604208417
242,0.00301580326076051
243,0.0030199680022119446
244,0.003027433197545765
245,0.0030230524164317355
246,0.0030302476534113847
247,0.0030389401442458453
248,0.0030508691723398888
249,0.003051234630423814
250,0.003046525295820745
251,0.0030520436766376374
252,0.0030682525348984776
253,0.0030621964801215503
254,0.003061128190747782
255,0.003065958261972724
256,0.0030839164190524767
257,0.0030828946821398967
258,0.003077896078181702
259,0.003092931600127754
260,0.003091229665453617
261,0.003093077465464314
262,0.0030908878171129147
263,0.0030958538153767366
264,0.0031006693407999992
265,0.003101815195952869
266,0.0031131238038661613
267,0.0031025825399371267
268,0.003110409125584973
269,0.00311324832199692
270,0.0031227962237398853
271,0.003137812682443703
272,0.0031409465626955975
273,0.0030472093724428777
274,0.0030553958725446848
275,0.003057083620035415
276,0.0030443731274349627
277,0.0030619335980510034
278,0.0030494790133568546
279,0.0030645801812650524
280,0.003054655186447094
281,0.003047922485840151
282,0.0030534318818629313
283,0.003048573901133501
284,0.003054998226681813
285,0.003066266998100063
286,0.003063347698055854
287,0.003070183267679014
288,0.0030652779062401007
289,0.0030694666127189644
290,0.003074195256728384
291,0.0030858643954362933
292,0.003125133243434149
293,0.00310552238174593
294,0.003123484781489348
295,0.0031415518857083155
296,0.0031431033465802133
297,0.0031652229114057235
298,0.0031623295038890054
299,0.003164500631844988
300,0.0031791816835899113
