1,0.0017004280224244496
2,0.0017065185629263537
3,0.0016870042344036633
4,0.0016806928252471915
5,0.0017432373329965196
6,0.0017362865124886345
7,0.0017269840563120156
8,0.0016941172630681215
9,0.001691096062052506
10,0.0016899282644690003
11,0.00171973730573535
12,0.0017234901560178304
13,0.0017184998852644213
14,0.001735302298971237
15,0.0018645055151125867
16,0.001721422159761233
17,0.0017016455387323943
18,0.001691641996708338
19,0.001686675929497049
20,0.001683118484025615
21,0.001733707862683843
22,0.001715854979548284
23,0.0017147153461320886
24,0.0017144971428056383
25,0.0017142980218435458
26,0.0017437988778204333
27,0.0017158611462630218
28,0.0016965483998872166
29,0.0017010132889554942
30,0.001682970997997681
31,0.001714860560283688
32,0.001737700269465324
33,0.001710865208767681
34,0.001753280201737181
35,0.0017295380976310119
36,0.0017164676067888468
37,0.0017194115318366805
38,0.0017088512464028774
39,0.0017367215783072193
40,0.001745307363453886
41,0.0017180967473070811
42,0.0017203847703825762
43,0.0017323457427484816
44,0.001724597454063604
45,0.0017400078414331326
46,0.0017164812433145547
47,0.0017346148042779858
48,0.0017187977057962851
49,0.0017302850954096477
50,0.0017213746063901626
51,0.0017409789533560864
52,0.0017172482434931018
53,0.0017298980787004126
54,0.0017225533544973546
55,0.0017102684623005343
56,0.0017195620439128883
57,0.0017139192546824094
58,0.0017229584885727366
59,0.0017171816493446197
60,0.0017122117068894824
61,0.0017926029266621215
62,0.0017077899118321282
63,0.0017303759628550363
64,0.0017063119770260302
65,0.001696576816408025
66,0.0016890882153256861
67,0.00171805909597243
68,0.0017188771455779492
69,0.0017517559959026525
70,0.001713399184685649
71,0.0017220982871212931
72,0.0017139383080352407
73,0.0017493148554727877
74,0.0017385203321554769
75,0.0017142899743068194
76,0.0017105430402800863
77,0.0017314458968076417
78,0.0017378236301005007
79,0.0017228009612733513
80,0.0017209701572642266
81,0.0017133269327478128
82,0.001740103957050874
83,0.0017283391920862447
84,0.0017282677091838546
85,0.0017277163708365746
86,0.0017193759552953695
87,0.001720038696208379
88,0.0017143981585896796
89,0.0017255007550790054
90,0.0018574002030417958
91,0.0019172140993299169
92,0.0019223009882362255
93,0.0019277151175722913
94,0.0019298205993832714
95,0.0019794618530750334
96,0.0019544191732505643
97,0.0019805970751633987
98,0.00195535248098515
99,0.0019820613621466614
100,0.0019781599310738614
101,0.0019769605916653073
102,0.001983327469958578
103,0.0020043896832579186
104,0.0020122747392815753
105,0.001995024633019957
106,0.001992682490640556
107,0.0020241720754561217
108,0.0020096507503325578
109,0.0020177487880929617
110,0.00209600489150651
111,0.0020152714980666083
112,0.0020442418891980564
113,0.0020349372953914037
114,0.002038925774351311
115,0.0020694146745351407
116,0.0020488207382521975
117,0.0020523737946143558
118,0.002047103464947369
119,0.002072294459745763
120,0.002061301910136286
121,0.002050688395470162
122,0.002062124371805792
123,0.0020596270896316793
124,0.00206694650875474
125,0.00206402552729132
126,0.002073522254520584
127,0.002069557026969178
128,0.002077672996060632
129,0.0021609643003983043
130,0.0020769737629483774
131,0.0020820369783367074
132,0.0020847815427857586
133,0.0021073774918230334
134,0.002092274060289027
135,0.0020924780779220777
136,0.0020893855659889736
137,0.0021085091592958727
138,0.002116194700671961
139,0.002171629519515595
140,0.0021141609590831843
141,0.0021388519739999126
142,0.0021200913912429375
143,0.0021212856496854253
144,0.002142586096315054
145,0.00211641371689139
146,0.0021248350396113275
147,0.0021259358369098715
148,0.002134654437260196
149,0.0021303391757696126
150,0.0021317733963256897
151,0.0021312821150028366
152,0.0021374488834074792
153,0.0021375957568644187
154,0.0021397766635818786
155,0.0021402584392077677
156,0.002139032440327752
157,0.002175201265766566
158,0.0021523523283171306
159,0.002148984730088495
160,0.002150645621118013
161,0.002150255531395607
162,0.0021774503696446066
163,0.002151719856076759
164,0.002159841399482004
165,0.002163001662346948
166,0.0021558882434116805
167,0.002162790912950219
168,0.0021929410882432065
169,0.0021710435361472834
170,0.002191515217097559
171,0.0021844981346309813
172,0.0021777119331742242
173,0.002185875626835329
174,0.0021835089421166696
175,0.0021874825827455234
176,0.0022309185106866762
177,0.0021997287690557455
178,0.0022524142445029985
179,0.0022981286991676578
180,0.002377536595003191
181,0.0024168235970413246
182,0.0024056143045880374
183,0.0024198929703846774
184,0.0024232346432597847
185,0.0024223599790592783
186,0.002430048921299289
187,0.0024625572041097003
188,0.002449704207132947
189,0.002465329455900368
190,0.002466081279051949
191,0.0024648003722970214
192,0.0024629322943215417
193,0.0024622887016293284
194,0.002474745787395518
195,0.0024776362020316025
196,0.002479483473727464
197,0.0024943845945247936
198,0.002548934915710002
199,0.0025037015104409552
200,0.002512306983443193
201,0.0025090604793062262
202,0.00250772186770428
203,0.0025438151955945766
204,0.0025098577154724815
205,0.0025201759032709554
206,0.002517289195940671
207,0.0025169292183105925
208,0.0025358915421460925
209,0.002528689928563979
210,0.002528068861822545
211,0.002523211893583725
212,0.002542688385067497
213,0.0025460280018642484
214,0.0025552993065600274
215,0.0025485059535689902
216,0.002570256503686128
217,0.002585241547558278
218,0.00255609320115725
219,0.0025580730664511186
220,0.002570342024277655
221,0.0026018382699198083
222,0.002578723499914281
223,0.0025858915227292257
224,0.0025779881342132328
225,0.002582135605150215
226,0.0025905367146526813
227,0.0025856250300635634
228,0.0025930822085095365
229,0.0026115266922222594
230,0.0025895035342229874
231,0.0025921069524713187
232,0.0025965204256423566
233,0.002597631659313089
234,0.0025967729360745263
235,0.002596743728940472
236,0.002630975280567041
237,0.002607185766580534
238,0.0026205067213114757
239,0.002607768601013914
240,0.00261606312527068
241,0.0026178655179875574
242,0.002632491609570419
243,0.002622519150323247
244,0.002623455318455774
245,0.002647483335092569
246,0.002634734683675699
247,0.002631744158534591
248,0.0026423838663745887
249,0.0026447315051230068
250,0.002639206843430198
251,0.0026516160242683797
252,0.0026493421705256234
253,0.002652999704352587
254,0.002661540410205653
255,0.002676291324514217
256,0.00266773712025142
257,0.0026721872965244173
258,0.0026652817132944155
259,0.002670866870557117
260,0.002679384382767191
261,0.002685184159703392
262,0.0026903804484214875
263,0.0027046593471152245
264,0.002688643220490775
265,0.0026946873441004936
266,0.0026995670276829045
267,0.0027093234266678673
268,0.002745010075854506
269,0.002815688141809291
270,0.0028232855436429324
271,0.002850583769310966
272,0.002863645897509032
273,0.0028847703337453647
274,0.0028835714367981572
275,0.002892205540179424
276,0.0029003901263775756
277,0.0029173281582125605
278,0.0029041313573057994
279,0.0029245939494882203
280,0.002924060628543853
281,0.002952083704642878
282,0.002929316347726034
283,0.0029370725939002855
284,0.002941560824145703
285,0.0029412481359649125
286,0.0029409454973853824
287,0.002948975770521819
288,0.002955094166260063
289,0.0029521247698311077
290,0.002967843443526171
291,0.0029601605324286327
292,0.002978193802946592
293,0.0030030764606350157
294,0.002976457119184976
295,0.0029801637744767046
296,0.0029865917884481564
297,0.0029947819187089064
298,0.0029991664124040286
299,0.0029986404405901116
300,0.003004063604152111
