1,0.001645134836748871
2,0.00165398013552925
3,0.0016599626449875723
4,0.0016475501781745728
5,0.001663083122886911
6,0.0016365809611740122
7,0.0016820505816626
8,0.0016966450115596656
9,0.0016617211012680216
10,0.0016604718258657904
11,0.0016534713060708554
12,0.001638886191799864
13,0.001669067799299628
14,0.0016409879087991494
15,0.0016615647376500907
16,0.0016619305305443967
17,0.0016663014302474035
18,0.0016606954847941523
19,0.001679987480881535
20,0.0016618705551220668
21,0.0016541429403827187
22,0.001650438790442834
23,0.0016507575261348248
24,0.0016568699779439635
25,0.0016558652247287754
26,0.0016615575209229774
27,0.0016576011465243728
28,0.0016655348233497607
29,0.0016603767138663442
30,0.001655982352339864
31,0.001710711290400565
32,0.0016487856498087837
33,0.0016669008338755524
34,0.001645690322692095
35,0.0016401204334207213
36,0.0016556120670897635
37,0.001663094875
38,0.0016529772200495137
39,0.0016483827020842066
40,0.0016474195469888078
41,0.0016559398058568506
42,0.0016478577749529841
43,0.0016930588442947915
44,0.0016591578276150046
45,0.0016705540194693965
46,0.0016714591578198528
47,0.0016547780702963475
48,0.0016991946651005246
49,0.0016501846021819665
50,0.0016728556823809053
51,0.001650440559497373
52,0.0016747483237547895
53,0.001667976805462908
54,0.0016521228232565896
55,0.0016510253778811296
56,0.0016549841928590685
57,0.001669635220496464
58,0.0016471183901534657
59,0.0016862833791255968
60,0.001655948513170531
61,0.001668179348725017
62,0.0016571973794118652
63,0.0016516910399862709
64,0.0016720513677176863
65,0.0017844862631189403
66,0.001669131349480718
67,0.0016593820608466513
68,0.0016459834428629804
69,0.001686334197941574
70,0.0017527896718479601
71,0.0016595709048683985
72,0.0016679671143024824
73,0.0016927126137171288
74,0.001672359998188738
75,0.0016640920940761738
76,0.0016479094706126117
77,0.001658226541031882
78,0.0016507963062265159
79,0.0016816669248244525
80,0.001665292191714503
81,0.0016554393840319363
82,0.0016652609423011267
83,0.0016340387931620443
84,0.0016502601364654765
85,0.0016530435765024101
86,0.0016575061907280096
87,0.0016656290399113627
88,0.001662101200234192
89,0.0016750139897936788
90,0.0016679870573997231
91,0.0017092424790783613
92,0.0016517853719833372
93,0.0016836756654133296
94,0.0016479409569751357
95,0.001668866740564505
96,0.0016546823139376083
97,0.0016616052999176912
98,0.0016542352803339993
99,0.0016685245741845298
100,0.0016724313853261619
