1,0.0016772923463668173
2,0.0016891831430824076
3,0.0016675129638064538
4,0.0016658677374541216
5,0.0016874179006860271
6,0.0017033312044273273
7,0.001678020192534448
8,0.0016680340592850913
9,0.0016484672219365896
10,0.001670384748781116
11,0.0016607741534437662
12,0.0016811625505212535
13,0.0016549530392394962
14,0.0016810761392873506
15,0.0016398238681574974
16,0.0016589379900500997
17,0.0017252898043388
18,0.0016623137762311882
19,0.0016776055015282028
20,0.0016571174802201582
21,0.0016411342838579268
22,0.0016694320376812596
23,0.0016911787126105886
24,0.00169829141030622
25,0.0016623667681458548
26,0.0016721642129826054
27,0.001666273247931586
28,0.0016647565055218766
29,0.0016763700697107007
30,0.0016581869496691951
31,0.0016766718419666377
32,0.0016671407169563108
33,0.001682068664622247
34,0.0016671625117134629
35,0.0016923668457567067
36,0.001667898768068331
37,0.0016639920057578204
38,0.0016663958601173838
39,0.001743368051707001
40,0.0017050834002075405
41,0.001661822046218199
42,0.0016784075932756418
43,0.0016711084413729065
44,0.0016528749224333273
45,0.0018417140390138379
46,0.0018181534442782347
47,0.0018236985288038784
48,0.0018580782007413203
49,0.0018618139121098242
50,0.001889167957191715
51,0.0018721473523618244
52,0.001885356439075476
53,0.0018965962135428882
54,0.0019082997517247439
55,0.0019095415418306462
56,0.0019450307386435933
57,0.0019204733544425257
58,0.0019264855385893176
59,0.001934752138249582
60,0.0019334263069945093
61,0.0019410441214662056
62,0.0019421042093257929
63,0.001951775834080028
64,0.0019539584404594
65,0.0019593422751109316
66,0.0019591855794112894
67,0.001993838987854251
68,0.0019665974811236505
69,0.001971381802631043
70,0.001975488488974035
71,0.0020184273018903714
72,0.0019839364984007212
73,0.0019875224546350274
74,0.001993413418744229
75,0.001993238069677526
76,0.002001209757407943
77,0.0020045777786973436
78,0.002007824089949062
79,0.002014090832466181
80,0.0020191865645194916
81,0.0020216381946474046
82,0.0020267685504456625
83,0.0020324810498929965
84,0.0020895958137023734
85,0.002047827608952204
86,0.0020519644711802765
87,0.0020706171694996126
88,0.0020718177917068473
89,0.00218502539185659
90,0.0022023388214651267
91,0.0022176807074428886
92,0.002241662066522485
93,0.002269950279913414
94,0.0022515981030314302
95,0.002254602560156687
96,0.002263245475855603
97,0.002298929441301273
98,0.0022814115251423147
99,0.0022848090663379014
100,0.0022899049947822784
