1,0.0016679117233848952
2,0.0016625109303303094
3,0.0016514047228419427
4,0.0016709493549385906
5,0.001665073622725478
6,0.0017020487400945363
7,0.0016608957476045459
8,0.0016631053434850319
9,0.0017002708427781305
10,0.0016649934665871123
11,0.0017218995611660152
12,0.0016805469702222066
13,0.0016976435229478645
14,0.0016610440742805027
15,0.0016564797569866342
16,0.0016659423348932129
17,0.0016544761233093274
18,0.0016513818706534401
19,0.0016656603643262359
20,0.0016558603492816191
21,0.0016737305782265873
22,0.0016759623003541229
23,0.0018048987485779296
24,0.0018348667622919673
25,0.001864662446651346
26,0.0018713061362142938
27,0.0018977133390918068
28,0.001911292591474461
29,0.0019195757372997004
30,0.0019275277282922141
31,0.00194040982827476
32,0.0019490443619504605
33,0.0019574305010397718
34,0.0019651349896857174
35,0.0019692969682191335
36,0.001981527832079176
37,0.0019841462551187547
38,0.0019898694467188325
39,0.0020000220296210493
40,0.002050978549748451
41,0.0020154027605575196
42,0.002028993928825028
43,0.0020389419906687405
44,0.002052640470647988
45,0.0021714745373879706
46,0.0022350097584187406
47,0.002244411171087446
48,0.0022706343048680857
49,0.0023178596157468452
50,0.002285972303165488
51,0.002291390092614581
52,0.0022994694918882915
53,0.0023160187413323137
54,0.0023580218528113602
55,0.0023400027663786033
56,0.0023562541229032764
57,0.002368238770369204
58,0.002381048732773642
59,0.002385506642857143
60,0.0023928608402514592
61,0.0024069415684226233
62,0.0024147160571342803
63,0.002423324961143143
64,0.0024396184313923027
65,0.0024513509065127114
66,0.0024643789967456523
67,0.002477352205973441
68,0.0025653600685040623
69,0.0026001213576070025
70,0.0026337155124046634
71,0.002689723117947814
72,0.0026724169971545438
73,0.0026883010963694907
74,0.0026963946498380427
75,0.002709481185538117
76,0.0027223467087466187
77,0.0027283888418079094
78,0.0027374345087163234
79,0.0027520399420553317
80,0.0027617910905466973
81,0.002776140858674554
82,0.0027898773722289214
83,0.0028058537516291193
84,0.002812248270543143
85,0.0029242174640217817
86,0.002931239314575017
87,0.002928852608780298
88,0.0029368326551522245
89,0.0029395593920765032
90,0.0029463220831295843
91,0.002949749843044928
92,0.002963229208220989
93,0.0029835716730507843
94,0.002996831061123177
95,0.0030065761683698905
96,0.0030239822830224004
97,0.003036507355428858
98,0.0030529603262526676
99,0.0030661350780532594
100,0.0030770741023017903
