1,0.0016530104570181214
2,0.001662428098138159
3,0.0016649242666382559
4,0.0016840096499824992
5,0.0016534359204031616
6,0.0016709216364654026
7,0.0016773645871430572
8,0.0016660520352015159
9,0.0016542956823744242
10,0.0016682585907971843
11,0.0018209977959933977
12,0.001873980101883297
13,0.0019107746867646123
14,0.0019333541667553187
15,0.002040841235137418
16,0.001968041299957933
17,0.0020059108164518107
18,0.002001039166804705
19,0.0020491730220736945
20,0.0020355058907170426
21,0.002063060657340874
22,0.002213706352103678
23,0.0022658317239600432
24,0.0022948125880952377
25,0.0023106926895263636
26,0.0023579403453272163
27,0.0023719700015767896
28,0.0023954968598264743
29,0.0024110744622585145
30,0.002431624695306204
31,0.002452175022889115
32,0.0024832658590986005
33,0.0026054958079473767
34,0.0026717139528703053
35,0.00269721756131334
36,0.0027215652791878174
37,0.0027413669127250013
38,0.002765795338547614
39,0.002792995339968375
40,0.0028188184348395544
41,0.0029406553045859
42,0.0029503844405251813
43,0.002969829599049227
44,0.002968700789265983
45,0.0030015969442369933
46,0.003033251831639694
47,0.003066135947570949
48,0.0030912800892216184
49,0.0031131529000517867
50,0.003131760710590974
51,0.0031516262946777976
52,0.003165108668588651
53,0.0031846530183468145
54,0.003207986787297917
55,0.0032298341050709064
56,0.003245437458212014
57,0.00326241312197418
58,0.0032892188133632713
59,0.003311558003972875
60,0.0033345898905410985
61,0.0033638540105157175
62,0.0033910610923233
63,0.0034019321885255176
64,0.0034173235252560937
65,0.0034352847745697628
66,0.003451111859386153
67,0.00346956759272519
68,0.0034953392956926658
69,0.0035206690921853064
70,0.0035416763263381285
71,0.0035657194874060983
72,0.003595991577460601
73,0.003618148936646519
74,0.0036251124365292713
75,0.0036593967413814103
76,0.003699652649057179
77,0.003738786793545399
78,0.00377145844019585
79,0.0038086546934380542
80,0.0038377502493287313
81,0.0038611628880376673
82,0.0034296920643478238
83,0.003428716219010736
84,0.003433494514115422
85,0.0034288171591953472
86,0.0034500040739170374
87,0.003487234658887537
88,0.0035531073126787525
89,0.003584320461916108
90,0.003631494244737623
91,0.003675549333133523
92,0.003697034669537511
93,0.0037159420793615814
94,0.003789770345938483
95,0.003843388306857807
96,0.003816800109093742
97,0.003845778458322776
98,0.0038466132725882506
99,0.0038972272948717933
100,0.003944580434235608
