1,0.004939025483220052
2,0.004828663991918773
3,0.00518340575921909
4,0.004606864455333799
5,0.004836191902119071
6,0.005798445160923434
7,0.005627469287297329
8,0.0064109168801708034
9,0.006685815946058667
10,0.006779552604093154
11,0.006873315152550091
12,0.007467239575645757
13,0.007558994762503931
14,0.006920906954974907
15,0.007929343864379088
16,0.007876913060189726
17,0.008613818861280082
18,0.008751752511291781
19,0.00875460683846294
20,0.009176233125380401
21,0.009211045379192075
22,0.008807042475940507
23,0.009692825651646798
24,0.009986456465250567
25,0.009918497868177138
26,0.009338817408049295
27,0.010410570347714102
28,0.010269219145535906
29,0.010115989013641132
30,0.010140333639206262
31,0.011387101841426226
32,0.011532547411736642
33,0.011735653843355965
34,0.012833568230135532
35,0.013625585770403683
36,0.014468041662719092
37,0.015411746936821956
38,0.01606413001963672
39,0.016570408422664624
40,0.01713204909830269
41,0.01756687020253165
42,0.01797047011646374
43,0.018128632004491857
44,0.018053156594323876
45,0.01863385989105505
46,0.018951347474443773
47,0.01933233725947522
48,0.019850744143876334
49,0.02004923570566948
50,0.020443576127480458
51,0.020623783243405275
52,0.020884604904380013
53,0.0211973467673716
54,0.021499888318042813
55,0.021670681390856407
56,0.02201215491216656
57,0.0220019783616188
58,0.02252452780952381
59,0.02273654238190286
60,0.02305803904605263
61,0.023540756979778216
62,0.023784868533604887
63,0.023823296955345064
64,0.0242663702045134
65,0.024209727533783785
66,0.024491307310984308
67,0.02493056983122363
68,0.025002034102200144
69,0.025251813933873143
70,0.02563453448524118
71,0.025844148852223817
72,0.026133472472727272
73,0.026338478750897343
74,0.02675052713235294
75,0.0268892685171386
76,0.027307676030534356
77,0.02759097794891059
78,0.027853279172989378
79,0.028314569984973705
80,0.028430404965357967
81,0.028718596325757576
82,0.02921140342519685
83,0.029552321744372997
84,0.029818063062700965
85,0.02987553911696359
86,0.030212698368678632
87,0.030541805767992983
88,0.030890806535947713
89,0.03120203736401674
90,0.03143801272878536
91,0.031541725715453814
92,0.03183077048346056
93,0.03247065494411007
94,0.032759232877882155
95,0.03072543283950617
96,0.030785649261083743
97,0.030887505690072637
98,0.030945259937156328
99,0.0312949036
100,0.031621150377516775
