1,0.004874783752884413
2,0.005134273234200744
3,0.004987882453441296
4,0.004597278506375228
5,0.004441353201787759
6,0.005116320835995739
7,0.004959315965270685
8,0.0046031096915319595
9,0.00454546253362798
10,0.00493418009110674
11,0.005709035337206365
12,0.006162222332994666
13,0.006208573409768105
14,0.005642811659245371
15,0.0060136027060270604
16,0.0066221437310970575
17,0.0066892621836991475
18,0.006583050365466833
19,0.006775332676722198
20,0.006389087111553784
21,0.006864124405644241
22,0.0072092520729092205
23,0.007455420789027585
24,0.007513497949698292
25,0.007593006328715365
26,0.00737019100168911
27,0.00784327398620916
28,0.007849037780343005
29,0.007462799228991158
30,0.007797651459099773
31,0.007824990647832441
32,0.008582854491390025
33,0.008652834732525113
34,0.008725543366979092
35,0.00799793002111375
36,0.008817671849708487
37,0.008454584176649384
38,0.008331139668700959
39,0.00842707063948423
40,0.009232086369175862
41,0.009110333745634459
42,0.008746556939055407
43,0.009705299531956101
44,0.009890189470996732
45,0.009512089785914364
46,0.009347497153128641
47,0.009968623470394736
48,0.009999695082781456
49,0.01026041153028693
50,0.009445078208373904
51,0.010403223719723182
52,0.010465816717062638
53,0.010801162586476233
54,0.010437783922421028
55,0.010113608651116714
56,0.010111046721653789
57,0.010152589460214408
58,0.010426735414788097
59,0.011354645350199113
60,0.01153699948577833
61,0.011507876362700595
62,0.011709059665398435
63,0.011810765733177752
64,0.012216722303637882
65,0.012475543645549377
66,0.012809549511054423
67,0.013817072627947099
68,0.013655406009615382
69,0.014737896610576926
70,0.014945808961593175
71,0.015397258259803922
72,0.015954228320987654
73,0.01620505256345178
74,0.016417190532544382
75,0.01685167428725121
76,0.0172543278841042
77,0.01745679913888889
78,0.017470794954859266
79,0.017709739433131536
80,0.01775214941613588
81,0.017804015920679886
82,0.01811692707552223
83,0.018040704288816503
84,0.018261203496503495
85,0.01826436771939631
86,0.018654253655133925
87,0.018802854476744183
88,0.019002355245346873
89,0.019118971084686773
90,0.01935873212630359
91,0.01974680207481005
92,0.019876330861380492
93,0.020106476959544883
94,0.020083421775147926
95,0.02044751684782609
96,0.020549859283196237
97,0.020475002815649082
98,0.02070174548505186
99,0.020675989252625076
100,0.020876846014277216
