1,0.0050478751440243014
2,0.004917683505559751
3,0.005141774097433667
4,0.004980020465552258
5,0.004677624919663351
6,0.00526195713732139
7,0.004461128550273952
8,0.005033750608779237
9,0.004613365712851406
10,0.004618027628098363
11,0.004537783720049248
12,0.004583990384431481
13,0.004874622338432719
14,0.00533691622771888
15,0.005912689008199922
16,0.006186693776824035
17,0.006205648448299229
18,0.005625060297549592
19,0.0056458436441161166
20,0.006383460156912638
21,0.0064841810135135135
22,0.006636869541649511
23,0.006711534181150205
24,0.006622972065955383
25,0.006774155831916099
26,0.006419186698412699
27,0.006477217886069115
28,0.0067350513400335
29,0.00743101190805658
30,0.007321948980335034
31,0.0075803801783479365
32,0.00756012010220126
33,0.007617239844040314
34,0.007626415023809524
35,0.0077184873665763895
36,0.006939191172680413
37,0.00795801462690471
38,0.007835388948058332
39,0.0077681830598455605
40,0.00783857236624835
41,0.00782810615372142
42,0.008241557689678741
43,0.007822813643685566
44,0.00782558649879389
45,0.007836642989997537
46,0.007975190523191795
47,0.008759485082622118
48,0.008230911262861757
49,0.008461431972849083
50,0.0091602697112462
51,0.008366292678634283
52,0.009278648785245524
53,0.009205066873674646
54,0.008878653677007301
55,0.008763584408437212
56,0.008887813133415197
57,0.009735227872545863
58,0.009687084228594506
59,0.009450429034810125
60,0.009383063391457681
61,0.01005101260339531
62,0.009978845650372827
63,0.01000433585176085
64,0.009342938915593157
65,0.01028050042625746
66,0.009661892705905593
67,0.00990074389563505
68,0.010453350240397587
69,0.010291898026734563
70,0.010748126808699512
71,0.010335297412611376
72,0.010573568848167538
73,0.010140182752466932
74,0.010143807936674354
75,0.0110361804024697
76,0.010185126369359915
77,0.010827876105263161
78,0.011424083109223873
79,0.011509747246551995
80,0.01162738018549747
81,0.01147206946308725
82,0.011530994233055886
83,0.01174954112138166
84,0.012405004591397206
85,0.012609049342624242
86,0.012450206663907287
87,0.013171040226590228
88,0.013496347556053813
89,0.013703228889899909
90,0.014171738966813811
91,0.014469586004784691
92,0.014918597109683792
93,0.015612081217616581
94,0.015780994299674268
95,0.01610271860701576
96,0.016255565715245134
97,0.01647943134449244
98,0.016574872473404254
99,0.016955138485804416
100,0.017161689748953976
