1,0.004589143058233706
2,0.004733161810044754
3,0.004995403665180782
4,0.004982851728374835
5,0.005066469111658809
6,0.005044183261122265
7,0.004971469816313823
8,0.005049683809726962
9,0.005060444015669278
10,0.00484466158318882
11,0.004825878245792961
12,0.005097343213794563
13,0.005100840638510143
14,0.004874277905405406
15,0.005113150078773238
16,0.004951005263157894
17,0.005118153928571428
18,0.004967103031451494
19,0.004988947959681352
20,0.005019462410488626
21,0.005005909611207645
22,0.005014704317820935
23,0.00514339687235841
24,0.005009060111169932
25,0.005176133552274454
26,0.0051943511769686704
27,0.005210930194344362
28,0.004872060339127651
29,0.005210802060719132
30,0.004877809010111761
31,0.00472466863243518
32,0.005236546248636859
33,0.005271456793103448
34,0.0046015073470933535
35,0.005286639432769518
36,0.00456590296324081
37,0.00526746345703778
38,0.00526047407755381
39,0.004510931427769461
40,0.00526478853258081
41,0.004508504759063106
42,0.005250088679673071
43,0.004454501038801438
44,0.005225290811088295
45,0.005226155751233622
46,0.004435171688620563
47,0.004428432733019699
48,0.005111841104447777
49,0.004430411709472521
50,0.005112714495635841
51,0.004511579006304695
52,0.004505547488901152
53,0.004525284297520662
54,0.004512376665096562
55,0.005031410170582555
56,0.004526061447344796
57,0.0049501407722169774
58,0.0046143925617776
59,0.004580045072533849
60,0.0046287240075426755
61,0.0045830986661094
62,0.004595474066126987
63,0.004643014750302859
64,0.00457123422886047
65,0.004582744934672388
66,0.00459979704613062
67,0.004579239727533461
68,0.004960941279611047
69,0.004580646750746126
70,0.004990325147430497
71,0.0049768214547864205
72,0.004979287092757833
73,0.004545183122824982
74,0.004985489710765935
75,0.004967128372886867
76,0.0050036132264210855
77,0.00458616869074854
78,0.004919945544605809
79,0.0045940776449346086
80,0.004859347981884634
81,0.004891490886178042
82,0.0047362497985120895
83,0.004667098836977139
84,0.004882661025911582
85,0.00486126775857801
86,0.004792641174152877
87,0.0047910220495337415
88,0.004806551242668258
89,0.005206425824235218
90,0.004798105353743655
91,0.0052790457554900035
92,0.006067771500692933
93,0.005472732287439816
94,0.005902975866735404
95,0.005623920801124386
96,0.005804642136536031
97,0.005761078477389812
98,0.005896392784971111
99,0.005735977338040381
100,0.0060693927121029355
