1,0.004964698358998289
2,0.0050232346758967905
3,0.005070413989023996
4,0.005040234979574736
5,0.005081556792171173
6,0.0051002634082397
7,0.0048947607180183945
8,0.005109968253968255
9,0.005101698358714044
10,0.0049514113810212946
11,0.005008461598188288
12,0.004994792726991971
13,0.004989880288409992
14,0.005197901988828706
15,0.004943456924079506
16,0.0052220081690296846
17,0.005231642043103449
18,0.005299702075471698
19,0.004417160407901958
20,0.004434484038631672
21,0.005212983090266269
22,0.005115725489539749
23,0.004450561272424634
24,0.005208640978854024
25,0.004497327208103878
26,0.005067067866004963
27,0.004522824706216831
28,0.004517497564295101
29,0.0045987150479525046
30,0.004579994186046512
31,0.004900002230252967
32,0.004756165038391595
33,0.004865879298653983
34,0.00480487316070898
35,0.006134160678861265
36,0.005313267752278096
37,0.005420370274460267
38,0.005833547144855652
39,0.005882613823635925
40,0.005782135097375106
41,0.006068127142137098
42,0.00618801543532176
43,0.006177760376623377
44,0.006184012692508485
45,0.0062367671027069044
46,0.0062581559182379965
47,0.0056387157632289105
48,0.00627638033100356
49,0.006320459263363756
50,0.006387029411764706
51,0.0064922866412213745
52,0.006472413415124697
53,0.00669140696951807
54,0.006667225984416307
55,0.006659278594450671
56,0.006722694222222222
57,0.0066428342488327385
58,0.00671465040477205
59,0.006622885746887966
60,0.006753407290647282
61,0.006540281571760206
62,0.006504554632225337
63,0.006791125472308832
64,0.006798980188145424
65,0.00644398
66,0.006475546622069148
67,0.006849314285714285
68,0.006880075623142009
69,0.007052899190608137
70,0.007456983883346126
71,0.007124886334684423
72,0.0074383724519600306
73,0.007235379630152506
74,0.007270917587139234
75,0.007441769934792734
76,0.007436644782875555
77,0.00744687899570679
78,0.007480700935599562
79,0.007559538536230974
80,0.007608463770285173
81,0.007654248887837199
82,0.0076266996615088215
83,0.007604318346456694
84,0.007625007908082408
85,0.0071614801034172665
86,0.007683526772343475
87,0.006928913948007428
88,0.00786408622472446
89,0.006931280466920992
90,0.0079316974990814
91,0.0069753829891696754
92,0.007122884225186923
93,0.0071621631684491965
94,0.0072260103909617965
95,0.007514161263286862
96,0.007941574493424825
97,0.007765667790281405
98,0.007790930086858613
99,0.007852036167893636
100,0.007802079791700307
