1,0.0016973010957003502
2,0.0016930356331111892
3,0.0016961354167137556
4,0.001701910503641082
5,0.001700314420480449
6,0.0017359991288792968
7,0.0017047691115813634
8,0.0017344455464949427
9,0.0017230493875336856
10,0.001714226410680363
11,0.0017266393704999988
12,0.001753614992709037
13,0.0017294284596390572
14,0.001724380205489782
15,0.0017344024171812638
16,0.001720224403402927
17,0.0017221822311662997
18,0.001721235440491317
19,0.001720659038290294
20,0.0017155606531964933
21,0.0017108298207157114
22,0.0017821695947166539
23,0.0017312120998489318
24,0.0017279591252156415
25,0.002012048366256678
26,0.0020263410070296578
27,0.0020665710521831737
28,0.0020794169335738672
29,0.0021150740493966493
30,0.002130053835347008
31,0.0021190069512886486
32,0.0021310982564320645
33,0.002169720844951976
34,0.0021582529931065153
35,0.002161047007631544
36,0.002176844773104718
37,0.0021709473763303114
38,0.002210404529774873
39,0.0021889441031329227
40,0.0022456877873039036
41,0.002200237307552154
42,0.002204215509523592
43,0.002217553533893249
44,0.002239674090069284
45,0.0022459654456088284
46,0.002248013225252009
47,0.0022566687776381326
48,0.00228012658519389
49,0.002282558410646388
50,0.0024988381308023444
51,0.002496645350886286
52,0.0025388590309527565
53,0.002562446528951817
54,0.0025818625236051504
55,0.002601664336933046
56,0.0026038179949809627
57,0.0026106714440683847
58,0.0026203036908943526
59,0.0026268116525653543
60,0.002659947357009551
61,0.002682937782618276
62,0.0026837923372813816
63,0.002698056810870771
64,0.0026878669836429164
65,0.002689076288000889
66,0.002696422648763093
67,0.0027133614050930104
68,0.002733548909685626
69,0.002740917219236724
70,0.0027488590755612337
71,0.002762821937759572
72,0.002768140026269202
73,0.0027940079350507775
74,0.0027803693636468158
75,0.0029475574115991683
76,0.002981789555500832
77,0.0030390993789760684
78,0.003038070157464419
79,0.0030564338626671047
80,0.003106255940921239
81,0.0030822417809967455
82,0.0030940942221510887
83,0.003107195980077121
84,0.0031293205638903256
85,0.0031257543767778647
86,0.003138735387107223
87,0.0031491571609426738
88,0.003178004456751055
89,0.0031809339585755045
90,0.003186032874245153
91,0.0031954581015077505
92,0.003196381369528262
93,0.003179732662227859
94,0.0031888063545858925
95,0.00314724144041868
96,0.0031766883623877444
97,0.0031574361309648935
98,0.00317517419269734
99,0.0031848279742425845
100,0.0032069498881286272
