1,0.0017462683681033566
2,0.001730480049121815
3,0.001716677816571881
4,0.00172633599804447
5,0.0017070471104670129
6,0.001762050541919069
7,0.0017187287199398795
8,0.0017835819202488687
9,0.001778348619604477
10,0.00174120837151921
11,0.0018597907396175255
12,0.001764849815658492
13,0.0017668507012229332
14,0.0017304608504896694
15,0.001757893269401843
16,0.001723785174259752
17,0.001712442882484976
18,0.0017216251264965791
19,0.001703816466542751
20,0.001722258720137743
21,0.0017005507307652156
22,0.0017095499499928566
23,0.0017124379912207687
24,0.0017115898284961117
25,0.0017175191025230422
26,0.0017585433726020714
27,0.001728000429819868
28,0.001708280251719443
29,0.0016954698230879199
30,0.001761294346972205
31,0.0017890422914780128
32,0.001714986115731729
33,0.001712605332389328
34,0.0017101063759905465
35,0.0017176726280315432
36,0.001724912796344978
37,0.0017153814861637867
38,0.001707981757016532
39,0.0017115351042910317
40,0.0018084626347290903
41,0.0017362346205427581
42,0.0017354938604112367
43,0.0017125577017713274
44,0.0017115239187468676
45,0.0017090558911641348
46,0.0017337425162418788
47,0.001748648714915582
48,0.001717781876226146
49,0.0017246549970109362
50,0.001715266636883488
51,0.001737303134178666
52,0.0017582634397326374
53,0.0017312797146853878
54,0.001771714500723589
55,0.0017246888596459601
56,0.001723400487442467
57,0.0017252435051069433
58,0.001726527293312355
59,0.0017207782046748468
60,0.0017441054518523807
61,0.001730432568676418
62,0.0017412210847688287
63,0.0017336108748568157
64,0.001736095788659423
65,0.0017658551172478186
66,0.0017533627857194687
67,0.001738005305341886
68,0.0017508086735803902
69,0.001759663979214948
70,0.0017427852642166901
71,0.0018367685027124772
72,0.0017640500748065974
73,0.0019391610406129674
74,0.0020053527330993635
75,0.0020035026723245705
76,0.0020607416953510554
77,0.002019832756677796
78,0.0020372957480481115
79,0.002078416714085524
80,0.0020876746300211415
81,0.002082078478111882
82,0.0020831922565452284
83,0.0021043444743818174
84,0.002087987713765069
85,0.0021052044206325104
86,0.0021080102540756156
87,0.002144239850231421
88,0.0021319604806642684
89,0.0021940236706629057
90,0.002174578742759051
91,0.0021229005839377636
92,0.002135714567585614
93,0.0021282473305954826
94,0.0021394550040487645
95,0.0021377166275579774
96,0.0021395298628566393
97,0.002146009532589861
98,0.0021419268363791506
99,0.0021499703193612776
100,0.0021736415268343154
