1,0.0017068305369315005
2,0.0017594402801190772
3,0.0017168192269137541
4,0.0017046049108268783
5,0.0017063043354630344
6,0.0017015112447735807
7,0.001739765558040545
8,0.0017266204864376132
9,0.0017104810016340443
10,0.001704191659028414
11,0.0017066483698662657
12,0.0017282879762005121
13,0.0017199877108007775
14,0.0017008711621570838
15,0.0016997992391538958
16,0.001747787411187521
17,0.0016949293990065066
18,0.0018543833205406912
19,0.0017028505724986623
20,0.001713647908800997
21,0.001703993258225396
22,0.0017050456517468168
23,0.0017039309481827996
24,0.0017230221510183964
25,0.0017102704834845463
26,0.001717825564923474
27,0.0017207802599053606
28,0.0017113039110649274
29,0.001707807670484959
30,0.0018117450250347174
31,0.0017128624502712913
32,0.0017427180736416703
33,0.001710050313832923
34,0.001707841998017208
35,0.0017102705620063337
36,0.0017034053399438464
37,0.0017351352689152176
38,0.001686836070252854
39,0.001723826625849747
40,0.001699725650524674
41,0.001745073574450328
42,0.0016969887057215933
43,0.001714664655690086
44,0.0017195810488187851
45,0.0017150490324581277
46,0.0016949825593008739
47,0.0017246924665040477
48,0.0017177373252047284
49,0.001754622185940887
50,0.0017101305381420498
51,0.0017258115246846283
52,0.0017286444208594544
53,0.0017338186572152254
54,0.0017343532221763497
55,0.0017157431670243206
56,0.0017135951918961331
57,0.0016995356709987037
58,0.0017143950194277637
59,0.0017204095601152413
60,0.001713247596068552
61,0.0017020668401302747
62,0.0017142154630311961
63,0.001696805518148343
64,0.0017124460417979655
65,0.0016983815458410938
66,0.0017552485218421971
67,0.00170198079613824
68,0.0016961073339853984
69,0.0017196870921288331
70,0.00170492122012229
71,0.0016999846875890567
72,0.0017211915345705835
73,0.0017143078550662214
74,0.0017253342238779494
75,0.001703267695524735
76,0.0016828145416604694
77,0.0017158208245882393
78,0.0017029073806410573
79,0.0017225266238159672
80,0.0017201975420577298
81,0.0017059965214026942
82,0.0016982378414531116
83,0.001729187698773705
84,0.0017266135472091809
85,0.001690486834883638
86,0.001697544137890348
87,0.0017140236239425151
88,0.0016957915505957377
89,0.0017200613552002283
90,0.0017402322647402859
91,0.0017223527798290957
92,0.0017179220727061724
93,0.0017145913582911068
94,0.001708221275592202
95,0.001692488696193809
96,0.0018282918094689837
97,0.0017097911994533605
98,0.0016898160813673742
99,0.001703639597855228
100,0.0017287612105863887
