1,0.0017108588417169925
2,0.0017000745010660237
3,0.0017136800851757885
4,0.001701020994766301
5,0.0016973932993730408
6,0.001706088545699975
7,0.0017230786038077966
8,0.0016921868285530363
9,0.0017126883939862303
10,0.0017346837278210256
11,0.0017185414581581161
12,0.0017189294147411033
13,0.0016993024215730646
14,0.001711448924636248
15,0.001712459975898512
16,0.001700858056677268
17,0.0016998906351343383
18,0.0017302037922995817
19,0.0017027878552461604
20,0.0017030044224548711
21,0.0017187493820202894
22,0.0017269905430397252
23,0.0017308419109277177
24,0.0017124049434828683
25,0.0017257195783302328
26,0.00172791767079646
27,0.0017618497505219575
28,0.0017333425605784033
29,0.0017391858945710308
30,0.001770208284153807
31,0.0017493267787348
32,0.0017524344772011152
33,0.0017661817156952313
34,0.002000326619136185
35,0.002064622965029604
36,0.0020849905450018944
37,0.0021037123208758747
38,0.002102036469153015
39,0.0021481364292615934
40,0.002147390068781895
41,0.0021480875160192676
42,0.002155945793375954
43,0.002148451253772413
44,0.0021967215269569963
45,0.002169613573798422
46,0.0022045562942169888
47,0.002196067507843405
48,0.002175229347972821
49,0.002205716708485401
50,0.0022027553304125595
51,0.0022190734662013226
52,0.002253219286088845
53,0.0022468950872806402
54,0.0022827773458241676
55,0.0022256163154504467
56,0.002271936258854513
57,0.0022572622012070943
58,0.002263955476978634
59,0.0022814738364588865
60,0.0022898917343579057
61,0.0022884771336288186
62,0.0022825919682316126
63,0.002328303681262975
64,0.002275572788497919
65,0.0023149134962424014
66,0.002295815281323877
67,0.0024589385247559803
68,0.002506471898549971
69,0.002584026820054945
70,0.0025900385435474165
71,0.0025880456439556663
72,0.0025906605644118916
73,0.0026072282895445243
74,0.0026170820269029223
75,0.0026216606472439234
76,0.0026521923289848713
77,0.002639701490048119
78,0.0026745730552952206
79,0.0026735538839779004
80,0.0027068010907779685
81,0.0026693122549290333
82,0.0027428442651843818
83,0.002707808875473058
84,0.0027431046345242436
85,0.0027213892608341627
86,0.0027506224141729423
87,0.002738511022654899
88,0.0027252873844899436
89,0.0027623517743403095
90,0.0027911588320902307
91,0.002763100895052902
92,0.00276700405289615
93,0.002775795600506417
94,0.0027858302016525102
95,0.0027940024714608563
96,0.002810923102002795
97,0.002803011798176857
98,0.002791564124963841
99,0.0028098002326392923
100,0.0028532796553033895
