1,0.0018140036336499322
2,0.0017898960355150336
3,0.0017888221385487114
4,0.0017855214183368376
5,0.0018231429955045504
6,0.0017900899894475956
7,0.0018043526572303556
8,0.0017910374133511045
9,0.0018643484347576475
10,0.0017956756330694058
11,0.0017887888658910855
12,0.0018010940252436703
13,0.0017871235890636764
14,0.0017839996207153238
15,0.001831167813386631
16,0.001780327526713763
17,0.002006232377606468
18,0.0020486278240314615
19,0.002060181805019305
20,0.0020870815189654667
21,0.0021127873330479456
22,0.0021199969735812988
23,0.002152367234889929
24,0.0021518576712691345
25,0.002176563001018645
26,0.0021642863377904133
27,0.0021761468665114476
28,0.0021768320941870337
29,0.0021911580348717027
30,0.0022483270558909625
31,0.002213860009556749
32,0.002220154137283634
33,0.0022538299114592997
34,0.0024331538707262285
35,0.0024711195745206155
36,0.0025218692980623594
37,0.002533264339256696
38,0.0025759316633213606
39,0.0025736039684580436
40,0.0025886483897356407
41,0.002628660342743676
42,0.002628656916050457
43,0.00265674019714628
44,0.0026431417090928997
45,0.002664902141753147
46,0.0026776197457549387
47,0.002682987859442656
48,0.002707575991883708
49,0.0027266777666999004
50,0.002739284861717613
51,0.002889551074031454
52,0.0029277026438522106
53,0.0029808558780127885
54,0.0030073083116623316
55,0.0030289760046328935
56,0.0030435374017480973
57,0.0030747172526912545
58,0.0030958187123831474
59,0.003111444597634657
60,0.003117031459083891
61,0.0032079219702211533
62,0.0031484565098983974
63,0.0031695646367183384
64,0.0032583090441275393
65,0.0032611482343445214
66,0.0032462939059565332
67,0.003247651479369339
68,0.0032716666655409963
69,0.0032903874534909168
70,0.0032861731736657917
71,0.003318814977440299
72,0.0033081722831336023
73,0.0033310988740444876
74,0.003389551458756035
75,0.003406351718466424
76,0.003404965886904311
77,0.003413818586684845
78,0.0034180128368453836
79,0.0034318182398540807
80,0.003458994197160996
81,0.003474010213666021
82,0.0034725597181381337
83,0.0034881938656069365
84,0.003513257862229327
85,0.003516995234113712
86,0.0035287959730320707
87,0.0035421699364313903
88,0.0035668135759230678
89,0.0035680107363420424
90,0.003557414116392082
91,0.003576711151829058
92,0.003597489593301436
93,0.0036178195895940797
94,0.0036521748469965994
95,0.0036592414839733897
96,0.0036587418116490167
97,0.0036870261168515427
98,0.003696469340721452
99,0.003703986826896067
100,0.0037012470729603153
101,0.0037062103367460214
102,0.0037175353628384226
103,0.0037333933424419327
104,0.0037612986863520114
105,0.003767034159875826
106,0.0038013274276980954
107,0.0038102458823991207
108,0.003824366791220893
109,0.0038595070193446503
110,0.0038813304702556856
111,0.0038851874678663234
112,0.003884432518604055
113,0.0038984704685890827
114,0.003934219144710174
115,0.003970172097941918
116,0.004004543525912646
117,0.004007600868069773
118,0.004056305265340526
119,0.004031355153743316
120,0.004070056231202991
121,0.0041208153530446455
122,0.004111831270495248
123,0.004164540823748308
124,0.004182349432260877
125,0.004207501977673649
126,0.004188617442020983
127,0.004079910676943701
128,0.004066509923715203
129,0.0040656227806701375
130,0.004037781782945737
131,0.004081844311657097
132,0.004064243988524153
133,0.0041167472185265255
134,0.004135876644764553
135,0.004195470837217184
136,0.004165742662632374
137,0.004186323618994877
138,0.004294054624277457
139,0.004296932471665214
140,0.00432946545605888
141,0.004383345368246767
142,0.0043531256445144655
143,0.004441890231373951
144,0.0044311377106045595
145,0.0044537796570397106
146,0.00447994953812715
147,0.004488696895142986
148,0.004495222769434629
149,0.004480010183269287
150,0.004540883763728108
151,0.004545354269248502
152,0.004618782501389146
153,0.004609462452285635
154,0.004651902430922543
155,0.004660979244142102
156,0.004608427831617202
157,0.004687702877315517
158,0.004657214523990861
159,0.004673249318738519
160,0.004693152030260923
161,0.00472713462075384
162,0.004766487556387369
163,0.004853403124692452
164,0.0047697553557466766
165,0.004833165199686766
166,0.0049558423783359505
167,0.0050126746167645135
168,0.0052472291580041575
169,0.00524070987823701
170,0.005330063276193807
171,0.005577235093681116
172,0.005710511286702824
173,0.005923238386789078
174,0.006118709161988772
175,0.006329382574498017
176,0.0063810293900379905
177,0.006523870844099914
178,0.006612111183319795
179,0.0067737480207612465
180,0.006949801987179486
181,0.007080877447058823
182,0.007361060129679472
183,0.007879393438974798
184,0.008523869779450377
185,0.008904288240673007
186,0.009093766415004706
187,0.009525786229819562
188,0.009967761336671727
189,0.010528823754332754
190,0.010974446520560325
191,0.01095387297051329
192,0.011031166423462569
193,0.011107003552879389
194,0.011172695500575376
195,0.011246312127589302
196,0.01128722089639115
197,0.01134259240768651
198,0.01140663440582433
199,0.01146693266414738
200,0.011562622566371682
201,0.011634910015497869
202,0.011714249538011907
203,0.011807915471746215
204,0.011899185649509803
205,0.011998226186356894
206,0.012094563318438209
207,0.01222333496978852
208,0.012348899198473283
209,0.012502727536924626
210,0.012633804900776811
211,0.01283637357336533
212,0.013039432758345968
213,0.013136513315290935
214,0.01320148629074492
215,0.013348848282559783
216,0.01349951164942433
217,0.013625616383541378
218,0.013735518755718209
219,0.013854139155514535
220,0.013957185750813573
221,0.014050411450492182
222,0.014171357962079656
223,0.01427850740720743
224,0.014407762529444151
225,0.014524054424564802
226,0.014633714776839567
227,0.014768496211199026
228,0.014817444822344322
229,0.014979098614153558
230,0.015129092598187312
231,0.015248107952332276
232,0.015364712811395427
233,0.015435947337181951
234,0.015512195874012435
235,0.015699463345195726
236,0.015891164323172727
237,0.016037768877977636
238,0.01615914886363637
239,0.01637121601890756
240,0.016584024730312837
241,0.01665120775623269
242,0.016740092686604143
243,0.01693943279628618
244,0.017086632208604003
245,0.01720214872073676
246,0.017274803866996126
247,0.01731319538744347
248,0.017365942745664737
249,0.017417330423433873
250,0.017534041004296452
251,0.017651947798398838
252,0.017771789749065667
253,0.017820369881656802
254,0.017356773645873163
255,0.017432707622811967
256,0.017525648700361014
257,0.017612210733137835
258,0.017688506374269004
259,0.017743950354191268
260,0.01781391903066813
261,0.01789389651227679
262,0.017969628013723694
263,0.018028624356216594
264,0.01809381233572282
265,0.018153208043725944
266,0.018220200695603785
267,0.018290217138554218
268,0.018349962943746585
269,0.01841806796116505
270,0.01848704209039548
271,0.018561225657492353
272,0.018640801566951564
273,0.018722814675174015
274,0.018794606045650832
275,0.018882493427672953
276,0.018960288605230382
277,0.019034774695493303
278,0.0190965125794155
279,0.019158921319311663
280,0.01923867755351682
281,0.019302302748610254
282,0.019361868617683683
283,0.01945203763837638
284,0.019537257921686747
285,0.019610125503871416
286,0.019694937530940596
287,0.01972122052401747
288,0.01972744281230383
289,0.019863906630012935
290,0.019987585339987526
291,0.02007789306868305
292,0.020148715551839464
293,0.02022528657774073
294,0.02029754410838059
295,0.020361201012658228
296,0.02041547492063492
297,0.020475542916137228
298,0.020525905335731415
299,0.02059204948253558
300,0.020658673588578848
