1,0.0018248790189256804
2,0.0018108779095800383
3,0.001778505535273645
4,0.0017746197667889497
5,0.0017763468947424779
6,0.001784692343308948
7,0.0018408578161419756
8,0.0018470129289617485
9,0.001774115267287527
10,0.0017894041829145005
11,0.0017963491430686652
12,0.0018384491035249393
13,0.00179758714978602
14,0.0018764347664034244
15,0.001882651280538317
16,0.0018031699262737047
17,0.0018182237837936846
18,0.0018115111646964973
19,0.0017741597117007142
20,0.0018219412125376607
21,0.0018281568368565208
22,0.0017749373510180433
23,0.0017929323460187563
24,0.0017755810734564794
25,0.0017947717310142072
26,0.0017753991217871526
27,0.0018211710994744314
28,0.0017676978232712094
29,0.001786647129655414
30,0.0018217957800367604
31,0.0019828428362230442
32,0.0018323118996271084
33,0.0019236335635388607
34,0.0018199933255179915
35,0.0018397960941219562
36,0.0017913652803191983
37,0.0017924594001214763
38,0.0017818007739548915
39,0.0017689787544084023
40,0.0017967423927481602
41,0.001792301896441237
42,0.0017981277847613642
43,0.0017966642548127643
44,0.001832426188862331
45,0.0018065413125950632
46,0.0017919509399920615
47,0.001777743294297635
48,0.0017989789214861306
49,0.0017737684598550618
50,0.001768669731969347
51,0.0018292807129025518
52,0.0017712164910450982
53,0.0018087291702276439
54,0.001792293738924985
55,0.0018108728132922392
56,0.0017955456649147348
57,0.0018062065129375393
58,0.0017875163885829515
59,0.0017900163098236775
60,0.0018305953530506314
61,0.0018149299374280786
62,0.0017986316993846593
63,0.0017905874441723093
64,0.0017693256433490394
65,0.0017810150132369779
66,0.0018129236158013222
67,0.0017853544825746797
68,0.0017594217139329244
69,0.0017754193141624225
70,0.0018363735313783082
71,0.0018317530420414903
72,0.0017721409913482337
73,0.0018142453467529665
74,0.001804930460557517
75,0.0017797657626082888
76,0.001786123743228602
77,0.0017955548587906805
78,0.001810003943083228
79,0.0018485726814630276
80,0.0018303146916151972
81,0.0018141639594724988
82,0.0017943252492167473
83,0.001796906234180365
84,0.0017855078859606312
85,0.0017760197616315655
86,0.0018584371163348878
87,0.0017772902989334001
88,0.0018070363125174628
89,0.0017807221010694067
90,0.0018022087629705824
91,0.0017834606371895318
92,0.0018019017490818713
93,0.0018176886335462149
94,0.001782864215858546
95,0.0018740245205300955
96,0.001791762535102587
97,0.0018476314005089157
98,0.0018356614421961048
99,0.0017689590050294197
100,0.0018133766824990866
101,0.0018101260382874054
102,0.0018197042342666023
103,0.0017754613002575878
104,0.0017947163995472965
105,0.001812263876399378
106,0.0018205428702472957
107,0.0017754496675365533
108,0.0018413862615032466
109,0.0017762769818052083
110,0.0017784174511448155
111,0.0017799006682441608
112,0.0017993475074377764
113,0.0018039228908640539
114,0.0017830883600012072
115,0.001779358950526932
116,0.0017881499429467978
117,0.0018331967689999634
118,0.001803356424207533
119,0.0017862563738192745
120,0.0017785665255319924
121,0.001783189185367799
122,0.001788959099617133
123,0.0017917030941360834
124,0.0017983105813014102
125,0.0017950963476279999
126,0.0017870193778097467
127,0.001786692760501523
128,0.0018024480184365243
129,0.0017863271032556138
130,0.001845665547560249
131,0.0018213826364428135
132,0.0017892314223046473
133,0.0017980465027648644
134,0.0018554908107554803
135,0.0017933290836289173
136,0.0018000796404306046
137,0.0018069944511851122
138,0.0017995338310642659
139,0.0018143909058270203
140,0.0017877862998757713
141,0.0018117925812730891
142,0.001774756230575158
143,0.0017537631830086466
144,0.0018009782206806376
145,0.0017848675296626136
146,0.0017990652905582013
147,0.0018113648907055271
148,0.0017887985670809027
149,0.0017793589675160575
150,0.0019532696884684056
151,0.0017749544566480094
152,0.0017754458723670018
153,0.001807365415216618
154,0.001836617100297347
155,0.001818628303264774
156,0.001812587798185739
157,0.0018218898687654631
158,0.0017989572767952273
159,0.0017874210928496286
160,0.0017628317810021695
161,0.0018178398671052432
162,0.0018567950875269077
163,0.001774215439669124
164,0.0018074710079921713
165,0.0017835194515009479
166,0.0018401944712901697
167,0.0017969551368810666
168,0.001790633335161821
169,0.0017578162635736108
170,0.001791752445269953
171,0.0018110476022039285
172,0.0017600258936054825
173,0.0018020237198307085
174,0.0018294345301131279
175,0.001757452299144744
176,0.001843401430348259
177,0.001796713941368078
178,0.0018012749722172432
179,0.0018353238162263606
180,0.001780830248714489
181,0.001804890952174888
182,0.001798714157461115
183,0.001778770111691061
184,0.0017972931417060127
185,0.0017929966201388635
186,0.0018198955816602842
187,0.0017779920672637544
188,0.0017622758342260843
189,0.0018007861938592476
190,0.0017953402413299964
191,0.0018215076571897319
192,0.0018355344408341387
193,0.0017713189478186485
194,0.0017792069606079681
195,0.001813076776363741
196,0.001872462914772425
197,0.0017872549899653348
198,0.0017820092136811665
199,0.001849481748985115
200,0.0018094520780690176
201,0.0017749677872340424
202,0.0017802434648953663
203,0.0017672867305061556
204,0.0017859493108435276
205,0.0017774000319879387
206,0.0017933673493702488
207,0.001748777228909767
208,0.0018242303028922578
209,0.0018207770716563644
210,0.0018526646434494196
211,0.0018074346302873752
212,0.0018228309511889864
213,0.0017655638351074963
214,0.0018334461721263055
215,0.001806782803693266
216,0.0017875343767528786
217,0.0017933794805291045
218,0.0018660214333418165
219,0.0018410321466905187
220,0.0017792840647726867
221,0.00182128648902599
222,0.001801791420388529
223,0.0017860541830042064
224,0.001778280407343675
225,0.0017918782567738212
226,0.0017849419626134568
227,0.001784136389150431
228,0.0017786203167424232
229,0.0017929857803275038
230,0.0018389132495903878
231,0.0018435199604899572
232,0.0018256204591313328
233,0.0017934639249329758
234,0.001836649515859922
235,0.0018208975043863703
236,0.0018281949303039847
237,0.0018094294621896565
238,0.001776905805800294
239,0.0018214141705008196
240,0.001777501463939328
241,0.0018372633484162895
242,0.001770147365150385
243,0.0017802070911669512
244,0.0018344871162261195
245,0.0017703075943273966
246,0.0017868939064378622
247,0.0018238240216887237
248,0.0017763886397265923
249,0.001778324074731627
250,0.001784740047520366
251,0.0018213459844169488
252,0.0018132282197720385
253,0.001794865728107691
254,0.0018481800229304972
255,0.0018613894016103318
256,0.0017722144710254743
257,0.0017901494724999075
258,0.0017806613833059148
259,0.001833969767332106
260,0.0018811883248200684
261,0.0018221078676337263
262,0.0018158377813084926
263,0.0018038096730448917
264,0.0018220412628648865
265,0.0017951476894112275
266,0.0018425456814916731
267,0.0018066373556142956
268,0.0017943504591669398
269,0.0017714764039155075
270,0.0018729328380494552
271,0.001816798670397588
272,0.001843298652648574
273,0.0017987980908238147
274,0.001822429137756577
275,0.0018018579301632793
276,0.0018090145189556509
277,0.0018059898149532796
278,0.0017891105146745818
279,0.001791278386603227
280,0.0018908311908008696
281,0.001888384235093652
282,0.0018014890659541769
283,0.0018164165253294069
284,0.0018503057560871467
285,0.0018868741405246741
286,0.00176685189446885
287,0.001794948813122333
288,0.001809250212814268
289,0.0018379454794725657
290,0.0018269397453958885
291,0.0018276580335861322
292,0.001821978414297142
293,0.001812091260901163
294,0.0018390455689487211
295,0.0018697119560855354
296,0.00178142489761154
297,0.0018132985126559456
298,0.0018041491819729717
299,0.0018128924916351468
300,0.0018063379622686193
