1,0.0018069285826820467
2,0.001762431154489885
3,0.001813796769891716
4,0.001836775687433459
5,0.0018143073865761693
6,0.0017817125953918406
7,0.0018222149635301374
8,0.0017744920250438087
9,0.00181113867016381
10,0.0018198530557891786
11,0.0018063131645813255
12,0.0018291179597790797
13,0.0017783561566562802
14,0.0017861584357960058
15,0.001799021919522526
16,0.0017814288759877045
17,0.0018215060607751593
18,0.001820136636105324
19,0.001793777551768742
20,0.0017533960190636389
21,0.001851149967783505
22,0.0018178023852981173
23,0.0017988784004808395
24,0.0017597848029640441
25,0.0017836159707650173
26,0.001805433245912222
27,0.0017755287318793416
28,0.0019270754723610245
29,0.0017998684661192485
30,0.0018134693399804004
31,0.001769629578026922
32,0.0018183629151145276
33,0.001826823231639611
34,0.0017684660929994757
35,0.001772871434362662
36,0.0017619915235744436
37,0.0017723078319679937
38,0.00181611686986178
39,0.0018117878514110654
40,0.0017866149042282627
41,0.0017887371061713739
42,0.0018079424114970663
43,0.0018082344355647131
44,0.0017878097845214576
45,0.0018530368498457564
46,0.001890304064255556
47,0.001810961118672715
48,0.001852790265292699
49,0.0018087106933352183
50,0.0018327849744954534
51,0.0017849805444984112
52,0.001790453134674077
53,0.0017850644012082446
54,0.0017896016565806144
55,0.0017820415633720721
56,0.0017809459592018724
57,0.0018370334243131621
58,0.00180791325752149
59,0.001807605105172761
60,0.0019563271271778268
61,0.0018448266911551684
62,0.0018265843522679132
63,0.001787140646331058
64,0.0017943180751258739
65,0.0017648930156486042
66,0.0018283697216597405
67,0.0017630183636955104
68,0.0018076412256467298
69,0.0017822451383128356
70,0.0018051307193687033
71,0.001789953980080202
72,0.0017871057492288933
73,0.0017924975671561878
74,0.0017637824230662597
75,0.001798660725745394
76,0.001791523882312028
77,0.0017699802008061295
78,0.0018098940095285856
79,0.0017890833130373815
80,0.00178586745670336
81,0.0018013377763192436
82,0.0017993154408357387
83,0.0018346759566594468
84,0.0017946457117971905
85,0.0018736695074602853
86,0.0017782180795043881
87,0.0017683726212601584
88,0.0018237531590862314
89,0.0017694652036153295
90,0.0017928538470496855
91,0.0018022317934535928
92,0.0018177465766092474
93,0.0017941424712064114
94,0.0017876336919673127
95,0.0018547698639745354
96,0.0018009636879169758
97,0.0018296752056360705
98,0.001813213227882661
99,0.0017689371958911515
100,0.0017943203883149272
101,0.0018486173928568912
102,0.0018248916657680003
103,0.0018173806661704506
104,0.0017735586341724695
105,0.0018039697824437134
106,0.0017888589690128692
107,0.0017856524509426857
108,0.0018189082186247545
109,0.00183047419086883
110,0.0018116941170629509
111,0.0017906993947509374
112,0.0018383750741289848
113,0.0017627371569781968
114,0.0017793100759484425
115,0.001807931195062652
116,0.0017898012332386107
117,0.0018019718123949606
118,0.0017958644456749211
119,0.0017847875400108114
120,0.0018506726571053214
121,0.0018363417250702619
122,0.001779711461143062
123,0.0017961492731349226
124,0.001805202288272158
125,0.0018055792291100782
126,0.0018555686541118302
127,0.0018458084628252785
128,0.0018029092012459274
129,0.0017852988483931776
130,0.0018179355958542992
131,0.001799977482515949
132,0.0017866937023805181
133,0.0017777284763073372
134,0.0017755512904270828
135,0.001781849263368173
136,0.0017987633049670938
137,0.001794284915946468
138,0.0017777144887398879
139,0.0018044076534562215
140,0.0018111191323776843
141,0.001786310496425591
142,0.001813047485531471
143,0.0017842919840900132
144,0.0017958732284471732
145,0.001785987585739504
146,0.0017843965186494348
147,0.0017713571759568683
148,0.0018293531275922334
149,0.0017945308681613697
150,0.001794534744403121
151,0.0017923761429848083
152,0.0017782148721351453
153,0.0017615242266887507
154,0.001807669434536359
155,0.0018222142271009539
156,0.0017999501534536387
157,0.001772137460558829
158,0.0017790231828944537
159,0.0018394718113194175
160,0.001786269209070797
161,0.0018100139556784483
162,0.0018019054239559564
163,0.0017981749650800472
164,0.0018053508065536072
165,0.0018252950437420022
166,0.001819316075759737
167,0.001859584027869286
168,0.0018536752301230093
169,0.0018147367467092818
170,0.001852091087930979
171,0.0018014218592529642
172,0.0017869554660061371
173,0.0017768967178666258
174,0.00179031782381897
175,0.0017892356401355244
176,0.001767962697547684
177,0.001772164099244876
178,0.0018068107595382622
179,0.0017904984940440292
180,0.0018056765770490203
181,0.0017947788617110585
182,0.0017965307783655402
183,0.0017949767802000276
184,0.0018246925455620865
185,0.0018127905289386686
186,0.0018009867935343444
187,0.0017965550371645737
188,0.0017922403317146111
189,0.0017998005934293786
190,0.00177930206314437
191,0.001848487754820014
192,0.0017892440597997035
193,0.0017801380355954744
194,0.0017571249863574852
195,0.0017838721458773787
196,0.0018008518190933181
197,0.0018044069095458609
198,0.0018284771781810468
199,0.0018589603226153734
200,0.0017892439301372817
201,0.0017885897844350496
202,0.0017931107939434768
203,0.0017833155617597895
204,0.001816590006092753
205,0.0018154724479606224
206,0.0018011083552959613
207,0.001850846862317094
208,0.001813620429021859
209,0.0018450764427869882
210,0.0018342157419565547
211,0.0017862048851775788
212,0.0017907148709896887
213,0.0017711432231877838
214,0.0017943325382519324
215,0.0018413390524835602
216,0.0017760783197093555
217,0.001825733388593305
218,0.0018035319778557425
219,0.0017804989647774003
220,0.0018517055753697683
221,0.0018060981754953974
222,0.0018065368859556674
223,0.0017962722253626953
224,0.0017995096532170088
225,0.0018111413713239254
226,0.001806570359674455
227,0.0017955231070865922
228,0.001782861763650714
229,0.0018372213161431809
230,0.0017581589002429615
231,0.001747908075820325
232,0.0018222251893450622
233,0.0017806103823102407
234,0.001806145846621987
235,0.0017648798351491846
236,0.0017859373301256152
237,0.0018620373019208082
238,0.0018004882522655989
239,0.001778393597896708
240,0.0017917722856205338
241,0.0017610315789473685
242,0.0017901129981639486
243,0.001849496174646603
244,0.0018175820599558928
245,0.0017771595815873913
246,0.0017857762450371139
247,0.0018568022951709572
248,0.0018171648198754278
249,0.0017915377256640332
250,0.0017915222876609082
251,0.001776765990269866
252,0.0017817187797662002
253,0.0017938535500276055
254,0.0019333351880597704
255,0.001775018455488555
256,0.001792065299417592
257,0.001784083048291659
258,0.0017780541748254335
259,0.0018300295632780092
260,0.0017966002390009444
261,0.001799307721908671
262,0.0017774720193264176
263,0.0018144675010754565
264,0.0017834569981583796
265,0.0017947182778726885
266,0.0018280117978334172
267,0.0018070252424308305
268,0.0018162585832717285
269,0.001794821799462847
270,0.001788452218971276
271,0.0018044927327136823
272,0.0018148861047191517
273,0.0017989468936341255
274,0.0017808555363761902
275,0.0017975201794347814
276,0.001793813638838825
277,0.001802512016882184
278,0.001800412355878681
279,0.0017807076516911018
280,0.0018008694070732298
281,0.001774342701952464
282,0.0017853864931713086
283,0.0018235346102150538
284,0.0017721064128366512
285,0.0017725597620758145
286,0.001783819139455037
287,0.001922725586492371
288,0.001815120575289626
289,0.0018094250182189185
290,0.0018095994711764068
291,0.0018017529064063575
292,0.0017803924893822227
293,0.0018100807150322556
294,0.0017766405237053815
295,0.0017860074568284998
296,0.001844940963400151
297,0.0017936680831793647
298,0.001828083892913775
299,0.0017793905956827167
300,0.0017903111720616
