1,0.0028970872461928933
2,0.002878633739302173
3,0.0028853369812342116
4,0.002900018321054011
5,0.00288555986627133
6,0.0028768038681953267
7,0.002907767481316297
8,0.002889298789689726
9,0.0028965200483091784
10,0.002892834399831447
11,0.0028796609059296117
12,0.0029105205515057363
13,0.002893831769825919
14,0.0028982154529574753
15,0.0029169614838200474
16,0.002920832658676776
17,0.002879620931635793
18,0.0029055704182785295
19,0.0029178819853613908
20,0.0029292732493425475
21,0.0029594698728528635
22,0.002992399647800297
23,0.0033341373780068732
24,0.0033882455862839582
25,0.0034054856426266314
26,0.0034463102531790586
27,0.0034912953647769514
28,0.0035170918728298613
29,0.003544751485509891
30,0.003844957306608607
31,0.0038972930025940322
32,0.0039412549395243125
33,0.00398227969813797
34,0.004014062308900091
35,0.004044363580080754
36,0.004076792684745762
37,0.00427837888957488
38,0.004406775869150653
39,0.0044629342034990796
40,0.004505940426914153
41,0.004540966362264151
42,0.004574171252285192
43,0.004617037255836112
44,0.004662589923150815
45,0.004910841449363251
46,0.004983345939841905
47,0.005023168172707533
48,0.004899199502771437
49,0.004906652989707563
50,0.004910258428711577
51,0.004987935503923366
52,0.005123906595027392
53,0.005199300160324925
54,0.005236046211311991
55,0.005341741195867224
56,0.005389547385584788
57,0.005404352057693371
58,0.005449102855776198
59,0.005481108866204831
60,0.005561923518342637
61,0.005631070011954512
62,0.005684643182346108
63,0.005748117430547414
64,0.005733145548597104
65,0.00577271429971863
66,0.0058553989274438435
67,0.005915036017305612
68,0.005949335924736155
69,0.005972862120315581
70,0.006088197739065974
71,0.0060833166934673374
72,0.0061316594575519245
73,0.0061623080818310715
74,0.006266587626968004
75,0.0063078566228964815
76,0.006301758602819236
77,0.006413245829555757
78,0.0064651478056426325
79,0.006466957566418704
80,0.006480604626865671
81,0.006617778518963675
82,0.0066444541353887394
83,0.00662697565861093
84,0.006743010345206684
85,0.00689592122770919
86,0.006936169841976408
87,0.007058574440214957
88,0.007321338114178754
89,0.00736493632108589
90,0.00745935475572339
91,0.007556744370388001
92,0.007843733122989362
93,0.008054051107961866
94,0.010519987043418331
95,0.009249248769641269
96,0.009856295822704081
97,0.010663246191304347
98,0.011750111297798379
99,0.012876071141732283
100,0.01391379441881919
